0	1	0.99940827753461902727
0	5	0.00000000000000000000
0	36	0.00000000000000000000
0	-43	0.00000000000000000000
0	44	0.00000000000000000000
0	61	0.00000000000000000000
0	66	0.00000000000000000000
0	-67	0.00000000000000000000
0	71	0.00000000000000000000
0	-74	0.00000000000000000000
0	80	0.00395319264562703655
0	82	0.00000000000000000000
0	-89	0.00000000000031153290
0	90	0.07761946040702479011
0	-100	0.00000000000000000000
0	-101	0.00000000000000000000
0	106	0.00000000000000000000
0	114	0.00000000000000000000
0	124	0.00000000000014821835
0	129	0.00000000000000000000
0	-135	0.00000000000000000000
0	136	0.00000000000000000000
0	-142	0.00000000000000000000
0	-148	0.00000000000000000004
0	150	0.00000000000000000000
0	-152	0.00000000000000000000
0	-164	0.00000000000000000000
0	-175	0.20068842521890170594
0	176	0.00000000000000000000
0	184	0.00000000000000000000
0	-202	0.00000000000000000000
0	-204	0.00000000000000000000
0	210	0.00000000000000000000
0	213	0.00000000000000000000
0	-216	0.00000000000000000000
0	-219	0.00000000000000000000
0	220	0.00000000000000000000
0	-229	0.00000000000000000000
0	-252	0.00000000000000000000
0	253	0.00000000000000000000
0	259	0.00000000000116186690
0	-260	0.00000000000000000000
0	-261	0.00000000000000000000
0	261	0.32142459139822560088
0	-264	0.00000000000000000000
0	-265	0.00000000000000000000
0	-269	0.00000000000000000000
0	-311	0.00000000000000000000
0	-329	0.00000000000116074464
0	330	0.30997930603259821192
0	332	0.00000000000000000000
0	340	0.00000000000000000006
0	-344	0.00000000000000000000
0	345	0.00000000000000000000
0	360	0.00000000000000000000
0	-364	0.00000000000000000000
0	378	0.00000000000000000000
0	-407	0.00000000838823909845
0	408	0.09229133974091899284
0	413	0.00000000000000000000
0	-425	0.00000000000000000018
0	426	0.00000000000000000019
0	449	0.00000000000000000000
0	-464	0.00000000000000000001
0	465	0.00000000000000000001
0	468	0.00000000000000000000
0	-471	0.00000000000000000000
0	-475	0.32143465361763551291
0	476	0.05437390041111530431
0	484	0.00000000000000000000
0	485	0.00000000000000000000
0	488	0.00000000000000000000
0	501	0.00000000000000000000
0	505	0.00103349611322188159
0	-520	0.00000000000000000000
0	521	0.00000000000000000000
0	525	0.00000000000000000004
0	533	0.00000000000000000000
0	539	0.00000000000000000000
0	-552	0.00000000000000000000
0	-553	0.03479004082376206675
0	554	0.07435022853967804268
0	564	0.00318472404465605262
0	-580	0.00000000000000000000
0	580	0.00199275429858153559
0	-582	0.00000000000000000000
0	583	0.00000000000000000000
0	-589	0.00000000000000000000
0	590	0.00000000000000000000
0	595	0.00000000000000000000
0	-600	0.00000000000000000000
0	-604	0.15169004127464144616
0	605	0.00000000000000000000
0	-613	0.00000000000000000000
0	-632	0.00000000294209196350
0	-636	0.00000000000000000000
0	-657	0.18852650381992042128
0	658	0.03688557078843780063
0	-660	0.00000000000000000000
0	-664	0.00000000000000000000
0	667	0.00000000000000000000
0	-668	0.00000000000052988323
0	670	0.00000000000000000891
0	673	0.00000000000269030039
0	-677	0.00000000000000002979
0	-687	0.00000000000000000000
0	688	0.00000000000000000000
0	-703	0.00000000000000000000
0	-704	0.00000000000000000000
0	-710	0.42557711822607274810
0	711	0.26752486000165581759
0	-741	0.00000000000000000000
0	-742	0.00000000000000000000
0	743	0.00000000000000000000
0	751	0.00000000000000000000
0	-752	0.00000000000000000000
0	-761	0.12725150351993977371
0	762	0.00505051339294762796
0	-771	0.00000000000000000000
0	-774	0.00000000000000000000
0	775	0.00000000000000000000
0	-779	0.00000000000000000000
0	780	0.00000000000000000000
0	-781	0.00000000000000000000
0	794	0.00000000000000000000
0	803	0.00000000000000000000
0	-816	0.99974101653069513684
0	-817	0.00000000000000000000
0	817	0.00000000000031167428
0	-829	0.00000000000000000000
0	-831	0.00000000000951264238
0	841	0.00000000000000000000
0	-841	0.00000000000000000000
0	843	0.00000000000000000000
0	-845	0.00000000000000000000
0	-847	0.04961424142574815538
0	848	0.00000000000000000686
0	-869	0.00000000000000000000
0	872	0.00000000000000000000
0	-883	0.44280642678496345832
0	884	0.00000000000116095997
0	896	0.00000000000000000000
0	-908	0.00000000000000000004
0	910	0.00000000000000000000
0	931	0.00000000000000000000
0	-931	0.00000000000000000001
0	932	0.21316896131611048903
0	936	0.00000000000000000000
0	940	0.00000000000000000000
0	-944	0.00000000000000000000
0	952	0.00000000000890361561
0	-956	0.00000000000000000000
0	-965	0.00000000000000000000
0	-972	0.24180720728591309499
0	973	0.00000000000031134183
0	982	0.00000000026383159879
0	-1010	0.00000000000000000000
0	-1018	0.99979380064144018903
0	1019	0.00000000000000000000
0	-1019	0.00000000000000000000
0	1020	0.00000000000000000000
0	-1022	0.00000000000000000000
0	-1031	0.07196435103512609233
0	1046	0.00000000000000000000
0	-1048	0.00000000000000000000
0	-1051	0.19447618973817779042
0	1052	0.16807486526399573190
0	1060	0.00000000000677639109
0	-1061	0.00000000000000000000
0	-1080	0.00000000000000000005
0	1094	0.00000000000000000000
0	-1100	0.16412667470093203481
0	1101	0.00000000000000000000
0	1105	0.00000000000000000000
0	-1112	0.00000000000000000000
0	-1113	0.00000000000000000000
0	-1127	0.99979380064144018903
0	1128	0.00000000000000000001
0	-1139	0.00000000000000000000
0	1144	0.00000000000000000000
0	-1144	0.17397373328378315516
0	1145	0.00216726048087527261
0	1158	0.00000000000000000000
0	-1158	0.00000000000000000000
0	-1178	0.30485386523612767462
0	1179	0.99999908729385267314
0	-1191	0.00000000000239538429
0	-1217	0.00000000000000000000
0	-1222	0.00000000000000000000
0	-1232	0.00000000000000000000
0	-1233	0.27647081273757506681
1	2	1.00000000000000000000
-1	31	0.00000000000000000004
-1	261	0.00000000040041019252
-1	-657	0.00000394097132444588
-1	-674	0.00000106089096476132
-1	-1070	0.00002402085712636185
-1	-1097	0.00000000000000000003
2	3	1.00000000000000000000
3	4	1.00000000000000000000
4	5	0.99999999999999578115
5	6	0.99999999999999578115
5	14	0.00000000000000000000
6	7	1.00000000000000000000
7	8	1.00000000000000000000
8	9	0.99999999999999444888
8	-36	0.00000000000000000000
-9	37	0.00000000000000000000
9	10	1.00000000000000000000
10	11	1.00000000000000000000
11	12	1.00000000000000000000
12	13	0.99999999999999578115
13	14	0.99999999999999156231
13	20	0.00000000000000000000
-13	-17	0.00000000000000000000
14	-15	0.00000000000000000000
14	15	0.99999999999999844569
-15	16	0.00000000000000000000
15	16	0.99999999999999844569
16	-17	0.00000000000000000000
16	17	0.99999999999999844569
17	18	0.99999999999999333866
17	-21	0.00000000000000000000
-17	18	0.00000000000000000000
18	19	1.00000000000000000000
19	20	0.99999999999999578115
20	21	1.00000000000000000000
21	22	0.99999999999999211742
22	23	0.99999999999999911182
22	24	0.00000000000000000000
-22	25	0.00000000000000000000
-22	38	0.00000000000000000000
23	24	0.99999999999999911182
24	25	0.99999999999999367173
25	26	1.00000000000000000000
26	27	1.00000000000000000000
27	28	1.00000000000000000000
28	29	1.00000000000000000000
29	-30	0.00000000000000000000
29	30	0.99999999999114685956
-30	31	0.00000000000000000000
30	31	0.99999999999114042026
30	952	0.00000000000000000000
31	32	1.00000000000000000000
32	33	0.99999999999998667732
32	-34	0.00000000000000000000
33	34	0.99999999999999367173
-33	-609	0.00000000000000000000
-34	-640	0.00000000000000000000
34	35	0.99999999999998667732
35	36	0.99999999999998667732
35	309	0.00000000000000000000
-35	-123	0.00000000000000000000
36	37	0.99999999999999822364
37	38	0.99999999999999911182
38	39	0.99999999999999800160
38	40	0.00000000000000000000
39	40	0.99999999999999800160
39	747	0.00000000000000000000
-39	-746	0.00000000000000000000
40	41	0.99999999976345521624
40	46	0.00000000000000000000
40	300	0.00000000000000000000
-41	-50	0.00000000000000000000
-41	-297	0.00000000000000000000
41	42	0.99999999999998667732
41	261	0.00000000000000100427
42	43	0.99999999999999722444
42	-47	0.00000000000000000000
-42	-308	0.00000000000000000000
43	44	0.99999999999114486116
43	544	0.00000000000000000000
-43	48	0.00000000000000000000
-43	-71	0.00000000000000000000
-44	-60	0.00000000000000000000
44	-45	0.99999999953011287079
44	45	0.00000000005430260768
44	47	0.00000000000000000000
44	54	0.00000000000000000000
45	46	0.00000000000000000000
45	47	0.00000000000000013059
-45	46	0.00000000000000003320
-45	-46	0.00000000000000000992
-45	-47	0.00000000000000000000
-45	47	0.86740422034010211672
-45	-50	0.00000000000000000000
46	-47	0.99999999970175335040
46	47	0.00000000000000015433
-46	47	0.00000000000000001489
-46	48	0.99999922872453150813
-47	48	0.00000000000007901913
-47	51	0.00000000000000000000
47	48	0.00000000000000013668
48	49	0.99999999999999811262
48	50	0.00000000000000000000
-48	-51	0.00000000000000000000
-48	-612	0.00000000000000000000
49	50	0.99999999999999811262
50	51	0.99999999999998578915
51	52	0.99999999999998545608
51	-889	0.00000000000000000000
-51	537	0.00000000000000000000
52	53	0.99999999999998667732
52	316	0.00000000000000000000
-52	1003	0.00000000000000000000
-52	-1071	0.00000000000000000004
53	54	0.99999999999114153049
53	-66	0.00000000000000000000
-53	87	0.00000000000000000000
-54	63	0.00000000000000000000
54	55	0.99999999996176236472
54	-62	0.00000000000000000000
54	67	0.00000000000000000000
54	-79	0.00000000000035299228
-55	62	0.00000000000000000000
-55	67	0.00000000000000000000
55	56	0.99999999999999156231
55	-59	0.00000000000000000000
-56	60	0.00000000000000000000
56	57	0.99999999999999922284
56	221	0.00000000000000000000
57	-58	0.00000000000000000000
57	58	0.99999999999998734346
58	59	0.99999999999998645528
58	580	0.00000000000000007492
-58	674	0.00000000000000000000
59	60	0.99999999994433697026
-59	87	0.00000000000000000000
-60	546	0.00000000000000000000
60	61	0.99999999999999078515
60	-551	0.00000000000000000000
61	62	0.99999999999999800160
61	-89	0.00000000000000000000
62	63	0.99999999989355781160
62	-553	0.00000000001250988336
63	64	1.00000000000000000000
64	65	0.99999999999998157030
64	-66	0.00000000000000000000
-65	573	0.00000000000000000000
65	66	0.99999999999999578115
66	67	0.99999999999114486116
67	68	0.99999999999114486116
67	-70	0.00000000000000000000
68	69	0.99999999999999800160
68	70	0.00000000000000000000
-68	71	0.00000000000000000000
-68	75	0.00000000000000000000
69	70	0.99999999999999711342
69	107	0.00000000000000000000
-69	-106	0.00000000000000000000
-70	-430	0.00000000000000000000
70	71	0.99999999999998456790
70	-150	0.00000000000000000000
71	72	0.99999999999112476612
71	79	0.00000000000017510512
71	-87	0.00000000000000000000
-71	499	0.00000000000000000000
-72	-81	0.00000000000000000000
-72	88	0.00000000000000000000
72	73	0.99999999999998645528
72	-848	0.00000000000000000000
72	-1133	0.00000000000000000000
73	74	0.99999999999998667732
73	-75	0.00000000000000000000
-73	89	0.00000000000000000000
74	75	0.99999999999105437798
74	-76	0.00000000000000000000
-74	76	0.00000000000000000000
-75	-77	0.00000000000000000000
75	76	0.99999999986538190555
76	77	0.99999999999998911981
76	78	0.00000000000000000000
76	89	0.00000000000000000000
77	78	0.99999999905012748602
77	-89	0.00000000000000000000
77	664	0.00000000000000000001
77	-694	0.00000000000000000000
-77	664	0.00000000000000000000
-77	-1106	0.00000000000000000000
78	79	0.00000022973795742882
78	80	0.00000001287521993037
78	-89	0.99999810247466713875
78	-117	0.00000000000000000000
78	-663	0.00000000000000000003
-78	-88	0.00000000000000000000
-78	-89	0.00000000000000000003
-78	-663	0.00000000000000000001
-79	205	0.00000000000000012719
-79	404	0.00000000000104217180
-79	-536	0.00000000000000002107
-79	983	0.01959684019342492270
-79	-1070	0.13088821586979124123
79	80	0.05146563958371250247
79	-89	0.00000001723040710533
79	375	0.00000000000189428179
79	387	0.00000000000567714370
79	392	0.00000000000000054125
79	-394	0.00000000000000065178
79	404	0.00000000000000116641
79	-406	0.00000000000000355158
79	-1144	0.00733592898623430367
80	81	0.99999999991998167470
80	672	0.00000000000000000000
80	675	0.00000000000000000006
-80	81	0.00000000000000055242
-80	408	0.00783085870042725743
-80	658	0.00481262683812416856
-80	-972	0.02337185569563080337
-81	-666	0.00000000000000000000
81	82	0.99999999999114586036
-82	87	0.00000000000000000000
82	-83	0.00000000000000000000
82	83	0.99999999999998734346
-83	84	0.00000000000000000000
83	84	0.99999999976345532726
83	-673	0.00000000000000000001
-84	-494	0.00000000000000009023
84	85	0.99999999999999844569
84	-672	0.00000000000000000000
85	86	0.99999999999999156231
85	-87	0.00000000000000000000
-85	674	0.00000000000000000000
-86	88	0.00000000000000000000
86	87	0.99999999713127074585
86	658	0.00000000049510068933
86	675	0.00000000054423585857
86	-1147	0.00000000000000000007
86	-1151	0.00000000000000000000
87	88	0.99999999999988453681
88	89	0.99999999999998645528
89	105	0.00000000000000000000
89	-973	0.00000000000000000000
-90	96	0.00000000001314536394
-90	-528	0.00000000000000049351
-90	554	0.31051849419080090886
-90	555	0.00000000000000000002
90	91	1.00000000000000000000
91	92	0.99999999999999911182
91	93	0.00000000000000000000
92	93	0.99999999999999755751
92	-640	0.00000000000000000000
93	94	1.00000000000000000000
-93	641	0.00000000000000000000
94	95	1.00000000000000000000
95	-96	0.00000000000000000004
95	96	0.99999999943248596423
96	97	0.99999999943248596423
96	-99	0.00000000000000000000
-96	97	0.00000000000000000004
97	98	0.99999999999999578115
98	99	1.00000000000000000000
-98	101	0.00000000000000000000
99	100	0.99999999999999278355
100	101	0.99999999999999156231
-100	1103	0.00000000000000000000
101	102	0.99999999999999822364
-102	-552	0.00000000000000000000
102	103	0.99999999999999689138
102	-107	0.00000000000000000000
102	1159	0.00000000000000000000
-103	108	0.00000000000000000000
-103	1023	0.00000000000000000000
103	104	0.99999999999114685956
103	-104	0.00000000000000000000
-104	105	0.00000000000000000000
104	105	0.99999999999114597138
105	106	0.99999999999999844569
105	111	0.00000000000000000000
106	107	0.99999999999999711342
106	1105	0.00000000000000000000
107	108	0.99999999999999444888
107	-120	0.00000000000000000000
-108	121	0.00000000000000000000
108	109	1.00000000000000000000
109	110	0.99999999999999800160
109	-1045	0.00000000000000000000
110	-111	0.00000000000000000000
110	111	0.99999999999998612221
110	113	0.00000000000000000000
-110	1045	0.00000000000000000000
111	112	0.99999999999988931076
111	-112	0.00000000000000000000
-111	112	0.00000000000000000000
-112	113	0.00000000000000000000
112	113	0.99999999999999078515
113	114	0.99999999983649745516
113	-657	0.00000000000868817260
113	1020	0.00000000000000000000
113	-1107	0.00000000000000000000
-114	132	0.00000000000000000000
-114	399	0.00000000000000000000
114	-115	0.00000000000000000000
114	115	0.99999999999999844569
115	116	0.99999999999997468692
-115	116	0.00000000000000000000
116	117	1.00000000000000000000
-116	298	0.00000000000000000000
117	118	0.99999999999998512301
117	-504	0.00000000000000027160
-118	227	0.00000000000000028510
-118	-1104	0.00000000000000000000
118	119	0.99999999999999811262
118	697	0.00000000000000000000
119	120	0.99999999999998578915
119	-120	0.00000000000000000000
119	1104	0.00000000000000000000
120	121	0.99999999999994404476
120	-1102	0.00000000000000000000
-120	121	0.00000000000000000000
-121	-578	0.00000000000000000000
121	122	0.99999999999114586036
121	-122	0.00000000000000000000
121	123	0.00000000000000000000
122	123	0.99999999999114597138
-122	123	0.00000000000000000000
123	124	0.00000000000000024728
123	-135	0.99999999929765126527
-124	127	0.00000000000000000000
-124	132	0.99999790922055820097
-124	133	0.00000000000000000000
124	125	0.99999999999998667732
124	-892	0.00000000000000000000
-125	146	0.00000000000000000000
125	126	0.99999999999999911182
-126	885	0.00000000000000000000
126	127	0.99999999999998734346
126	-263	0.00000000000000000000
127	128	0.99999999999998845368
127	156	0.00000000000000000000
127	842	0.00000000000000000000
128	129	0.99999999999999922284
-128	1057	0.00000000000000000001
129	130	0.99999999999997468692
129	-188	0.00000000000000000000
130	131	0.99999999999999833467
130	-454	0.00000000000000000000
-130	-451	0.00000000000000000000
-130	-454	0.00000000000000000000
-131	338	0.00000000000000000000
131	132	0.00000107804790599582
131	133	0.00000000000000000003
131	277	0.00000000000000000040
131	-686	0.00000000000000000024
131	793	0.00000000000000000004
131	-847	0.00025336596211408564
131	864	0.00000000000000047534
131	-864	0.00000000000000000028
132	133	0.99999999999999644729
-132	134	0.00000000000000000000
-133	839	0.00000000000000000000
133	134	0.99999999999999367173
134	135	0.99999999999998523403
134	-629	0.00000000000000000000
134	1102	0.00000000000000000000
134	-1108	0.00000000000000000000
135	136	0.00000000000000000000
135	-149	0.00000000000000000000
135	261	0.00000000000874804767
135	-657	0.00000000000878383406
-135	151	0.00000000000000000000
-135	-668	0.00000000000000000000
136	137	0.99999999999999800160
136	138	0.00000000000000000000
-136	149	0.99999999999999755751
137	138	0.99999999999999800160
137	-1230	0.00000000000000000000
-137	1231	0.00000000000000000000
138	139	0.99999999999999922284
138	140	0.00000000000000000000
139	140	0.99999999999999755751
139	-223	0.00000000000000000000
140	141	0.99999999996542920933
140	146	0.00000000000000000000
140	-147	0.00000000000000000000
140	148	0.00000000000071040073
-140	142	0.00000000000000000000
-141	148	0.00000000000000035868
141	142	0.99999999945205020335
141	-143	0.00000000000000000000
141	-144	0.00000000000000000000
141	223	0.00000000000000000000
-142	-531	0.00000000000000000008
-142	1043	0.00000000000000000000
-142	-1045	0.00000000000000000000
142	143	0.99999999999999844569
-143	-1045	0.00000000000000000000
143	144	0.99999999999999844569
143	145	0.00000000000000000000
144	145	0.99999999999110456006
144	155	0.00000000000000000000
145	146	0.99999999999988142818
145	148	0.00000000000000309533
145	-1038	0.00000000000000000000
-145	-154	0.00000000000000000000
-145	374	0.00000000000000000000
146	147	0.99999999999999833467
146	-148	0.00000000000000000000
146	255	0.00000000000000000000
147	148	0.00000000005983120377
147	-148	0.99999999959284602280
147	886	0.00000000000000000000
-148	438	0.00000000000551806127
-148	-886	0.00001852653368262688
-148	914	0.00000000000019191222
-148	1009	0.00000000000000057384
148	149	0.00000000000000000000
148	-173	0.00000000000000000000
149	150	0.99999999999999800160
150	151	0.99999999999998834266
151	152	1.00000000000000000000
152	153	0.99999999999998834266
153	154	1.00000000000000000000
-153	-644	0.00000000000000000000
154	155	0.99999999999114708160
155	156	0.99999999999998678835
155	-733	0.00000000000000000000
156	157	0.99999999999999822364
156	-159	0.00000000000000000000
-156	-842	0.00000000000000000000
-157	160	0.00000000000000000000
157	158	0.99999999999999278355
157	159	0.00000000000000000000
158	159	0.99999999999999911182
-158	-159	0.00000000000000000000
159	160	0.99999999999997146727
160	161	0.99999999999999278355
-161	251	0.00000000000000000000
-161	579	0.00000000000000000000
161	162	0.99999999999999922284
161	-170	0.00000000000000000000
162	163	1.00000000000000000000
163	164	0.99999999999999367173
-164	-579	0.00000000000000103110
164	165	0.99999999999999578115
165	166	0.99999999999999722444
165	-167	0.00000000000000000000
166	167	0.99999999999999822364
166	-1144	0.00000000000000004266
167	168	0.99999999999999844569
-167	168	0.00000000000000000000
168	169	1.00000000000000000000
169	170	1.00000000000000000000
170	171	0.99999999999999922284
171	172	1.00000000000000000000
172	173	0.99999999999999911182
172	1143	0.00000000000000000000
173	174	0.99999999999999911182
174	175	1.00000000000000000000
175	224	0.00456690294533677443
175	366	0.00000000000000079354
175	848	0.00000000014826466415
175	-1146	0.01429324960378282675
176	-177	0.00000000000000000000
176	177	0.99999999999114574933
-176	-212	0.99999999996542665581
177	178	0.99999999999114552729
-177	178	0.00000000000000000000
178	179	1.00000000000000000000
179	180	0.99999999999996469491
179	-196	0.00000000000000000000
180	181	1.00000000000000000000
-180	197	0.00000000000000000000
181	182	0.99999999999999500400
181	-207	0.00000000000000000000
182	183	0.99999999999999911182
-182	-203	0.00000000000000000000
-183	627	0.00000000000000000008
183	184	0.99999999999998490097
183	-186	0.00000000000000000000
183	-216	0.00000000000000000000
183	-372	0.00000000000000000000
184	185	0.00000009550927087744
184	228	0.99999784523124457536
-184	668	0.00000000000000000000
-185	224	0.40110447029407758635
-185	227	0.26626657371239820238
-185	-667	0.00000000000000000012
185	186	0.99999999883391288424
185	198	0.00000000000000000003
185	-225	0.00000000000000000000
185	-629	0.00000000000000000000
-186	-224	0.00000000000000000000
-186	225	0.00000000000000000000
-186	226	0.00000000000000000000
-186	227	0.00000000005998009341
-186	-788	0.00000000000000000000
186	187	0.00000000000000000000
186	211	0.00000000000000000000
186	-228	0.99999999999998445688
187	188	0.99999999999998667732
187	-678	0.00000000000000000000
-187	209	0.00000000000000000000
-187	229	0.99999999936075589790
-187	-901	0.00000000000000000000
-188	432	0.00000000000000000000
188	189	0.99999999999998834266
189	190	0.99999999999999800160
189	191	0.00000000000000000000
-189	687	0.00000000000000000000
190	191	0.99999999999999733546
190	-515	0.00000000000000000000
-190	516	0.00000000000000000000
-191	-859	0.00000000000000000000
191	192	0.99999999999998667732
191	-210	0.00000000000000000000
-192	196	0.00000000000000000000
192	193	0.99999999999999844569
192	-201	0.00000000000000000000
193	194	0.99999999999999156231
193	-202	0.00000000000000000000
193	-211	0.00000000000000000000
-193	201	0.00000000000000000000
194	195	0.99999999999999800160
194	257	0.00000000000000000000
-194	-199	0.00000000000000000000
-195	-256	0.00000000000000000000
195	196	0.99999999999998667732
195	205	0.00000000000000000000
196	197	0.99999999935149186392
196	-197	0.00000000000000000000
196	231	0.00000000000000000000
197	198	0.99999999991998700377
-197	628	0.00000000000000000000
198	-199	0.00000000000000000000
198	199	0.99999999999998567812
198	-223	0.00000000000000000000
-199	203	0.00000000000000000000
-199	-323	0.00000000000000000000
199	-200	0.00000000000000000000
199	200	0.99999999999114175253
199	-259	0.00000000000000000000
200	201	0.99999999999999844569
-200	202	0.00000000000000000000
-200	229	0.00000000000000000000
-200	260	0.00000000000000000000
201	202	0.99999999999999844569
202	203	0.99999999990512467019
202	-203	0.00000000000000000000
202	-1110	0.00000000000000000047
-203	204	0.00000000000000000000
-203	-1070	0.00000000000000006020
203	204	0.99999999990513899206
204	205	0.99999999999998456790
204	-230	0.00000000000000000000
205	206	0.99999999999998645528
205	255	0.00000000000000000001
206	207	0.99999999999999833467
206	208	0.00000000000000000000
-206	210	0.00000000000000000000
-206	1102	0.00000000000000000000
207	208	0.99999999999999844569
-207	824	0.00000000000000000000
208	209	0.99999999936077077489
208	229	0.00000000000000000027
208	-627	0.00000000000000000000
209	210	0.99999999977088638303
209	-226	0.00000000000000000000
209	586	0.00000000000000000000
209	-689	0.00000000000000026477
-209	210	0.00000000000000000000
-210	860	0.00000000000000000000
210	211	0.99999999999998667732
211	212	0.99999999999998645528
212	213	0.00000000000000000000
212	983	0.00000000000000029897
212	-1028	0.00000000000000000000
212	-1031	0.00000000000210771915
-212	224	0.00000000000000000017
-212	549	0.00000000000000000000
-213	217	0.00000000000000000000
-213	1128	0.99999999982489140571
213	214	1.00000000000000000000
214	215	1.00000000000000000000
215	216	1.00000000000000000000
216	217	0.99999999999999666933
217	218	0.99999999999999367173
-217	-1139	0.00000000000000000000
218	219	0.99999999999999367173
-218	219	0.00000000000000000000
219	220	0.99999999997710076194
220	221	0.99999999999114264071
220	-221	0.00000000000000000000
221	222	0.99999999999114685956
-221	222	0.00000000000000000000
-221	-915	0.00000000000000000000
222	223	0.99999999999999922284
223	224	0.00000014005434283675
223	259	0.99999784347793607697
-224	225	0.00000000000000001244
-224	-230	0.00000000000000003248
-224	550	0.00000000000000002283
224	225	0.99999999999998534506
224	660	0.00000000000000000000
225	-226	0.00000000000000000000
225	226	0.99999999999999622524
226	227	0.00000016884761845177
226	-227	0.99999784412025682911
-226	789	0.00000000000000000000
227	228	0.00000000000116131761
228	229	0.00000000000000000000
228	-677	0.00000000000000000000
229	230	0.99999999999999578115
230	231	0.99999999999998645528
-231	-255	0.00000000000000000000
-231	-260	0.00000000000000000000
-231	-604	0.00000000000000013286
231	232	1.00000000000000000000
232	233	0.99999999999999800160
232	234	0.00000000000000000000
-233	344	0.00000000000000000000
233	234	0.99999999999999800160
233	-343	0.00000000000000000000
234	235	1.00000000000000000000
235	236	0.99999999999998667732
235	913	0.00000000000000000001
236	237	1.00000000000000000000
-236	-252	0.00000000000000000000
237	238	0.99999999999998667732
237	-587	0.00000000000000000000
238	239	0.99999999999999811262
238	759	0.00000000000000000000
-238	830	0.00000000000000000000
239	240	0.99999999999999911182
240	241	1.00000000000000000000
-240	711	0.00000000000000008213
241	242	0.99999999999999911182
242	243	0.99999999999999822364
242	260	0.00000000000000000000
-242	-977	0.00000000000000000000
-243	244	0.00000000000000000000
243	244	0.99999999999999278355
-244	-1187	0.00000000000000000000
244	245	1.00000000000000000000
245	246	0.99999999999999367173
245	952	0.00000000000000000004
246	247	0.99999999999998678835
246	-323	0.00000000000000000000
247	248	0.99999999999999844569
247	-250	0.00000000000000000000
-247	250	0.00000000000000000000
-247	251	0.00000000000000000000
-248	253	0.00000000000000000000
248	249	1.00000000000000000000
249	250	0.99999999999999822364
249	253	0.00000000000000000000
250	251	0.99999999999999766853
251	252	0.99999999999999367173
-252	289	0.00000000000000000000
252	253	0.99999999999112521021
253	254	0.99999999999999367173
253	-626	0.00000000000000000081
254	255	0.99998507706081030122
254	-256	0.00000000000000026983
254	259	0.00000000000000033654
254	310	0.00000000000000000001
255	256	0.99999999999999922284
-255	257	0.00000000000000026983
-255	1147	0.00000000002068367161
256	257	0.99999999987939536261
257	258	0.99999999999999800160
257	440	0.00000000000000000000
-257	-258	0.00000000000000000000
-258	-440	0.00000000000000000000
258	259	0.00000000000000000000
258	-260	0.99999999999999156231
259	260	0.99999999999114463911
259	-604	0.00000000000000008342
-261	-658	0.00000000000000011380
261	262	0.99999999999996425082
261	263	0.00000000000000000000
261	-816	0.00000000000000000026
262	263	0.99999999999998145928
262	-271	0.00000000000000000000
-262	-1159	0.00000000000000000000
263	264	0.99999999999998234745
264	265	0.00000000000000000000
264	267	0.00000000000000000000
264	-269	0.99999999999999134026
265	266	0.99999999999999489297
-265	270	0.99999999999999766853
-266	270	0.00000000000000000000
266	267	0.99999999999999822364
266	-269	0.00000000000000000000
267	268	1.00000000000000000000
268	269	1.00000000000000000000
269	270	0.00000000000000000000
270	271	1.00000000000000000000
271	272	0.99999999999999367173
272	-273	0.00000000000000000000
272	273	0.99999999999999844569
-273	274	0.00000000000000000000
273	274	0.99999999999999844569
274	275	0.99999999999999844569
274	276	0.00000000000000000000
275	276	0.99999999999999844569
275	513	0.00000000000000000000
-275	-512	0.00000000000000000000
276	277	0.99999999999999367173
277	278	0.99999999999999844569
277	-278	0.00000000000000000000
278	279	0.99999999999999844569
-278	279	0.00000000000000000000
279	-280	0.00000000000000000000
279	280	0.99999999999114685956
-280	281	0.00000000000000000000
280	281	0.99999999999114685956
281	282	0.99999999999999822364
281	-295	0.00000000000000000000
-282	296	0.00000000000000000000
282	283	0.99999999999999356071
282	-288	0.00000000000000000000
282	-295	0.00000000000000000000
282	-570	0.00000000000000000002
-283	289	0.00000000000000000000
-283	296	0.00000000000000000000
283	284	0.99999999995244970297
283	-570	0.00000000000000040995
284	285	0.99999999999999911182
-284	285	0.00000000000000000000
-284	-559	0.00000000000000026933
285	286	0.99999999999999578115
286	287	1.00000000000000000000
-286	308	0.00000000000000000000
287	288	0.99999999999999777955
287	-288	0.00000000000000000000
287	289	0.00000000000000000000
288	289	0.99999999991452670489
289	290	0.99999999999999367173
-289	292	0.00000000000000000000
-290	361	0.00000000000000000000
290	291	0.99999999999999367173
290	698	0.00000000000000000000
291	292	0.99999999999999289457
291	-297	0.00000000000000000000
292	293	1.00000000000000000000
293	294	0.99999999999999533706
293	-295	0.00000000000000000000
293	-296	0.00000000000000000000
293	388	0.00000000000000000000
294	295	0.99999999860139565655
294	296	0.00000000000000000000
294	-296	0.00000000000000000003
294	954	0.00000000000000000000
-294	295	0.00000000000000000000
-294	-388	0.00000000000000000000
-295	296	0.00000000000000000000
-295	297	0.00000000000000000003
-295	-953	0.00000000000000000000
295	296	0.99999999999999367173
296	297	0.99999999987940613178
297	298	0.99999999976345121944
298	299	1.00000000000000000000
-298	-489	0.00000000000000000000
299	300	0.99999999999998667732
299	-309	0.00000000000000000000
300	-301	0.00000000000000000000
300	301	0.99999999999998734346
301	302	0.99999999999998723244
-301	956	0.00000000000000000000
302	303	0.99999999999999622524
302	-307	0.00000000000000000000
303	304	0.99999999999999800160
303	-304	0.00000000000000000000
-303	308	0.00000000000000000000
-304	305	0.00000000000000000000
304	305	0.99999999999999800160
305	306	0.99999999999999911182
305	307	0.00000000000000000000
306	307	0.99999999999999911182
307	308	0.99999999993086885475
307	312	0.00000000000000000000
308	309	0.99999999999998667732
309	310	0.99999999999998667732
310	311	0.99999999999999822364
311	312	0.99999999999999156231
-311	-1039	0.00000000000000000000
-311	1196	0.00000000000000000000
312	313	0.99999999999998667732
312	-831	0.00000000000000000004
313	-314	0.00000000000000000000
313	314	0.99999999999998734346
-313	-1066	0.00000000000000000000
314	315	0.99999999999998734346
-314	315	0.00000000000000000000
315	316	0.99999999999998678835
315	957	0.00000000000000000000
315	-1163	0.00000000000000000000
316	317	1.00000000000000000000
317	318	0.99999999999999078515
317	-318	0.00000000000000000000
-318	319	0.00000000000000000000
-318	1227	0.00000000000000000000
318	319	0.99999999910888170973
318	-320	0.00000000000000000000
-319	321	0.00000000000000000000
-319	564	0.00000000000348790403
319	320	0.99999999999999578115
319	-565	0.00000000000000000000
320	321	0.99999999999996469491
321	322	1.00000000000000000000
322	323	1.00000000000000000000
323	324	0.99999999804528649783
324	325	1.00000000000000000000
-324	564	0.00000000072230475902
325	326	0.99999999999999922284
326	327	0.99999999935976258136
326	703	0.00000000000000000000
-326	-816	0.00000000000000000007
327	328	0.99999999999999800160
327	851	0.00000000000000000000
-327	569	0.00000000000000000003
328	329	1.00000000000000000000
-328	-851	0.00000000000000000000
329	-563	0.99999784521395196357
330	331	0.99999999999999711342
330	332	0.00000000000000000000
-330	-338	0.00000000000000010610
-330	-364	0.00000000000000026660
-330	-457	0.00000000000000006084
-330	-847	0.00420172523143020477
-330	-1051	0.00107148882378719406
331	332	0.99999999999999622524
331	465	0.00000000000000000000
331	-748	0.00000000000000000000
-331	341	0.00000000000000000000
-331	749	0.00000000000000000000
332	333	1.00000000000000000000
333	334	1.00000000000000000000
334	335	1.00000000000000000000
335	336	1.00000000000000000000
336	337	1.00000000000000000000
337	338	0.99999999999999844569
338	339	0.99999999999999911182
-338	498	0.00000000000000000000
339	340	0.99999999942343242854
339	341	0.00000000000000000000
339	-631	0.00000000000000000001
340	341	0.99999999999998512301
340	-353	0.00000000000000000000
340	392	0.00000000000000000000
-340	-590	0.00000000000000000000
-340	594	0.00000000000000000000
-341	-407	0.00000000000000000017
341	342	0.99999999999999822364
341	-364	0.00000000000000000000
-342	365	0.00000000000000000000
342	343	1.00000000000000000000
343	344	0.99999999999999800160
344	345	0.99999999999999822364
345	346	0.99999999999999844569
345	347	0.00000000000000000000
346	347	0.99999999999999844569
346	348	0.00000000000000000000
-346	-347	0.00000000000000000000
347	348	0.99999999999999844569
348	349	0.99999999999999367173
348	-357	0.00000000000000000000
349	350	1.00000000000000000000
350	351	1.00000000000000000000
351	352	1.00000000000000000000
352	353	0.99999999999999922284
352	-360	0.00000000000000000000
353	354	0.99999999999997224442
-354	-614	0.00000000000000000000
354	355	1.00000000000000000000
355	356	0.99999999984736487324
355	-374	0.00000000000000000000
355	-400	0.00000000000000000000
-356	401	0.00000000000000000000
356	357	1.00000000000000000000
357	358	0.99999999999998234745
358	359	1.00000000000000000000
359	360	0.99999999999999578115
360	361	0.99999999999998656630
360	-585	0.00000000000000000000
361	362	0.99999999999999822364
361	-981	0.00000000000000000000
-362	982	0.00000000000000000000
362	-363	0.00000000000000000000
362	363	0.99999999999999844569
-363	364	0.00000000000000000000
363	364	0.99999999999999844569
364	365	0.99999999999998445688
364	-381	0.00000000000000000000
365	366	0.99999999999998667732
365	-475	0.00000000000000100429
-365	-935	0.00000000000000000000
-365	-1094	0.00000000000000000000
366	367	0.00000000000000000000
366	-367	0.99999999999881528101
366	368	0.00000000000000000000
-367	368	0.99999999999816235885
367	368	0.00000000000000000000
368	369	0.99999999999999367173
368	-375	0.00000000000000000000
369	370	0.99999999999999822364
369	-370	0.00000000000000000000
370	371	0.99999999999999822364
-370	1043	0.00000000000000000000
-371	-1059	0.00000000000000000001
371	372	1.00000000000000000000
372	373	0.99999999999999367173
373	374	0.99999999999998590017
373	-1024	0.00000000000000000000
-374	376	0.00000000000000000000
374	375	0.99999999994571697748
374	407	0.00000000000000000001
375	376	0.99999999927658511645
375	387	0.00000000000000000001
-376	-386	0.00000000000000000001
-376	-390	0.00000000000000000000
-376	-678	0.00000000000000000000
376	377	0.99999999999999922284
376	382	0.00000000000000000000
377	378	0.99999999999999578115
378	379	0.99999999895808644457
378	-379	0.00000000000000000027
378	380	0.00000000000000000000
378	-610	0.00000000000000000000
379	380	0.99999999895809543737
-379	380	0.00000000000000000027
380	381	0.99999999999998734346
380	-603	0.00000000000000000000
381	382	0.99999999999999622524
381	-942	0.00000000000000000000
-381	821	0.00000000000000000000
382	383	0.99999999999999067413
382	-383	0.00000000000000000000
382	-626	0.00000000000000000004
-382	942	0.00000000000000000000
383	384	0.99999999435118702706
383	-391	0.00000000000000000131
-383	384	0.00000000000000000000
384	385	0.99999999999114685956
384	397	0.00000000000000000000
-384	392	0.00000000000000000131
385	386	0.99999999936077998974
385	393	0.00000000000000000000
385	403	0.00000000000000000001
-385	-396	0.00000000000000000000
-386	-402	0.00000000000000000034
386	387	0.99999999976344933206
386	617	0.00000000000000009801
-387	875	0.00000000000000000000
387	388	0.99999999999999622524
387	389	0.00000000000000000000
387	403	0.00000000000000000000
388	389	0.99999999999999800160
-388	-397	0.00000000000000000000
389	390	1.00000000000000000000
390	391	0.99999999999998667732
391	392	0.99999999895808167061
-391	1025	0.00000000000000000000
392	393	0.99999999999999367173
393	394	0.99999999999999289457
393	-400	0.00000000000000000000
393	730	0.00000000000000000000
394	395	0.99999999999998667732
395	396	0.99999999999114586036
395	-476	0.00000000000000000000
-395	-407	0.00000000000000000022
-396	401	0.00000000000000000000
-396	477	0.00000000000000000000
396	397	0.99999999999114685956
397	398	0.99999999999999733546
397	-399	0.00000000000000000000
398	399	0.99999999999999822364
398	430	0.00000000000000000000
-398	932	0.00000000000000004678
399	400	0.99999999999998678835
399	932	0.00000000000000016132
400	401	0.99999999999998345768
400	626	0.00000000000000000000
400	-626	0.00000000000000000019
-400	401	0.00000000000000000000
401	402	0.99999999999114685956
401	-403	0.00000000000000000000
-402	403	0.00000000000000000000
402	403	0.99999999917713799924
402	-404	0.00000000000000000000
403	404	0.99999980196129667487
403	-406	0.00000000000000000000
403	406	0.00000000000000000000
403	-407	0.00000000000000114914
403	407	0.00000000000000000000
403	580	0.00000000000822779473
404	405	0.99999999999114552729
-404	407	0.00000000000027726395
405	406	0.99999999999998445688
-405	476	0.00000000000040660488
406	-407	0.00000000082151613374
406	407	0.99999859616218866876
407	1052	0.00000000749834964655
-407	580	0.00000000000000362820
-407	-616	0.00000000000000072959
-408	411	0.00000000000000018766
-408	419	0.00000000000000281002
-408	423	0.00000000001674409305
-408	-424	0.00000000000188351402
-408	426	0.00000000001884468708
-408	580	0.01356558770755202960
408	409	1.00000000000000000000
409	410	1.00000000000000000000
410	411	0.99999999999999789058
410	591	0.00000000000000000000
411	412	1.00000000000000000000
412	413	0.99999999999999578115
413	414	1.00000000000000000000
414	415	0.99999999999999811262
415	416	1.00000000000000000000
-415	423	0.00000000000000000000
416	417	1.00000000000000000000
417	418	0.99999999999999578115
417	-425	0.00000000000000000000
418	419	0.99999999999992217337
418	-629	0.00000000000000000030
419	420	0.99999999999114685956
419	-420	0.00000000000000000000
-419	428	0.00000000000000000000
-420	421	0.00000000000000000000
420	421	0.99999999999114153049
420	-421	0.00000000000000000000
420	633	0.00000000000000000000
420	-1051	0.00000000000000004130
421	422	0.99999999999999755751
421	538	0.00000000000000000000
-421	422	0.00000000000000000000
422	423	0.99999999918778215147
422	425	0.00000000000000000003
423	424	0.99999999999999888978
423	425	0.00000000000000000000
424	425	0.99999999991998200777
425	426	0.99999999516351456563
425	-426	0.00000000000000000000
425	493	0.00000000000000000000
426	427	0.99999999999999822364
-426	427	0.00000000000000000000
-426	-428	0.00000000000000000003
-426	-433	0.00000000000000000000
427	428	0.99999999999999156231
427	429	0.00000000000000000000
428	429	0.99999999994433941275
429	430	0.99999999999999822364
429	1062	0.00000000000000000000
430	-431	0.00000000000000000000
430	431	0.99999999999998656630
431	432	0.99999999976345543828
431	1140	0.00000000000000000000
-431	432	0.00000000000000000000
432	433	0.99999999999998734346
432	-689	0.00000000000000000003
433	434	0.99999999999999822364
-433	445	0.00000000000000000000
434	435	0.99999999959789176440
434	-441	0.00000000000000000001
434	-570	0.00000000000000000000
-434	-589	0.00000000000000000000
-435	442	0.00000000000000000001
-435	-475	0.00000000001895285292
-435	-559	0.00000000000000000000
435	436	1.00000000000000000000
436	437	1.00000000000000000000
437	438	0.99999999976345543828
437	-664	0.00000000000000000000
437	894	0.00000000000000000000
438	439	0.99999999999999200639
438	901	0.00000000000000000000
-438	903	0.00000000000000000000
-439	452	0.00000000000000000000
-439	-604	0.00000000000000010159
439	440	0.99999999999999800160
439	441	0.00000000000000000000
440	441	0.99999999999999800160
441	442	0.99999999976343700858
441	-444	0.00000000000000000000
442	-443	0.00000000000000000000
442	443	0.99999999999999078515
442	444	0.00000000000000000000
-442	463	0.00000000000000000000
-442	-951	0.00000000000378199024
-442	1039	0.00000000000000000000
-442	-1100	0.00000000000000107808
-443	444	0.00000000000000000000
443	444	0.99999999999999078515
444	445	0.99999999999998734346
445	446	0.99999999981562626150
445	-446	0.00000000000000000000
445	447	0.00000000000000000000
445	-915	0.00000000000000011467
446	447	0.99999999981562626150
-446	447	0.00000000000000000000
447	448	0.99999999999998734346
447	-573	0.00000000000000000000
-447	610	0.00000000000000000000
-448	1212	0.00000000000000000000
448	449	0.99999999987484933239
448	586	0.00000000000000000000
449	450	0.99999999999999722444
449	-468	0.00000000000000000000
-449	452	0.00000000000000000000
-450	459	0.00000000000000000000
-450	469	0.00000000000000000000
450	451	1.00000000000000000000
451	452	0.99999999951973395085
451	455	0.00000000000000000000
451	474	0.00000000000000000000
452	453	0.99999999999999367173
452	456	0.00000000000000000000
-452	554	0.00000000000928372753
-452	685	0.00000000000000000000
453	454	1.00000000000000000000
454	455	0.99999999999998689937
-455	-460	0.00000000000000000000
455	456	0.99999999999998734346
455	-456	0.00000000000000000000
456	457	0.99999999999998734346
457	458	0.99999999999999844569
-457	466	0.00000000000000000000
458	459	0.99999999999999911182
-458	461	0.00000000000000000000
459	460	0.99999999999998734346
459	-462	0.00000000000000000000
460	461	0.99999999999999844569
-460	-469	0.00000000000000000000
461	462	1.00000000000000000000
462	463	0.99999999999998656630
463	464	0.99999999999999578115
463	465	0.00000000000000000000
-463	-473	0.00000000000000000000
464	465	0.99999999945208195573
464	-467	0.00000000000000000000
465	466	0.99999999999999367173
466	467	1.00000000000000000000
467	468	0.99999999999999822364
468	469	0.99999999999999644729
468	-472	0.00000000000000000000
-469	-471	0.00000000000000000000
469	470	0.99999999999997146727
469	472	0.00000000000000000000
470	471	1.00000000000000000000
-470	473	0.00000000000000000000
471	472	0.99999999999992728039
471	-472	0.00000000000000000000
471	474	0.00000000000000000000
472	473	0.99999999999996713740
-472	473	0.00000000000000000000
473	474	0.99999999999996114219
473	-1079	0.00000000000000000000
474	475	1.00000000000000000000
-474	1080	0.00000000000000000000
475	476	0.01036762739043490741
476	477	0.99999999999108402093
476	-480	0.00000000000000000000
476	983	0.00000000000000006356
-476	492	0.00000000000000077150
-476	-525	0.00000000000000004189
-476	525	0.00000000000433501111
-476	-526	0.00000000000000013303
-476	-951	0.00000109820868853672
-476	1128	0.00000000000105019858
-477	480	0.00000000000000000000
477	478	1.00000000000000000000
478	479	1.00000000000000000000
479	-480	0.00000000000000000000
479	480	0.99999999999996269651
479	522	0.00000000000000000000
480	481	0.00000000000000000000
480	522	0.99999999965265140567
-480	522	0.00000000000000000000
-481	-521	0.99999999999999844569
481	482	0.99997470289388257214
481	-494	0.00000000001577410121
481	532	0.00000000000002600196
-482	-531	0.00000000000002869167
482	483	1.00000000000000000000
483	484	0.99999999999999578115
484	485	0.99999999999998667732
484	528	0.00000000000000000000
485	486	0.99999999986538190555
485	553	0.00000000000000000000
486	487	0.99999999999998578915
486	550	0.00000000000000000000
-486	-527	0.00000000000000000000
-487	-497	0.00000000000000000000
-487	-549	0.00000000000000000000
487	488	0.99999999999114685956
487	-504	0.00000000000008456680
488	489	0.99999999999998645528
488	490	0.00000000000000000000
488	-536	0.00000000000000000000
-489	491	0.00000000000000000000
489	490	0.99999999999998578915
490	491	0.99999999999998734346
490	-494	0.00000000000000000001
-490	-1064	0.00000000000000000001
491	492	0.99999999999999367173
492	493	0.99999999999998667732
492	-761	0.00000000000000079459
493	494	0.99999999999999822364
493	-494	0.00000000000000000000
-494	495	0.00000000000000000000
494	495	0.99998505492427314234
494	-504	0.00000000403895670324
494	-603	0.00000000000000000000
495	496	0.99999999999999400480
495	-504	0.00000000000000023800
495	1109	0.00000000000000000000
-495	505	0.00000010686393727849
-495	515	0.00000000000000027003
-495	-546	0.00000000000000000000
-495	-689	0.00000000000000052256
-495	-691	0.00000000000000000026
-495	916	0.00000000000000000016
-495	-1115	0.00000000000000000000
-495	1157	0.00000000000000000003
-496	-504	0.00000000000000000001
496	497	1.00000000000000000000
497	498	0.99999999999999833467
498	499	0.99999999999999911182
499	500	1.00000000000000000000
500	501	0.99999999999999578115
501	502	0.99999999999997291056
501	503	0.00000000000000000000
501	504	0.00000000000000000000
-502	504	0.00000000000000000000
502	503	0.00000000000000000000
502	-503	0.99999999992200871990
502	504	0.00000000000000000000
503	504	0.00000000000000000000
-503	504	0.99999999957206353596
-503	631	0.00000000000000000000
504	505	0.02823668620358204748
504	506	0.00000000000000110775
505	506	0.00000000000000000000
505	-508	0.99999999997212885017
505	973	0.00000000000000000000
-505	-508	0.00000000000000006951
-505	-814	0.00000000000000135785
-505	-951	0.31515174405584722717
506	-507	0.00000000000000000000
506	507	0.99999999999999844569
-506	-510	0.99999999999993383071
-506	-525	0.00000000000000000000
507	508	0.99999999999999844569
-507	508	0.00000000000000000000
508	509	0.00000000000000000000
508	-510	0.00000000000000000000
508	-949	0.00000000000000000000
508	-951	0.00000000000000000002
508	1032	0.00000000000000000000
-509	511	0.99999999999999233946
-509	-974	0.00000000000000000000
509	510	1.00000000000000000000
510	511	0.00000000000000000000
510	-951	0.00000000000000002780
511	512	0.00000000000000000000
511	-526	0.99999999999999689138
512	513	0.99999999999999844569
-512	527	0.99999999999999844569
513	514	0.99999999999999156231
513	532	0.00000000000000000000
514	515	0.99999999991187427106
514	572	0.00000000000000000000
-514	864	0.00000000000000000000
515	516	0.99999999999999800160
516	-517	0.00000000000000000000
516	517	0.99999999999114708160
517	518	0.99999999999114708160
-517	518	0.00000000000000000000
518	519	0.99999999999997224442
518	-519	0.00000000000000000000
518	-663	0.00000000000000000000
519	520	0.99999999999999844569
-519	520	0.00000000000000000000
-519	617	0.00000000000000000002
-519	664	0.00000000000000000000
520	521	0.99999999999999822364
521	522	0.00000000000000000000
522	523	1.00000000000000000000
-522	-943	0.00000000000000000000
523	524	1.00000000000000000000
524	525	0.99999999936453343174
524	823	0.00000000000000000000
524	950	0.00000000000000000000
524	983	0.00000000000000077995
525	526	0.99999999999999333866
-525	526	0.00000000000000000000
-525	951	0.00000000000000000000
526	527	0.00000000000000000000
526	-990	0.00000000000000000000
-526	974	0.00000000000000000000
527	528	0.99999999999995969890
527	-568	0.00000000000000000000
528	529	0.99999999999998512301
528	-773	0.00000000000000000000
-529	774	0.00000000000000000000
-529	849	0.00000000000000000000
529	530	1.00000000000000000000
530	531	1.00000000000000000000
531	532	0.99999999435128872349
532	533	0.99999999999114463911
532	-553	0.00000000000012176898
-533	534	0.00000000000000000000
-533	535	0.00000000000000000000
533	-534	0.00000000000000000000
533	534	0.99999999999999700240
534	535	0.99999999999999711342
-534	535	0.00000000000000000000
535	536	0.99999999936837247194
535	-538	0.00000000000000000000
535	-660	0.00000000000000000000
536	537	0.99999999999997113420
536	660	0.00000000000000000000
-536	545	0.00000000000000000000
-536	661	0.00000000000000000000
-536	-737	0.00000000000000000000
537	538	0.99999999999999722444
-537	547	0.00000000000000000000
-537	-1146	0.00000000000000000002
538	539	0.99999999999999078515
-538	-550	0.00000000000000000000
539	540	0.99999999999999500400
539	-543	0.00000000000000000000
539	-547	0.00000000000000000000
-539	-772	0.00000000000000000000
540	541	1.00000000000000000000
541	542	1.00000000000000000000
542	543	1.00000000000000000000
543	544	0.99999999999999844569
544	545	0.99999999999999578115
545	546	0.99999999999999755751
545	549	0.00000000000000000000
545	-766	0.00000000000000000000
546	547	0.99999999999999844569
547	548	0.99999999999997302158
548	549	0.99999999999999367173
549	550	0.99999999999992128519
550	551	0.99999999999999811262
-550	552	0.00000000000000000000
551	552	0.99999999999999156231
552	553	0.99999999999997446487
553	564	0.00464614391468600244
553	658	0.16393812232526164263
553	-883	0.01167910781278109003
553	1002	0.00000000000000043465
-554	555	0.00000000000000003496
-554	-847	0.00553554728021208448
554	555	0.99999999999999733546
554	-972	0.00000000000000008815
555	556	1.00000000000000000000
556	557	1.00000000000000000000
557	558	0.99999999999999922284
557	559	0.00000000000000000000
558	559	0.99999999999999922284
559	560	0.00000000000000879415
559	-570	0.99982384588527317693
559	570	0.00000000000000000009
559	-578	0.00000000000000048835
559	-838	0.00000000003232028889
560	561	1.00000000000000000000
-560	571	0.99999999959290664098
561	562	1.00000000000000000000
562	563	0.99999999997216970637
563	564	0.00000028819162425670
563	572	0.00000000000000000000
-563	-575	0.00000000000000000000
564	565	0.99999999999998667732
564	-1070	0.00000000000000057568
-564	573	0.00000000000000001840
-564	1104	0.00000000000000006782
-565	-833	0.00000000000000000000
565	-566	0.00000000000000000000
565	566	0.99999999999113964311
566	567	0.99999999999114552729
-566	567	0.00000000000000000000
567	568	1.00000000000000000000
568	569	0.99999999991998700377
569	-570	0.00000000000000000008
569	570	0.99999999999998656630
569	1104	0.00000000000000000000
570	571	0.00000000000000879406
570	-837	0.00000000000000302902
571	572	0.99999999999999500400
-571	-886	0.00000000000000000040
572	573	0.99999999999999289457
573	574	0.99999999999999367173
574	575	0.99999999999996103117
574	-576	0.00000000000000000000
574	-579	0.00000000000000163414
-575	577	0.00000000000000000000
-575	579	0.00000000000000000000
575	576	0.99999999999999578115
576	577	0.99999999999996513900
-577	-579	0.00000000000000094150
577	578	0.99999999982642828744
578	579	0.99999999950263029902
578	838	0.00000000000000000003
-578	-1085	0.00000000000000000065
579	580	0.14842386301574847507
579	-1031	0.00286140155947715250
-580	586	0.00000000000000054261
-580	593	0.00000000000000011739
-580	598	0.00000000000000005296
-580	-772	0.00000000000000025381
-580	-1149	0.00000012479068400726
580	581	0.99999999999998678835
580	-944	0.00000000000000000000
-581	588	0.00000000000000000000
581	582	0.99999999999999800160
581	720	0.00000000000000000000
582	583	0.99999999999999822364
-582	-721	0.00000000000000000000
583	584	1.00000000000000000000
584	585	1.00000000000000000000
585	586	0.99999999976344322583
585	-593	0.00000000000000000000
585	-623	0.00000000000000000000
586	587	0.99999999999998678835
586	591	0.00000000000000000000
-587	-590	0.00000000000000000000
-587	590	0.00000000000000000000
587	588	0.99999999999998667732
588	589	0.99999999999999722444
588	590	0.00000000000000000000
588	-860	0.00000000000000000000
-589	860	0.00000000000000000000
589	590	0.99999999999998612221
590	591	0.99999999999997368771
591	592	1.00000000000000000000
592	593	0.99999999999999811262
593	594	0.99999999999998678835
594	595	0.99999999999114685956
594	-604	0.00000000000025426110
-594	782	0.00000000000000000000
595	596	0.99999999999998734346
595	597	0.00000000000000000000
-596	-597	0.00000000000000000000
596	597	0.99999999999999367173
597	598	0.99999999999998645528
598	599	1.00000000000000000000
-598	604	0.00000000000000000000
599	600	1.00000000000000000000
600	601	0.99999999999999578115
601	-602	0.00000000000000000000
601	602	0.99999999999999911182
602	603	0.99999999999999833467
-603	604	0.00000000000000000000
603	604	0.99999999999996225242
603	-1064	0.00000000000000000000
604	763	0.00000000000000081932
604	1164	0.00000000000787856158
-605	614	0.99999999999999655831
-605	615	0.00000000000000000000
-605	653	0.00000000000000000000
605	606	0.99999999999994582112
605	630	0.00000000000000000000
605	-680	0.00000000000000000000
606	-607	0.00000000000000000000
606	607	0.99999999999114685956
-606	-616	0.00000000000000000003
-606	-621	0.00000000000000000000
-607	608	0.00000000000000000000
607	608	0.99999999999114708160
608	609	0.99999999999999922284
608	615	0.00000000000000000000
609	610	0.99999999999998578915
-610	670	0.00000000000000000000
610	-611	0.00000000000000000000
610	611	0.99999999999114597138
-611	612	0.00000000000000000000
611	612	0.99999999999114685956
612	613	0.99999999999998734346
-613	641	0.00000000000000000000
613	614	0.00000000000000000000
613	633	0.99999999999999233946
614	615	0.99999999999114197458
614	620	0.00000000000000000000
-615	626	0.00000000000000000000
-615	-652	0.00000000000000000000
615	616	0.99999999999998667732
615	734	0.00000000000000000000
-616	-639	0.00000000000000000000
616	617	0.99998931362564535963
616	627	0.00000000077370691992
616	-632	0.00000000006722537651
617	618	0.99999999999999800160
617	621	0.00000000000000000000
-617	-626	0.00000000012460119523
-618	635	0.00000000000000000000
618	619	0.99999999999999578115
619	620	0.99999999999114685956
619	-631	0.00000000000000000000
-619	-629	0.00000000000000000008
620	621	0.99999999996176236472
620	-626	0.00000000000000070281
620	-634	0.00000000000000000000
-621	-652	0.00000000000000000000
-621	832	0.00000000000000000149
621	622	0.00000000003702926428
621	624	0.00000000000000000150
621	630	0.99999802833523165901
621	702	0.00000000000000000000
-622	627	0.00000000526715090101
-622	-629	0.99984247422864125365
-622	-631	0.00000000000000000000
-622	-760	0.00000000000000000008
622	623	0.99999999999114708160
622	632	0.00000000000000000000
623	624	0.99999999996175703565
623	625	0.00000000000000000000
623	627	0.00000000000000179294
623	-646	0.00000000000000000000
-623	-625	0.00000000000000000000
-624	644	0.00000000000000000000
624	625	0.99999999999999900080
625	626	0.99999999999114486116
625	-626	0.00000000000000000005
626	627	0.00000041452924876278
626	-629	0.00000000000106964861
626	-632	0.99823374634521877535
-627	-632	0.00000002328221317079
-627	632	0.00000000008283492157
-627	-1031	0.00022269158224158000
-627	-1100	0.00002986907863285727
627	628	0.99999999987939414137
627	-628	0.00000000000000000000
-628	629	0.00000000000000000000
628	629	0.99999999987940890733
629	630	0.00000000003703303287
630	631	0.99999999999998656630
630	-631	0.00000000000000000000
-630	-632	0.00000000001112377860
-630	738	0.00000000000000000000
-630	-1144	0.00000000000277437428
-631	-632	0.00000000000000000078
631	632	0.99999999969511521591
632	633	0.00000000000000000076
633	634	1.00000000000000000000
634	635	0.99999999999999678035
634	-635	0.00000000000000000000
635	636	0.99999999999999811262
636	637	0.99999999999999578115
637	638	1.00000000000000000000
638	639	1.00000000000000000000
639	640	0.99999999999996236344
-640	645	0.00000000000000000000
-640	655	0.00000000000000000000
640	641	0.99999999999996314060
641	642	1.00000000000000000000
642	643	1.00000000000000000000
643	644	0.99999999999999800160
643	647	0.00000000000000000000
644	645	0.99999999999996314060
645	646	1.00000000000000000000
646	647	0.99999999999996136424
646	-651	0.00000000000000000000
-647	652	0.00000000000000000000
647	648	1.00000000000000000000
648	649	1.00000000000000000000
649	650	1.00000000000000000000
650	651	1.00000000000000000000
651	652	0.99999999999996314060
652	653	0.99999998109375165534
652	-654	0.00000000184978706453
652	655	0.00000000000000000000
-653	655	0.00000000000000000000
-653	-656	0.00000000511265187046
653	654	1.00000000000000000000
654	655	0.00000000002755439746
654	-656	0.42034216392163176179
654	657	0.00000000000000000003
654	-1051	0.00000000016489919324
-655	657	0.99999784472374375621
655	656	0.99999999999999911182
655	-656	0.00000000000000000000
656	657	0.00000000003971078898
657	-1127	0.00000084646918571315
657	1145	0.00117416310628704447
-658	-669	0.00000000000401128482
-658	1104	0.00000000000000004730
658	659	0.99999999999998134825
658	-661	0.00000000000000000000
659	660	0.99999999976212028407
659	-674	0.00000000006060630285
660	661	0.99999999999999189537
660	-1110	0.00000000000000000009
-660	665	0.00000000000000000000
-660	-1146	0.00000000005746133932
661	662	0.99999999999994759747
661	-1145	0.00000000000000000000
-661	665	0.00000000000000000000
-661	-669	0.00000000000000000001
-662	-672	0.00000000000000000002
-662	1146	0.00000000000000000000
662	663	0.99999999999998567812
662	669	0.00000000000000000000
662	-674	0.00000000000000004630
662	-1107	0.00000000000000000000
663	664	0.99999999946490025771
-663	670	0.00000000000000000000
664	665	0.99999999999997057909
665	666	0.99999999999999833467
666	667	0.99999999990513899206
-666	-672	0.00000000000000000000
-666	673	0.00000000000000000000
667	668	0.99999999999998734346
-667	-674	0.00000000000081361931
668	669	0.99995640286083109505
668	-672	0.00000000002097905600
-669	670	0.00000000139977904291
-669	-672	0.00000000000000252121
-669	673	0.00000000000000802456
669	670	0.99995715895053516320
669	-673	0.00000000000000028254
669	-674	0.00000010814371792758
670	-671	0.99999776431372155994
670	671	0.00000000000124966812
671	672	0.00000000000124972655
-671	672	0.99999776402532269959
672	673	0.99998785227839492862
673	674	0.99999999929938854226
-673	-674	0.00000010553130928128
-674	-1019	0.00000000000000000000
674	675	0.05533801036343753005
-675	-689	0.00000003913797622550
-675	-764	0.00506973441762634345
-675	-951	0.00118413088456235092
675	676	0.99999999999999844569
675	690	0.00000000000000000000
675	-693	0.00000000000000000000
676	677	0.99999999999999578115
-677	691	0.00000000000000000000
677	-678	0.99999995608954872495
677	678	0.00000000000000000658
677	-691	0.00000000000000000000
678	679	0.00000000000000000000
678	-688	0.00000000000000000000
678	-691	0.00000000000000000733
-678	-691	0.99999999855803156645
-679	680	0.99999999999999178435
-679	693	0.00000000000000000000
679	680	0.00000000000000000000
679	692	0.99999999999812960727
679	-693	0.00000000000000000000
-680	692	0.00000000000000000000
-680	-692	0.00000000000000000000
680	681	0.99999999999998590017
-681	691	0.00000000000000000000
-681	1151	0.00000000000000000000
681	682	0.99999999999114608240
681	-682	0.00000000000000000000
681	683	0.00000000000000000000
682	683	0.99999999999114597138
-682	683	0.00000000000000000000
683	-684	0.00000000000000000000
683	684	0.99999999999999844569
684	685	0.99999999999999844569
-684	-685	0.00000000000000000000
685	686	0.99999999999999922284
686	687	0.99999999999998767652
687	688	0.99999999999999844569
-687	-698	0.00000000000000000000
-687	859	0.00000000000000000000
688	689	0.99999999999999578115
689	690	0.99997081676593890798
689	696	0.00000000000000000001
690	-691	0.00000000000000000000
690	691	0.99999999999999422684
-690	-695	0.00000000000000000001
-690	860	0.00000000000000000001
-690	-916	0.00000000000000000000
-690	-983	0.00000000001695411763
-690	-1068	0.00000000000000000002
-690	1152	0.00000000000000000000
691	692	0.00000000000000000000
691	982	0.00000000000000040557
692	693	0.99999999999999755751
-693	702	0.00000000000000000000
693	694	0.99999999999999289457
694	695	0.99999999999999211742
694	-697	0.00000000000000000000
695	696	0.99999999999999622524
-695	-701	0.00000000000000000000
696	697	0.99999999999999811262
697	698	0.99999999999999111822
-698	699	0.00000000000000000000
-698	-1147	0.00000000000000000000
698	699	0.99999999999999422684
698	700	0.00000000000000000000
699	700	0.99999999999999578115
700	701	0.99999999999999844569
700	-701	0.00000000000000000000
-701	702	0.00000000000000000000
701	702	0.99999999999995836664
701	-710	0.00000000000000230105
702	703	0.99999999999999367173
-702	920	0.00000000000000000000
703	704	0.99999999999998667732
-704	-951	0.00000000000000043421
704	705	0.99999999999999578115
705	706	1.00000000000000000000
706	707	1.00000000000000000000
707	708	1.00000000000000000000
708	709	1.00000000000000000000
709	710	1.00000000000000000000
710	711	0.02866280227135836398
711	712	0.99999999969479036466
711	-715	0.00000000000000000000
-711	714	0.00000000000000014862
-711	742	0.00000000000000003841
-712	744	0.00000000000000000000
712	713	0.99999999965283825620
712	721	0.00000000000000000000
-713	-744	0.00000000000000000000
-713	-1065	0.00000000000000000000
713	714	0.99999999999999822364
714	715	1.00000000000000000000
-714	-738	0.00000000000000000000
715	716	0.00000000000000000000
715	-725	0.00000000000000000000
715	-744	0.99999999996055499718
-716	745	0.99999999999999844569
716	717	1.00000000000000000000
717	718	0.99999999999999278355
717	746	0.00000000000000000000
717	-1006	0.00000000000000000000
718	719	0.99999999999999911182
718	-725	0.00000000000000000000
719	720	0.99999999999999800160
719	722	0.00000000000000000000
720	721	0.99999999999999278355
-721	1052	0.00000000000000008031
721	722	0.99999999999999800160
722	723	0.99999999999999578115
722	726	0.00000000000000000000
723	724	0.99999999999996314060
723	-945	0.00000000000000000000
724	725	0.99999999999998057110
724	-758	0.00000000000000000000
724	-997	0.00000000000000000000
-724	1090	0.00000000000000000000
725	726	0.99999999978456810545
-725	759	0.00000000000000000000
726	727	1.00000000000000000000
727	728	0.99999999999999256151
727	729	0.00000000000000000000
727	-886	0.00000000000000028929
728	729	0.99999999999999256151
729	730	0.99999999999999367173
-729	-889	0.00000000000000000000
730	731	1.00000000000000000000
731	732	1.00000000000000000000
732	733	0.99999999999998556710
732	1070	0.00000000000000000000
733	734	0.99999999999998590017
733	-742	0.00000000000000000000
-733	743	0.00000000000000000000
-733	1068	0.00000000000000000001
734	735	0.99999999999999200639
735	-736	0.00000000000000000003
735	736	0.99999999958378393838
735	740	0.00000000000000000000
-735	736	0.00000000000000000000
-735	-760	0.00000000000000000000
-735	1007	0.00000000000000000000
736	737	0.99999999982642828744
737	738	0.99999999999996469491
738	739	0.99999999999999911182
739	740	0.99999999999999578115
740	741	0.99999999999999811262
740	-933	0.00000000000000000000
741	742	0.99999999999999111822
741	-1020	0.00000000000000000000
741	-1174	0.00000000000000000000
742	743	0.99999999999999666933
-742	744	0.00000000000000000000
-742	1020	0.00000000000000000000
743	-744	0.00000000000000000000
743	744	0.99999999996056232465
744	745	0.00000000000000000000
745	746	0.99999999999999922284
746	747	0.99999999999999800160
747	748	0.99999999999997246647
747	916	0.00000000000000000002
-748	-979	0.00000000000000000000
-748	1063	0.00000000000000000029
748	749	0.99999999999999800160
749	750	0.99999999999998157030
749	-757	0.00000000000000000000
-750	758	0.00000000000000000000
750	751	0.99999999999114685956
750	-761	0.00000000000023288035
751	752	0.99999999999999200639
751	753	0.00000000000000000000
751	-761	0.00000000000000075043
752	753	0.99999999986536358687
752	-761	0.00000000000000085753
-752	753	0.00000000000000000000
-753	893	0.00000000000000000000
753	754	0.99999999999114153049
753	-754	0.00000000000000000000
753	817	0.00000000000000000000
-754	755	0.00000000000000000000
754	755	0.99999999999114685956
755	756	0.99999999999999578115
755	758	0.00000000000000000000
756	757	1.00000000000000000000
757	758	0.99999999994571686646
758	759	0.99999999999999378275
758	-761	0.00000000000000005047
-759	760	0.00000000000000000000
759	760	0.99999999999999922284
760	761	0.99999999999999489297
761	-1066	0.00000000000000369505
762	763	0.99999999999998734346
762	-1146	0.00000000000000040347
-762	765	0.15196846299825980675
-762	768	0.00000000983452023522
-762	771	0.00000000000000000000
-762	-981	0.00000000000000000002
-762	1145	0.27946268797243123405
763	764	1.00000000000000000000
764	765	0.01451032172110819016
764	-767	0.00000010357074800108
764	1145	0.28202016078393543630
764	-1146	0.00164294126819544760
765	766	0.99999999999999211742
765	767	0.00000000000000000000
-765	766	0.00000000000000000024
-765	768	0.00002467179574909325
-765	775	0.00000000000000000000
-766	-767	0.00000000000000000000
766	767	0.99999999999999178435
-767	-769	0.00000000000000000000
767	768	0.99994507873430948930
767	772	0.00000000000000000001
767	-774	0.00000000000000000415
767	-1146	0.00000015167955610059
767	1161	0.00000000000000000000
-768	770	0.00000000000000000141
-768	-1160	0.00000000000000000000
768	769	0.99999999976316800154
768	770	0.00000000000000061970
769	770	0.99999738271135418799
-770	-1174	0.00000000000000000000
770	771	0.99999999999111388593
770	-775	0.00000000000000000000
770	-783	0.00000000000000000000
770	1164	0.00000000000000000000
770	-1166	0.00000000000000000000
771	772	0.99999999999996402877
-771	776	0.00000000000000000000
-771	784	0.00000000000000000000
-772	-1149	0.00000000000000000004
772	773	0.99999999999998390177
772	1168	0.00000000000000000000
773	774	0.99999999999999533706
-773	-784	0.00000000000000000000
-773	-889	0.00000000000000000000
-773	1175	0.00000000000000000000
-773	-1178	0.00000000000000114632
-774	980	0.00000000000000000000
-774	-1167	0.00000000000000000000
774	775	0.99999999999113720062
774	782	0.00000000000000000000
775	776	0.99999999993518684516
775	-793	0.00000000000000000000
776	777	0.99999999999999822364
-776	794	0.00000000000000000000
-776	1106	0.00000000000000000000
-777	-779	0.00000000000000000000
-777	784	0.00000000000000000000
777	778	0.99999999999999067413
777	-778	0.00000000000000000000
778	779	0.99999999994433919071
-778	779	0.00000000000000000000
-778	782	0.00000000000000000000
779	780	0.99999999999996203037
779	-790	0.00000000000000000000
780	781	0.99999999999999733546
781	782	0.99999999997211441727
781	783	0.00000000000000000000
-781	791	0.00000000000000000000
-781	1056	0.00000000000000000000
782	783	0.99999999999999578115
783	784	0.99999999999999666933
783	-1178	0.00000000000000017267
784	785	0.99999999999999067413
784	-785	0.00000000000000000000
-785	786	0.00000000000000000000
785	-786	0.00000000000000000000
785	786	0.99999999999999000799
-786	787	0.00000000000000000000
786	787	0.99999999999999844569
787	788	0.99999999999114685956
787	-789	0.00000000000000000000
788	789	0.99999999999999800160
-788	790	0.00000000000000000000
789	790	0.99999999999114708160
790	791	0.99999999999999622524
791	792	1.00000000000000000000
792	793	0.99999999999998512301
792	-1160	0.00000000000000000000
-793	1056	0.00000000000000000000
793	794	0.99999999999999000799
793	-1167	0.00000000000000000000
794	795	1.00000000000000000000
795	796	0.00000000002741279973
795	797	0.00000000000000000000
795	1160	0.99999784521808421367
796	797	0.99999999999999800160
796	-898	0.00000000000000000000
-796	798	0.00000000000000000011
-796	-799	0.00000000000000000000
-796	-804	0.99967543488456134249
-796	899	0.00000000000000000000
-796	1153	0.00000006080539177178
797	798	0.99999999999996469491
797	-804	0.00000000000000000018
798	799	0.00000000002746374116
798	-804	0.00000012677957618056
798	1148	0.00000000000000000000
798	-1149	0.00000000000000027325
798	-1152	0.00000032740040029392
798	1153	0.99835348476868834844
799	800	0.99999999999999922284
-799	805	0.99999784524397861141
800	801	1.00000000000000000000
801	802	1.00000000000000000000
802	803	0.99999999999999156231
802	-804	0.00000000000000000005
803	804	1.00000000000000000000
804	805	0.00000000004459491466
805	806	0.99999999999999578115
805	-1149	0.00000000000000000003
806	807	1.00000000000000000000
807	808	1.00000000000000000000
808	809	1.00000000000000000000
809	810	0.99999999999999911182
809	811	0.00000000000000000000
810	811	0.99999999999999911182
811	812	1.00000000000000000000
812	813	1.00000000000000000000
813	814	0.99999999999999922284
-814	-1159	0.00000000000000000000
814	815	0.99999999999996314060
-815	-1156	0.00000000000000000000
815	816	1.00000000000000000000
816	-1147	0.00000000000741389402
817	818	0.99999999999999800160
-817	818	0.00000000000000000000
-817	-821	0.99999244015705412991
-817	821	0.00000000000000000279
-817	840	0.00000000000000000000
-817	-848	0.00000000000000000000
-817	-1018	0.00000000000286295848
818	819	0.99999999999998667732
818	-834	0.00000000000000000000
819	820	0.00000002638974189574
819	-820	0.99999728549262811850
819	821	0.00000000000000000000
819	822	0.00000000000000000000
-819	835	0.00000000000000000000
-820	821	0.00000000000000054362
-820	822	0.99027159908924078380
820	821	0.00000000065119729073
820	822	0.00000000000000000000
821	822	0.00000000002815961005
-821	839	0.00000000000000000149
-821	840	0.00000000000000000000
-821	-848	0.00000000000000000016
822	823	0.99999999999998667732
822	834	0.00000000000000000000
823	824	0.99999999999999489297
823	-1145	0.00000000000000000000
824	-825	0.00000000000000000000
824	825	0.99999999999999844569
825	826	0.99999999999999844569
-825	826	0.00000000000000000000
826	827	1.00000000000000000000
827	828	1.00000000000000000000
828	829	1.00000000000000000000
829	830	0.99999999999996513900
829	1060	0.00000000000000000002
830	831	1.00000000000000000000
831	832	0.00000000001791981741
831	-838	0.42693261745566019050
831	838	0.00001433654930544958
832	833	1.00000000000000000000
-832	839	0.99999793886214038974
833	834	0.99999999999996314060
834	835	0.99999999999996314060
835	836	1.00000000000000000000
836	837	0.99999999999998234745
-837	-839	0.00000000000000000000
837	-838	0.00000054628075044959
837	838	0.99996764175213992409
838	839	0.00000000002802371677
839	840	0.99999999999998567812
840	841	0.99999999999114708160
840	-847	0.00000000000014541344
-840	905	0.00000000000000000000
841	842	0.99999999999998678835
-842	-1061	0.00000000000000000000
842	843	0.99999999999999844569
843	844	0.99999999999999800160
843	-844	0.00000000000000000000
844	845	0.99999999999999800160
-844	845	0.00000000000000000000
845	846	0.99999999999999578115
846	847	1.00000000000000000000
847	-955	0.00000000000000098794
-848	-862	0.00000000000000000000
-848	-889	0.99999998279777480015
-848	-931	0.00000000000000000001
848	849	0.99999999982181397851
848	-910	0.00000000000000000000
849	850	0.99999999999999800160
849	1033	0.00000000000000000000
-849	873	0.00000000000000000000
-849	890	0.00000000000000000000
-849	911	0.00000000000000000000
-850	-1033	0.00000000000000000000
850	851	0.99999999999999800160
850	852	0.00000000000000000000
851	852	0.99999999999999800160
852	853	1.00000000000000000000
853	854	0.99999999999999078515
853	-854	0.00000000000000000000
853	855	0.00000000000000000000
854	855	0.99999999999999078515
-854	855	0.00000000000000000000
855	-856	0.00000000000000000000
855	856	0.99999999999999544809
855	-857	0.00000000000000000000
855	858	0.00000000000000000000
856	857	0.99999999999999844569
-856	857	0.00000000000000000000
-856	1022	0.00000000000000000000
857	858	0.99999999999999711342
857	-1021	0.00000000000000000000
858	859	0.99999999999998834266
858	863	0.00000000000000000000
859	860	0.99999999999998567812
859	861	0.00000000000000000000
860	861	0.99999999999999644729
860	-883	0.00000000000000006292
-860	892	0.00000000000000000000
861	862	0.99999999999998734346
861	892	0.00000000000000000000
-861	892	0.00000000000000000000
862	863	0.99999999999997335465
-862	866	0.00000000000000000000
863	864	0.99999999990513899206
863	-886	0.00000000000698095764
864	865	0.99999999999999156231
865	866	0.99999999999999367173
-865	869	0.00000000000000000000
866	867	1.00000000000000000000
867	868	0.99999999999999500400
867	-873	0.00000000000000000000
867	-883	0.00000000000000004128
868	869	0.99999999999999578115
869	870	0.99999999999999578115
870	871	1.00000000000000000000
871	872	0.99999999999999578115
872	873	0.99999999999999189537
872	-874	0.00000000000000000000
-873	-876	0.00000000000000000000
873	874	0.99999999999999578115
874	-875	0.00000000000000000000
874	875	0.99999999999997979394
875	876	0.99999999999999922284
-875	877	0.00000000000000000000
876	877	0.99999999999996469491
877	878	1.00000000000000000000
878	879	1.00000000000000000000
879	880	1.00000000000000000000
880	881	1.00000000000000000000
881	882	1.00000000000000000000
882	883	1.00000000000000000000
-884	-888	0.99999793929123437231
884	885	0.99999999999999900080
885	886	0.99999999999999755751
885	-931	0.00000000000000000000
-886	888	0.00000000000000000000
886	-887	0.00000000000000000003
886	887	0.00000000002572480454
886	-888	0.00000000235582709567
886	-915	0.00000000012315889601
886	-925	0.00000000000000435972
886	1188	0.00000000000000000013
-887	888	0.99999999959296770324
887	-888	0.00000000000000000000
887	888	0.00000000000000000004
887	-931	0.99999999970174280328
888	889	0.00000000000000017437
-888	-913	0.00000000000000000000
889	890	0.00000000000000000142
-889	890	0.99999999959297491969
890	891	0.99999999999114685956
890	-895	0.00000000000000000000
-891	-913	0.00000000000000000000
891	892	0.99999999999998478994
891	916	0.00000000000000000001
-892	917	0.00000000000000000000
892	893	0.99999999999998590017
-893	894	0.00000000000000000000
893	894	0.99999999999998590017
893	-912	0.00000000000000000001
894	895	1.00000000000000000000
895	896	0.99999999999114685956
896	897	0.99999999999999367173
897	898	1.00000000000000000000
-897	902	0.00000000000000000000
898	899	0.99999999999999800160
899	900	0.99999999999998734346
899	-912	0.00000000000000000001
-900	-908	0.00000000000000000000
900	901	0.99999999999999289457
900	-912	0.00000000000000000000
901	902	0.99999999999998734346
902	903	0.99999999999999367173
903	904	0.99999999999999578115
903	908	0.00000000000000000000
904	905	0.99999999999998234745
905	906	1.00000000000000000000
906	907	0.99999999998028243908
906	924	0.00000000000000000000
907	908	0.99999999994571686646
907	-908	0.00000000000000000000
-908	909	0.00000000000000000000
908	909	0.99999999937247718851
909	910	0.99999999999999800160
909	911	0.00000000000000000000
910	911	0.99999999999999544809
910	973	0.00000000000000000000
-911	912	0.00000000000000000000
911	912	0.99999999999999922284
912	913	0.99999158975687296724
912	920	0.00000000000112606621
912	-924	0.00000000000000000002
913	914	0.99999999999114463911
-913	-919	0.00000000000000000000
-913	-925	0.00000000000116954723
914	915	1.00000000000000000000
915	916	0.99999303792948590619
916	917	0.00000000000000000000
916	-919	0.99999999999999067413
-916	-919	0.00000000000000000000
917	918	1.00000000000000000000
-917	920	0.00000000000000003634
-917	-920	0.99999908773132395456
-917	921	0.00000000000000000000
-917	925	0.00000000000000000000
-917	-925	0.00000000000000000000
918	919	1.00000000000000000000
919	920	0.00000000000000000001
-920	921	0.00000000000000001636
-920	925	0.96271355939334557483
920	921	0.00000000000098278287
920	-924	0.00000000000000000000
-921	926	0.99999784486592702137
921	922	1.00000000000000000000
922	923	1.00000000000000000000
923	924	0.99999999998027999659
-924	-925	0.00000000000000000000
924	925	0.00099731260325894018
924	-925	0.97324578506960113256
925	926	0.00000000000394698437
926	927	1.00000000000000000000
927	-928	0.99993786074819146492
927	928	0.00000000096268778992
927	929	0.00000000000000000000
928	929	0.00000000096268778992
-928	929	0.99993786074819157594
929	930	1.00000000000000000000
930	931	0.99999999999999578115
932	933	0.99999999999114463911
932	-934	0.00000000000000000000
932	-938	0.00000000000000000000
-932	939	0.00000000000000003003
-932	944	0.00000002157082889723
-932	-948	0.00000000000000022758
-932	-1051	0.00578917541277414269
-932	-1149	0.00000082335411737221
933	934	0.99999999998028243908
-933	935	0.00000000000000000000
934	935	0.99999999999114475013
934	944	0.00000000000000000000
935	936	0.99999999999999822364
936	937	1.00000000000000000000
937	938	1.00000000000000000000
938	939	0.99999999999999844569
939	940	0.99999999999999578115
940	941	0.99999999999114685956
940	-944	0.00000000000000000000
941	942	0.99999999999999800160
941	943	0.00000000000000000000
-941	-945	0.00000000000000000000
942	943	0.99999999999999800160
943	944	0.99997985032925740256
943	-947	0.00000000004654556910
944	-945	0.99999999965551944481
944	945	0.00000000000000000003
-944	948	0.00000000004788186052
945	946	0.00000000000000000003
-945	-946	0.13348871573022735859
-945	946	0.40218615969907306473
-945	947	0.00000000000000000001
-946	947	0.13348765320646827082
946	947	0.40221017635972522442
947	948	0.99999045224080251870
948	949	0.00000000000000000008
948	-949	0.99999999969048447568
948	950	0.00000000000000000000
-949	950	0.99999999964467289892
949	950	0.00000000000000000000
950	951	0.99999999996056465612
950	-951	0.00000000000126196700
951	952	0.00000411832575241460
-952	-972	0.00000000017879687757
-952	1065	0.00000000001075945450
-952	-1071	0.99992537375155865487
-952	1072	0.00000000000000000008
952	953	1.00000000000000000000
953	954	0.99999999999996469491
954	955	0.99999999999999578115
-955	-1075	0.00000000000000000000
955	956	0.99999999999996047606
955	-961	0.00000000000000000000
955	1154	0.00000000000000000000
-956	1161	0.00000000000000000000
956	957	0.99999999999999755751
956	-1075	0.00000000000000000000
957	958	0.00000000000000000000
957	-960	0.99999999999999844569
-958	961	0.99999999999999844569
958	-959	0.00000000000000000000
958	959	0.99999999999999622524
959	960	0.99999999999999622524
-959	960	0.00000000000000000000
960	961	0.00000000000000000000
961	962	0.99999999999999922284
962	963	1.00000000000000000000
963	964	0.99999999999999367173
963	-965	0.00000000000000000000
964	965	1.00000000000000000000
965	966	0.99999999999994226840
966	967	0.99999999999999844569
966	-969	0.00000000000000000000
-967	970	0.00000000000000000000
967	968	1.00000000000000000000
968	969	0.99999999999998345768
968	970	0.00000000000000000000
969	970	0.99999999999998179234
970	971	1.00000000000000000000
971	972	1.00000000000000000000
973	974	0.99999999999114275173
973	976	0.00000000000000000000
973	-1127	0.00000000000000005764
-973	974	0.00000000000000000097
-973	-984	0.00000000000000000000
-973	-987	0.99999800910332836690
974	975	0.00000000000252928962
974	-977	0.99999122685540275945
974	977	0.00000000000000000000
974	-983	0.00000000000251100678
975	-976	0.00000000000000000000
975	976	0.99999999999999200639
-975	978	0.99999803377169416141
-975	984	0.00000000000001596595
-976	989	0.00000000000000000000
976	-977	0.00000000000000000000
976	977	0.99999999999999067413
977	978	0.00000000000252923344
977	-1001	0.00000000000000000193
978	-979	0.00000000000000000000
978	979	0.99999999999998556710
978	-1000	0.00000000000000000000
-978	995	0.00000000000000000056
-979	-980	0.00000000000000000000
-979	1001	0.00000000000000000000
979	980	0.99999999999998478994
979	-981	0.00000000000000000000
980	981	0.99999999999998734346
-980	981	0.00000000000000000000
981	982	0.00000000000000288495
981	-982	0.99999999965572328176
981	983	0.00000000000579352031
981	-1018	0.00000000000000000012
982	983	0.00000000003734568710
982	-996	0.00000000000000000000
982	1002	0.00000000000000000000
-982	-983	0.99987363687671126922
-982	983	0.00000041761145442262
-982	-987	0.00000000000000006024
-982	997	0.00000000000000014781
-983	999	0.00000000000000010188
983	984	0.00000000003350402802
983	-999	0.00000000000000225072
-984	988	0.99999793950163307077
984	985	0.99999999999999844569
985	-986	0.00000000000000000000
985	986	0.99999999999999844569
-985	-989	0.00000000000000000000
-986	987	0.00000000000000000000
986	987	0.99999999999999844569
987	988	0.00000000000116074940
987	990	0.00000000000000000000
988	989	0.99999999999999367173
989	990	0.99999999999999844569
990	-991	0.99999999982486531547
990	991	0.00000000000000000000
990	-992	0.00000000000000000000
-991	1003	0.99999999999999222844
991	992	0.00000000000000000000
991	993	0.00000000000000000000
991	-1001	0.00000000000000000000
991	-1002	0.00000000000000000000
992	993	0.99999999999999800160
-992	1000	0.99999999999999322764
-992	1003	0.00000000000000000000
993	994	1.00000000000000000000
994	995	0.99999999999114641547
994	-1007	0.00000000000000000056
995	996	1.00000000000000000000
996	-997	0.00000000000000000001
996	997	0.99999999984922460783
996	-998	0.00000000000000000000
997	998	0.00000000000000000000
997	-998	0.00000000000000000000
997	-999	0.99999999882552048636
997	1004	0.00000000000000000000
-997	999	0.00000000000000000000
-997	-999	0.00000000000000000004
998	999	0.00000000000000000000
998	1004	0.99999999999998834266
-998	999	0.99999999999999678035
999	1000	0.00000000000000000000
999	1004	0.00000000000000000000
1000	1001	0.99999999999999644729
1000	-1004	0.00000000000000000000
1001	1002	0.99999999999113220461
-1001	1012	0.00000000000000000000
-1002	-1005	0.00000000000000000056
1002	-1003	0.99999999999999322764
1002	1003	0.00000000000000000000
1003	1004	0.00000000000000000000
1004	1005	0.99999999999999922284
1005	1006	0.00000000000000017436
1005	-1007	0.99999803374837370473
1005	-1018	0.00000000000000166527
-1006	1008	0.99999999959298180308
1006	1007	0.99999999999998734346
1007	1008	0.00000000000000017436
1008	1009	0.99999999999999367173
1009	1010	0.99999999999999367173
-1010	1015	0.00000000000000000000
1010	1011	0.99999999999999578115
1011	1012	0.99999999999999922284
1012	1013	1.00000000000000000000
1013	1014	1.00000000000000000000
1014	1015	0.99999999999998234745
1015	1016	1.00000000000000000000
1016	1017	0.99999999999999922284
1016	1018	0.00000000000000000000
1017	1018	0.99999999999999922284
1018	-1127	0.00000000049286423574
1019	1020	0.99999999999998312461
1019	1021	0.00000000000000000000
1019	-1031	0.00000000000000008592
-1019	1032	0.99999999999999655831
-1020	1032	0.00000000000000000000
1020	1021	0.99999999999999800160
1021	1022	0.99999999999999800160
1022	1023	0.99999999999998601119
1023	1024	1.00000000000000000000
1024	1025	0.99999999999998578915
1024	1026	0.00000000000000000000
1025	1026	0.99999999999999711342
1025	-1027	0.00000000000000000000
1026	1027	0.99999999999997335465
1026	1040	0.00000000000000000000
-1026	1028	0.00000000000000000000
-1027	-1042	0.00000000000000000000
1027	1028	0.99999999996175625849
1027	-1030	0.00000000000000000000
1028	1029	0.99999999999999811262
-1028	1031	0.00000000000000000000
-1028	-1031	0.00000000000000020089
1029	1030	0.99999999999999844569
1029	-1031	0.00000000000000003409
1030	1031	0.99999999999114685956
-1030	-1039	0.00000000000000000000
1031	1032	0.00000000000000000001
1031	-1039	0.00000000000000014939
1031	1039	0.00000000000000009648
1032	1033	0.99999999999999811262
1032	1034	0.00000000000000000000
1033	1034	0.99999999999999811262
1034	1035	0.99999999999999622524
1034	-1037	0.00000000000000000000
1035	-1036	0.00000000000000000000
1035	1036	0.99999999999999622524
-1035	1038	0.00000000000000000000
1036	1037	0.99999999999999622524
-1036	1037	0.00000000000000000000
1037	1038	0.99999999999999622524
1038	1039	0.99999999999998512301
-1039	-1051	0.00000000000000091550
1039	1040	0.99999999999998523403
1039	-1041	0.00000000000000000000
1040	-1041	0.00000000000000000000
1040	1041	0.99999999999999844569
-1041	1042	0.00000000000000000000
1041	1042	0.99999999999999755751
1042	1043	0.99999999999998678835
1043	-1044	0.00000000000000000000
1043	1044	0.99999999999999367173
1044	1045	0.99999999999999167333
1044	1046	0.00000000000000000000
1045	1046	0.99999999999998490097
1046	1047	0.99999999999999800160
1046	-1047	0.00000000000000000000
-1047	1048	0.00000000000000000000
1047	1048	0.99999999999999800160
1048	1049	0.99999999999997302158
1049	1050	0.99999999999999844569
1049	-1050	0.00000000000000000000
1050	1051	0.99999999999999844569
-1050	1051	0.00000000000000000000
1051	-1100	0.02009926227620389277
-1052	1060	0.00000011576141924251
-1052	-1062	0.00042722521697063302
-1052	-1067	0.00000017721191806957
-1052	1067	0.00000000000372825940
-1052	1141	0.00000000000000109516
1052	1053	0.99999999969477559869
1052	-1056	0.00000000000000025217
-1053	1057	0.00000000000000024504
-1053	1063	0.00000000000000000013
1053	1054	1.00000000000000000000
1054	1055	0.99999999999998157030
1054	1062	0.00000000000000000000
-1055	1057	0.00000000000000000003
1055	1056	0.99999999999996513900
1055	-1056	0.00000000000000000004
1056	1057	0.99999189545135369617
1056	1065	0.00000000000000000004
1057	1058	1.00000000000000000000
1058	1059	0.99999999999999922284
1058	1068	0.00000000000000000000
1059	-1060	0.00000000000000000000
1059	1060	0.99991509843324455353
1059	-1062	0.00000802279200881830
1059	1065	0.00000000001936975989
1059	-1066	0.00000000000000000009
-1060	1063	0.00000000003380656403
-1060	1065	0.00000000000932382099
1060	-1061	0.00000000000000000000
1060	1061	0.99999999999999711342
1061	1062	0.99999999999996413980
-1061	1062	0.00000000000000000000
1062	1063	0.73115161401353712112
1062	-1067	0.00000006747402185716
1062	1067	0.00000000000521716392
-1062	-1160	0.00000000000000000000
1063	1064	1.00000000000000000000
1064	1065	0.99999159019005190441
1064	-1070	0.00000012448438853248
1065	1066	0.99999999999998234745
1066	1067	0.99999999931877192605
1066	1068	0.00000000000000028074
1066	-1070	0.00000000000000040870
1067	1068	0.99999176995699490256
-1067	-1140	0.00000000000000000000
1068	1069	0.99999999999996713740
1068	1161	0.00000000000000000000
-1068	-1069	0.00000000000000000001
-1068	1069	0.00000000000000000001
-1069	1070	0.00000000000000000000
1069	1070	0.99999999999991817656
1070	1071	0.00000102769574270106
1071	1072	0.00000000009015290431
1071	1073	0.00000000000000000012
-1071	-1072	0.00000000000000000000
-1071	1072	0.99999291331984574427
1072	1073	0.99999999999996136424
1072	-1093	0.00000000000000000000
-1072	1073	0.00000000000000000000
1073	1074	0.99999999999999578115
1074	1075	0.99999999999998734346
1074	-1076	0.00000000000000000000
-1074	-1079	0.00000000000000000000
1075	1076	0.99999999999993871569
1075	-1078	0.00000000000000000000
1075	1100	0.00000000000000000000
-1075	1077	0.00000000000000000000
1076	1077	0.99999999999996469491
-1076	1079	0.00000000000000000000
1077	-1078	0.00000000000000021661
1077	1078	0.99999875730341447611
1077	1079	0.00000000000000000000
-1078	1079	0.00000000000296341188
1078	1079	0.99999609039725634307
1078	1080	0.00000000000000000000
1079	1080	0.99999999999998978595
1080	1081	0.99999999978460440975
1081	1082	1.00000000000000000000
1082	1083	1.00000000000000000000
1083	1084	0.99995021290950081294
1083	-1085	0.00000000140651884871
1083	-1089	0.00000000000000000000
1084	1085	0.99999999996056398999
1084	1086	0.00000000000000002424
-1084	1085	0.00000000000000002424
-1084	1086	0.00000000012212089260
1085	1086	0.99995021638247461038
1086	1087	0.99999999999999911182
1086	1089	0.00000000000000000000
1087	1088	1.00000000000000000000
1088	1089	0.99999999999999711342
1089	1090	0.99999999961725305475
1089	1095	0.00000000000000000000
1089	-1100	0.00000000000770552772
1090	1091	1.00000000000000000000
1091	1092	1.00000000000000000000
1092	1093	1.00000000000000000000
1093	1094	0.99999999999996513900
1094	1095	0.99999999999999578115
1094	-1096	0.00000000000000000000
1094	1097	0.00000000000000000000
-1094	-1098	0.00000000000000000000
-1095	1096	0.00000000000000000000
1095	1096	0.99999999999999777955
1095	1097	0.00000000000000000000
1096	1097	0.99999999999999666933
-1096	1097	0.00000000000000000000
1097	1098	0.99999999999999911182
1098	1099	0.99999999999999922284
1099	1100	0.99999999999997624123
1100	1130	0.00000000000000070576
1101	1102	0.99999999936073236118
1101	-1110	0.00000000000048982559
1101	1182	0.00000000000000000000
-1101	1111	0.99999999999999844569
-1102	1103	0.00000000000000000000
-1102	-1127	0.00000000000000000039
-1102	-1182	0.00000000000000000000
1102	1103	0.99999999999999356071
1102	-1108	0.00000000000000000000
1103	1104	0.99999999999999278355
1103	-1110	0.00000000000000191775
-1103	1104	0.00000000000000000000
1104	1105	0.99999999999999644729
1104	-1110	0.00000000000000000007
1105	1106	0.99999999999999156231
1105	-1108	0.00000000000000000000
1106	1107	0.99999999999999922284
1107	1108	0.99999999999999833467
1108	1109	0.99999999996542932035
1109	1110	1.00000000000000000000
1110	1111	0.00000000000000000013
1110	1113	0.00000000000000054165
1110	1145	0.00000096753581654174
1111	1112	1.00000000000000000000
1112	1113	0.99999999999114685956
1113	1114	0.99999999999999578115
1114	1115	1.00000000000000000000
1115	1116	0.99999999999999911182
1116	1117	0.99999999999999922284
1116	1125	0.00000000000000000000
1117	1118	1.00000000000000000000
1118	1119	1.00000000000000000000
1119	1120	1.00000000000000000000
1120	1121	1.00000000000000000000
1121	1122	1.00000000000000000000
1122	1123	1.00000000000000000000
1123	1124	1.00000000000000000000
1124	1125	0.99999999999999922284
1125	1126	1.00000000000000000000
1126	1127	1.00000000000000000000
1128	1129	1.00000000000000000000
1129	1130	0.99999999999998734346
1129	-1144	0.00000000000000065678
1130	-1131	0.00000000000000000000
1130	1131	0.99999999999999689138
1130	1140	0.00000000000000000000
1131	1132	0.99999999999999844569
-1131	1132	0.00000000000000000000
-1131	-1133	0.00000000000000000000
1132	1133	0.99999999978460529793
1132	-1144	0.00000000003116530160
1133	1134	0.99999999999999833467
1134	1135	1.00000000000000000000
1135	1136	0.99999999999996469491
1135	-1140	0.00000000000000000000
1136	1137	1.00000000000000000000
-1136	-1141	0.00000000000000000000
1137	1138	0.99999999999999922284
1137	1139	0.00000000000000000000
1138	1139	0.99999999999999922284
1139	1140	0.99999999999996425082
1140	1141	0.99999999999987543298
1141	1142	0.99999999999996391775
1141	-1187	0.00000000000000000000
-1141	1142	0.00000000000000000000
1142	1143	0.99999999999999911182
1143	1144	0.99999999999999578115
1144	-1152	0.00548966008403784303
1145	1146	0.99999999994571686646
1146	1147	0.00001282475032206284
-1147	-1148	0.00007616500240397119
-1147	1149	0.00000000000000000000
-1147	1153	0.00000000000006022733
-1147	-1159	0.00000000000000221832
1147	-1148	0.99991414430687397541
1147	1148	0.00000000000000000000
1147	1149	0.00000000000000000000
1148	1149	0.00000000000000000000
1148	-1152	0.00000207183740839737
-1148	1149	0.99999999999991595612
-1148	-1153	0.00000000000000000000
1149	1150	0.08615302193566541644
1149	-1150	0.00000000000000000000
1149	1151	0.00000000000000004424
1149	-1152	0.00000000000013057907
-1149	-1150	0.00000000000000000000
-1150	-1159	0.91382494636365252383
1150	1151	0.99999999970492925438
1150	1152	0.00000000000000000000
1150	-1152	0.00000000004419768663
-1151	-1159	0.00000000000000080720
1151	1152	0.99999999999999644729
1151	-1152	0.00000000000000000002
1152	-1153	0.00000000000000000001
1152	1153	0.00000513245164877841
1152	-1159	0.00000000020378448079
1153	1154	0.99999999999988042898
1153	1156	0.00000000000000000000
-1153	1154	0.00000000000000000035
1154	1155	1.00000000000000000000
1155	1156	0.99999999999999844569
1155	-1163	0.00000000000000000000
1156	1157	0.99999999999996314060
1157	1158	0.99999999999999578115
1158	1159	0.99999999999999822364
1159	1160	0.00000000000476783417
1160	1161	0.99999999999998523403
1161	-1162	0.00000000000000000000
1161	1162	0.99999999999114685956
1162	1163	0.99999999999114685956
-1162	1163	0.00000000000000000000
1163	1164	0.99999999982388598774
1164	1165	0.99999999999999500400
1164	1166	0.00000000000000000000
1164	1167	0.00000000000000000000
1165	1166	0.99999999999999911182
1166	1167	0.99999999999999489297
1167	1168	0.99999999999999400480
1168	1169	0.99999999999999911182
1168	1172	0.00000000000000000000
1169	1170	1.00000000000000000000
1170	1171	1.00000000000000000000
1171	1172	0.99999999999999822364
1171	-1178	0.00000000000000005623
1172	1173	0.99999999999999911182
-1173	1174	0.00000000000000000000
1173	1174	0.99999999999999911182
1174	1175	0.99999999999999733546
1175	1176	0.99999999999999922284
1175	1178	0.00000000000000000000
1176	1177	1.00000000000000000000
1177	1178	0.99999999999999922284
1179	1180	1.00000000000000000000
-1179	-1188	0.00000000000000000000
-1179	1192	0.00000000000000147197
1180	1181	1.00000000000000000000
1181	1182	0.99999999999999800160
1181	1183	0.00000000000000000000
1182	1183	0.99999999999999800160
1183	1184	0.99999999999998678835
1183	-1186	0.00000000000000000000
1183	-1195	0.00000000000000000000
1184	1185	1.00000000000000000000
-1184	1196	0.00000000000000000003
1185	1186	1.00000000000000000000
1186	1187	0.99999999999998678835
1186	1215	0.00000000000000000000
-1187	1189	0.00000000000000000000
1187	1188	0.99999999999998978595
1187	-1194	0.00000000000000000000
1188	1189	0.99999999999998590017
1188	1216	0.00000000000000000000
-1188	-1196	0.00000000000000000000
1189	-1190	0.00000000000000000000
1189	1190	0.99999999999989863664
1189	1192	0.00000000000000000014
1190	1191	0.99999999999999666933
1190	1192	0.00000000000000000000
1190	-1200	0.00000000000000000000
-1190	-1215	0.00000000000000000000
-1191	1197	0.00000000000000000000
1191	1192	0.99999451307274034306
1191	1195	0.00000000000000000000
-1192	1195	0.00000000000000000000
-1192	1196	0.00000000000000545579
1192	1193	0.99999999999999156231
1192	-1193	0.00000000000000000000
1193	1194	0.99999999999994515498
1193	-1195	0.00000000000000000000
-1193	1194	0.00000000000000000000
1194	1195	0.99999999999999678035
1194	-1214	0.00000000000000000000
1195	1196	0.99995337567353748121
1195	1214	0.00000000000000000000
1196	1197	0.99999999999999844569
-1196	-1197	0.00000000000000000000
-1196	1198	0.00000000000000000003
-1196	1202	0.00000000000000000000
-1196	1232	0.00000000000000009857
1197	1198	0.99999999999999278355
1198	1199	1.00000000000000000000
1199	1200	0.99999999999999578115
1199	-1233	0.00000000000000004846
-1200	1201	0.00000000000000000000
-1200	1233	0.00000000000000000000
1200	1201	0.99999999999999722444
1201	1202	0.99999999999999400480
1201	1211	0.00000000000000000000
1202	1203	0.99999999999999578115
-1202	-1203	0.00000000000000000000
1203	1204	0.99999999999998478994
1203	1205	0.00000000000000000000
1203	-1208	0.00000000000000000000
1203	-1215	0.00000000000000000000
-1203	-1216	0.00000000000000000000
1204	1205	0.99999999999999844569
1204	1206	0.00000000000000000000
1205	1206	0.99999999999998911981
1205	1207	0.00000000000000000000
-1206	-1207	0.00000000000000000000
1206	1207	0.99999999999998978595
1207	1208	0.99999999999999289457
-1207	-1233	0.00000000000000011948
-1208	1210	0.00000000000000000000
1208	1209	0.99999999999999200639
1208	1210	0.00000000000000000000
1208	-1223	0.00000000000000000000
1209	-1210	0.00000000000000000000
1209	1210	0.99999999936838490644
-1210	1217	0.00000000000000000000
1210	1211	0.99999999999999056310
-1211	-1217	0.00000000000000000000
1211	1212	0.99999999999999367173
1212	1213	1.00000000000000000000
1213	1214	0.99999999999999755751
1213	1218	0.00000000000000000000
1213	-1230	0.00000000000000000000
1214	1215	0.99999999999999822364
1215	1216	0.99999999999997279954
1215	-1216	0.00000000000000000000
1215	-1233	0.00000000000000080605
1216	1217	0.99999999999994348965
1216	-1221	0.00000000000000000000
-1217	1220	0.00000000000000000000
1217	1218	0.99999999999999766853
1218	1219	1.00000000000000000000
1219	1220	0.99999999999999822364
1219	1222	0.00000000000000000000
1220	1221	1.00000000000000000000
1221	1222	0.99999999999999822364
1222	1223	0.99999999999999578115
1223	1224	0.99999999999999755751
1223	1226	0.00000000000000000000
1224	1225	0.99999999999999922284
1224	-1227	0.00000000000000000000
-1224	1226	0.00000000000000000000
1225	1226	0.99999999999999833467
1226	1227	0.99999999999999822364
1226	1228	0.00000000000000000000
1227	1228	0.99999999999999844569
1228	1229	0.99999999983759280120
1228	1230	0.00000000000000000000
1229	1230	0.99999999999998345768
1230	1231	0.99999999999999711342
1231	1232	0.99999999992146237915
1232	1233	0.99999999999999755751
1232	-1233	0.00000000000000013358
