PRI	11	0	516510	1	bosTau7	22
PRI	11	516510	1712926	1	bosTau7	4
PRI	11	1712926	1779528	-1	bosTau7	4
PRI	11	1779528	5347039	1	bosTau7	4
PRI	11	5347039	5675165	-1	bosTau7	4
PRI	11	5675165	7495225	1	bosTau7	4
PRI	11	7495225	8159117	-1	bosTau7	4
PRI	11	8159117	17429139	1	bosTau7	4
PRI	11	17429139	17841817	-1	bosTau7	4
PRI	11	17841817	29598642	1	bosTau7	4
PRI	11	29598642	30140021	1	bosTau7	10
PRI	11	30140021	30909197	1	bosTau7	4
PRI	11	30909197	54407607	-1	bosTau7	4
PRI	11	54407607	55780345	1	bosTau7	4
PRI	11	55780345	58408611	-1	bosTau7	4
PRI	11	58408611	58647011	-1	bosTau7	4
PRI	11	58647011	75092495	1	bosTau7	4
PRI	11	75092495	76544886	-1	bosTau7	4
PRI	11	76544886	76975007	1	bosTau7	4
PRI	11	76975007	84691922	-1	bosTau7	4
PRI	11	84691922	125836716	1	bosTau7	4
PRI	11	0	23460117	-1	calJac3	8
PRI	11	23460117	59720447	1	calJac3	8
PRI	11	59720447	60024405	-1	calJac3	8
PRI	11	60024405	84691922	1	calJac3	8
PRI	11	84691922	125836716	-1	calJac3	8
PRI	11	0	2043189	-1	canFam2	18
PRI	11	2043189	2122691	1	canFam2	18
PRI	11	2122691	9348132	-1	canFam2	18
PRI	11	9348132	11375928	1	canFam2	16
PRI	11	11375928	17978712	1	canFam2	18
PRI	11	17978712	60275738	-1	canFam2	14
PRI	11	60275738	75269867	-1	canFam2	18
PRI	11	75269867	76466924	1	canFam2	14
PRI	11	76466924	76887949	-1	canFam2	14
PRI	11	76887949	89877784	1	canFam2	14
PRI	11	89877784	101790436	-1	canFam2	14
PRI	11	101790436	116609076	-1	canFam2	16
PRI	11	116609076	125836716	1	canFam2	16
PRI	11	0	1447247	1	capHir1	22
PRI	11	1447247	1562655	-1	capHir1	4
PRI	11	1562655	2122691	1	capHir1	4
PRI	11	2122691	7105720	1	capHir1	4
PRI	11	7105720	7486006	-1	capHir1	4
PRI	11	7486006	8188822	1	capHir1	4
PRI	11	8188822	17113513	1	capHir1	4
PRI	11	17113513	30493756	1	capHir1	4
PRI	11	30493756	55741025	-1	capHir1	4
PRI	11	55741025	58140093	-1	capHir1	4
PRI	11	58140093	66493704	1	capHir1	4
PRI	11	66493704	66700104	-1	capHir1	4
PRI	11	66700104	75119188	1	capHir1	4
PRI	11	75119188	76437116	-1	capHir1	4
PRI	11	76437116	77127529	1	capHir1	4
PRI	11	77127529	84691922	-1	capHir1	4
PRI	11	84691922	125836716	1	capHir1	4
PRI	11	0	2052780	-1	equCab2	4
PRI	11	2052780	2122691	1	equCab2	4
PRI	11	2122691	18294922	-1	equCab2	4
PRI	11	18294922	64967261	-1	equCab2	4
PRI	11	64967261	74831363	1	equCab2	4
PRI	11	74831363	76376022	1	equCab2	4
PRI	11	76376022	76778702	-1	equCab2	4
PRI	11	76778702	125836716	1	equCab2	4
PRI	11	2122691	9214716	-1	galGal3	2
PRI	11	9214716	17557561	-1	galGal3	2
PRI	11	17557561	23460117	1	galGal3	2
PRI	11	23460117	58675419	-1	galGal3	2
PRI	11	58675419	74199507	1	galGal3	1
PRI	11	74199507	84691922	-1	galGal3	1
PRI	11	84691922	85292760	1	galGal3	1
PRI	11	85292760	85640379	-1	galGal3	1
PRI	11	86149285	101156389	-1	galGal3	1
PRI	11	101156389	110280061	-1	galGal3	1
PRI	11	110280061	125836716	1	galGal3	2
PRI	11	0	1447247	-1	gorGor3	7
PRI	11	1447247	2122691	1	gorGor3	7
PRI	11	2122691	48284885	-1	gorGor3	7
PRI	11	48284885	69090167	-1	gorGor3	7
PRI	11	69090167	125836716	1	gorGor3	7
PRI	11	0	1447247	-1	hg19	7
PRI	11	1447247	2122691	1	hg19	7
PRI	11	2122691	48284885	-1	hg19	7
PRI	11	48284885	69090167	-1	hg19	7
PRI	11	69090167	125836716	1	hg19	7
PRI	11	0	1447247	-1	mm10	11
PRI	11	1447247	2122691	1	mm10	11
PRI	11	2122691	11375928	-1	mm10	11
PRI	11	11375928	19003224	1	mm10	13
PRI	11	19003224	22502309	-1	mm10	9
PRI	11	22502309	31442706	-1	mm10	6
PRI	11	31442706	34415897	1	mm10	12
PRI	11	34415897	42048645	1	mm10	12
PRI	11	42048645	52738775	-1	mm10	6
PRI	11	52738775	71611388	1	mm10	5
PRI	11	71611388	74012767	-1	mm10	12
PRI	11	74012767	78691841	-1	mm10	12
PRI	11	78691841	118262965	1	mm10	6
PRI	11	118262965	124439212	1	mm10	5
PRI	11	124439212	125836716	-1	mm10	12
PRI	11	0	2090698	1	monDom5	6
PRI	11	2090698	2122691	-1	monDom5	6
PRI	11	2122691	10407920	1	monDom5	6
PRI	11	10407920	11375928	-1	monDom5	1
PRI	11	11375928	17830308	-1	monDom5	6
PRI	11	17830308	18641305	-1	monDom5	6
PRI	11	18641305	21784626	-1	monDom5	6
PRI	11	21784626	22557573	-1	monDom5	6
PRI	11	22557573	24239173	1	monDom5	6
PRI	11	24239173	42541018	1	monDom5	8
PRI	11	42541018	48284885	-1	monDom5	8
PRI	11	48284885	57946758	-1	monDom5	8
PRI	11	57946758	84691922	1	monDom5	8
PRI	11	84691922	85315525	-1	monDom5	8
PRI	11	85315525	85640379	1	monDom5	8
PRI	11	85640379	125836716	1	monDom5	8
PRI	11	0	2073373	1	oryCun2	10
PRI	11	2073373	2122691	-1	oryCun2	10
PRI	11	2122691	7227999	1	oryCun2	10
PRI	11	7227999	11375928	-1	oryCun2	10
PRI	11	11375928	41374895	-1	oryCun2	10
PRI	11	41374895	62576623	1	oryCun2	10
PRI	11	62576623	63186751	1	oryCun2	2
PRI	11	63186751	78725334	1	oryCun2	7
PRI	11	78725334	99127438	-1	oryCun2	7
PRI	11	99127438	104883059	1	oryCun2	7
PRI	11	104883059	107760084	1	oryCun2	7
PRI	11	107760084	115698489	-1	oryCun2	7
PRI	11	115698489	120722736	1	oryCun2	13
PRI	11	120722736	125836716	-1	oryCun2	13
PRI	11	0	11375928	-1	panTro3	7
PRI	11	11375928	15583258	1	panTro3	7
PRI	11	15583258	48284885	-1	panTro3	7
PRI	11	48284885	69090167	-1	panTro3	7
PRI	11	69090167	125836716	1	panTro3	7
PRI	11	0	1447247	1	ponAbe2	7
PRI	11	1447247	2122691	-1	ponAbe2	7
PRI	11	2122691	125836716	1	ponAbe2	7
PRI	11	0	61510912	1	rheMac3	3
PRI	11	61510912	85640379	1	rheMac3	3
PRI	11	85640379	86149285	-1	rheMac3	3
PRI	11	86149285	125836716	1	rheMac3	3
PRI	11	0	1447247	-1	rn4	14
PRI	11	1447247	2122691	1	rn4	14
PRI	11	2122691	11375928	-1	rn4	14
PRI	11	11375928	19242904	-1	rn4	17
PRI	11	19242904	22434305	-1	rn4	8
PRI	11	22434305	31472558	-1	rn4	4
PRI	11	31472558	34515530	1	rn4	6
PRI	11	34515530	42207104	1	rn4	6
PRI	11	42207104	58201691	-1	rn4	4
PRI	11	58201691	58778362	1	rn4	4
PRI	11	58778362	71517984	-1	rn4	4
PRI	11	71517984	74294008	-1	rn4	6
PRI	11	74294008	78664288	-1	rn4	6
PRI	11	78664288	118732957	1	rn4	4
PRI	11	118732957	124543522	-1	rn4	4
PRI	11	124543522	125836716	-1	rn4	6
PRI	11	0	1447247	-1	susScr2	9
PRI	11	1447247	1661453	1	susScr2	9
PRI	11	1661453	7183454	-1	susScr2	9
PRI	11	7183454	16568006	1	susScr2	18
PRI	11	16568006	17347472	-1	susScr2	9
PRI	11	17347472	32270911	1	susScr2	18
PRI	11	32270911	58138993	-1	susScr2	9
PRI	11	58138993	74743239	1	susScr2	9
PRI	11	74743239	76454203	-1	susScr2	18
PRI	11	76454203	76818637	1	susScr2	18
PRI	11	76818637	112331977	-1	susScr2	18
PRI	11	112331977	118569429	-1	susScr2	9
PRI	11	118569429	125836716	-1	susScr2	18
PRI	11	0	516510	1	bosTau7	22
PRI	11	516510	1712926	1	bosTau7	4
PRI	11	1712926	1779528	-1	bosTau7	4
PRI	11	1779528	5347039	1	bosTau7	4
PRI	11	5347039	5675165	-1	bosTau7	4
PRI	11	5675165	7495225	1	bosTau7	4
PRI	11	7495225	8159117	-1	bosTau7	4
PRI	11	8159117	17429139	1	bosTau7	4
PRI	11	17429139	17841817	-1	bosTau7	4
PRI	11	17841817	29598642	1	bosTau7	4
PRI	11	29598642	30140021	1	bosTau7	10
PRI	11	30140021	30909197	1	bosTau7	4
PRI	11	30909197	54407607	-1	bosTau7	4
PRI	11	54407607	55780345	1	bosTau7	4
PRI	11	55780345	58408611	-1	bosTau7	4
PRI	11	58408611	58647011	-1	bosTau7	4
PRI	11	58647011	75092495	1	bosTau7	4
PRI	11	75092495	76544886	-1	bosTau7	4
PRI	11	76544886	76975007	1	bosTau7	4
PRI	11	76975007	84691922	-1	bosTau7	4
PRI	11	84691922	125836716	1	bosTau7	4
PRI	11	0	23460117	-1	calJac3	8
PRI	11	23460117	59720447	1	calJac3	8
PRI	11	59720447	60024405	-1	calJac3	8
PRI	11	60024405	84691922	1	calJac3	8
PRI	11	84691922	125836716	-1	calJac3	8
PRI	11	0	2043189	-1	canFam2	18
PRI	11	2043189	2122691	1	canFam2	18
PRI	11	2122691	9348132	-1	canFam2	18
PRI	11	9348132	11375928	1	canFam2	16
PRI	11	11375928	17978712	1	canFam2	18
PRI	11	17978712	60275738	-1	canFam2	14
PRI	11	60275738	75269867	-1	canFam2	18
PRI	11	75269867	76466924	1	canFam2	14
PRI	11	76466924	76887949	-1	canFam2	14
PRI	11	76887949	89877784	1	canFam2	14
PRI	11	89877784	101790436	-1	canFam2	14
PRI	11	101790436	116609076	-1	canFam2	16
PRI	11	116609076	125836716	1	canFam2	16
PRI	11	0	1447247	1	capHir1	22
PRI	11	1447247	1562655	-1	capHir1	4
PRI	11	1562655	2122691	1	capHir1	4
PRI	11	2122691	7105720	1	capHir1	4
PRI	11	7105720	7486006	-1	capHir1	4
PRI	11	7486006	8188822	1	capHir1	4
PRI	11	8188822	17113513	1	capHir1	4
PRI	11	17113513	30493756	1	capHir1	4
PRI	11	30493756	55741025	-1	capHir1	4
PRI	11	55741025	58140093	-1	capHir1	4
PRI	11	58140093	66493704	1	capHir1	4
PRI	11	66493704	66700104	-1	capHir1	4
PRI	11	66700104	75119188	1	capHir1	4
PRI	11	75119188	76437116	-1	capHir1	4
PRI	11	76437116	77127529	1	capHir1	4
PRI	11	77127529	84691922	-1	capHir1	4
PRI	11	84691922	125836716	1	capHir1	4
PRI	11	0	2052780	-1	equCab2	4
PRI	11	2052780	2122691	1	equCab2	4
PRI	11	2122691	18294922	-1	equCab2	4
PRI	11	18294922	64967261	-1	equCab2	4
PRI	11	64967261	74831363	1	equCab2	4
PRI	11	74831363	76376022	1	equCab2	4
PRI	11	76376022	76778702	-1	equCab2	4
PRI	11	76778702	125836716	1	equCab2	4
PRI	11	2122691	9214716	-1	galGal3	2
PRI	11	9214716	17557561	-1	galGal3	2
PRI	11	17557561	23460117	1	galGal3	2
PRI	11	23460117	58675419	-1	galGal3	2
PRI	11	58675419	74199507	1	galGal3	1
PRI	11	74199507	84691922	-1	galGal3	1
PRI	11	84691922	85292760	1	galGal3	1
PRI	11	85292760	85640379	-1	galGal3	1
PRI	11	86149285	101156389	-1	galGal3	1
PRI	11	101156389	110280061	-1	galGal3	1
PRI	11	110280061	125836716	1	galGal3	2
PRI	11	0	1447247	-1	gorGor3	7
PRI	11	1447247	2122691	1	gorGor3	7
PRI	11	2122691	48284885	-1	gorGor3	7
PRI	11	48284885	69090167	-1	gorGor3	7
PRI	11	69090167	125836716	1	gorGor3	7
PRI	11	0	1447247	-1	hg19	7
PRI	11	1447247	2122691	1	hg19	7
PRI	11	2122691	48284885	-1	hg19	7
PRI	11	48284885	69090167	-1	hg19	7
PRI	11	69090167	125836716	1	hg19	7
PRI	11	0	1447247	-1	mm10	11
PRI	11	1447247	2122691	1	mm10	11
PRI	11	2122691	11375928	-1	mm10	11
PRI	11	11375928	19003224	1	mm10	13
PRI	11	19003224	22502309	-1	mm10	9
PRI	11	22502309	31442706	-1	mm10	6
PRI	11	31442706	34415897	1	mm10	12
PRI	11	34415897	42048645	1	mm10	12
PRI	11	42048645	52738775	-1	mm10	6
PRI	11	52738775	71611388	1	mm10	5
PRI	11	71611388	74012767	-1	mm10	12
PRI	11	74012767	78691841	-1	mm10	12
PRI	11	78691841	118262965	1	mm10	6
PRI	11	118262965	124439212	1	mm10	5
PRI	11	124439212	125836716	-1	mm10	12
PRI	11	0	2090698	1	monDom5	6
PRI	11	2090698	2122691	-1	monDom5	6
PRI	11	2122691	10407920	1	monDom5	6
PRI	11	10407920	11375928	-1	monDom5	1
PRI	11	11375928	17830308	-1	monDom5	6
PRI	11	17830308	18641305	-1	monDom5	6
PRI	11	18641305	21784626	-1	monDom5	6
PRI	11	21784626	22557573	-1	monDom5	6
PRI	11	22557573	24239173	1	monDom5	6
PRI	11	24239173	42541018	1	monDom5	8
PRI	11	42541018	48284885	-1	monDom5	8
PRI	11	48284885	57946758	-1	monDom5	8
PRI	11	57946758	84691922	1	monDom5	8
PRI	11	84691922	85315525	-1	monDom5	8
PRI	11	85315525	85640379	1	monDom5	8
PRI	11	85640379	125836716	1	monDom5	8
PRI	11	0	2073373	1	oryCun2	10
PRI	11	2073373	2122691	-1	oryCun2	10
PRI	11	2122691	7227999	1	oryCun2	10
PRI	11	7227999	11375928	-1	oryCun2	10
PRI	11	11375928	41374895	-1	oryCun2	10
PRI	11	41374895	62576623	1	oryCun2	10
PRI	11	62576623	63186751	1	oryCun2	2
PRI	11	63186751	78725334	1	oryCun2	7
PRI	11	78725334	99127438	-1	oryCun2	7
PRI	11	99127438	104883059	1	oryCun2	7
PRI	11	104883059	107760084	1	oryCun2	7
PRI	11	107760084	115698489	-1	oryCun2	7
PRI	11	115698489	120722736	1	oryCun2	13
PRI	11	120722736	125836716	-1	oryCun2	13
PRI	11	0	11375928	-1	panTro3	7
PRI	11	11375928	15583258	1	panTro3	7
PRI	11	15583258	48284885	-1	panTro3	7
PRI	11	48284885	69090167	-1	panTro3	7
PRI	11	69090167	125836716	1	panTro3	7
PRI	11	0	1447247	1	ponAbe2	7
PRI	11	1447247	2122691	-1	ponAbe2	7
PRI	11	2122691	125836716	1	ponAbe2	7
PRI	11	0	61510912	1	rheMac3	3
PRI	11	61510912	85640379	1	rheMac3	3
PRI	11	85640379	86149285	-1	rheMac3	3
PRI	11	86149285	125836716	1	rheMac3	3
PRI	11	0	1447247	-1	rn4	14
PRI	11	1447247	2122691	1	rn4	14
PRI	11	2122691	11375928	-1	rn4	14
PRI	11	11375928	19242904	-1	rn4	17
PRI	11	19242904	22434305	-1	rn4	8
PRI	11	22434305	31472558	-1	rn4	4
PRI	11	31472558	34515530	1	rn4	6
PRI	11	34515530	42207104	1	rn4	6
PRI	11	42207104	58201691	-1	rn4	4
PRI	11	58201691	58778362	1	rn4	4
PRI	11	58778362	71517984	-1	rn4	4
PRI	11	71517984	74294008	-1	rn4	6
PRI	11	74294008	78664288	-1	rn4	6
PRI	11	78664288	118732957	1	rn4	4
PRI	11	118732957	124543522	-1	rn4	4
PRI	11	124543522	125836716	-1	rn4	6
PRI	11	0	1447247	-1	susScr2	9
PRI	11	1447247	1661453	1	susScr2	9
PRI	11	1661453	7183454	-1	susScr2	9
PRI	11	7183454	16568006	1	susScr2	18
PRI	11	16568006	17347472	-1	susScr2	9
PRI	11	17347472	32270911	1	susScr2	18
PRI	11	32270911	58138993	-1	susScr2	9
PRI	11	58138993	74743239	1	susScr2	9
PRI	11	74743239	76454203	-1	susScr2	18
PRI	11	76454203	76818637	1	susScr2	18
PRI	11	76818637	112331977	-1	susScr2	18
PRI	11	112331977	118569429	-1	susScr2	9
PRI	11	118569429	125836716	-1	susScr2	18
PRI	11	0	516510	1	bosTau7	22
PRI	11	516510	1712926	1	bosTau7	4
PRI	11	1712926	1779528	-1	bosTau7	4
PRI	11	1779528	5347039	1	bosTau7	4
PRI	11	5347039	5675165	-1	bosTau7	4
PRI	11	5675165	7495225	1	bosTau7	4
PRI	11	7495225	8159117	-1	bosTau7	4
PRI	11	8159117	17429139	1	bosTau7	4
PRI	11	17429139	17841817	-1	bosTau7	4
PRI	11	17841817	29598642	1	bosTau7	4
PRI	11	29598642	30140021	1	bosTau7	10
PRI	11	30140021	30909197	1	bosTau7	4
PRI	11	30909197	54407607	-1	bosTau7	4
PRI	11	54407607	55780345	1	bosTau7	4
PRI	11	55780345	58408611	-1	bosTau7	4
PRI	11	58408611	58647011	-1	bosTau7	4
PRI	11	58647011	75092495	1	bosTau7	4
PRI	11	75092495	76544886	-1	bosTau7	4
PRI	11	76544886	76975007	1	bosTau7	4
PRI	11	76975007	84691922	-1	bosTau7	4
PRI	11	84691922	125836716	1	bosTau7	4
PRI	11	0	23460117	-1	calJac3	8
PRI	11	23460117	59720447	1	calJac3	8
PRI	11	59720447	60024405	-1	calJac3	8
PRI	11	60024405	84691922	1	calJac3	8
PRI	11	84691922	125836716	-1	calJac3	8
PRI	11	0	2043189	-1	canFam2	18
PRI	11	2043189	2122691	1	canFam2	18
PRI	11	2122691	9348132	-1	canFam2	18
PRI	11	9348132	11375928	1	canFam2	16
PRI	11	11375928	17978712	1	canFam2	18
PRI	11	17978712	60275738	-1	canFam2	14
PRI	11	60275738	75269867	-1	canFam2	18
PRI	11	75269867	76466924	1	canFam2	14
PRI	11	76466924	76887949	-1	canFam2	14
PRI	11	76887949	89877784	1	canFam2	14
PRI	11	89877784	101790436	-1	canFam2	14
PRI	11	101790436	116609076	-1	canFam2	16
PRI	11	116609076	125836716	1	canFam2	16
PRI	11	0	1447247	1	capHir1	22
PRI	11	1447247	1562655	-1	capHir1	4
PRI	11	1562655	2122691	1	capHir1	4
PRI	11	2122691	7105720	1	capHir1	4
PRI	11	7105720	7486006	-1	capHir1	4
PRI	11	7486006	8188822	1	capHir1	4
PRI	11	8188822	17113513	1	capHir1	4
PRI	11	17113513	30493756	1	capHir1	4
PRI	11	30493756	55741025	-1	capHir1	4
PRI	11	55741025	58140093	-1	capHir1	4
PRI	11	58140093	66493704	1	capHir1	4
PRI	11	66493704	66700104	-1	capHir1	4
PRI	11	66700104	75119188	1	capHir1	4
PRI	11	75119188	76437116	-1	capHir1	4
PRI	11	76437116	77127529	1	capHir1	4
PRI	11	77127529	84691922	-1	capHir1	4
PRI	11	84691922	125836716	1	capHir1	4
PRI	11	0	2052780	-1	equCab2	4
PRI	11	2052780	2122691	1	equCab2	4
PRI	11	2122691	18294922	-1	equCab2	4
PRI	11	18294922	64967261	-1	equCab2	4
PRI	11	64967261	74831363	1	equCab2	4
PRI	11	74831363	76376022	1	equCab2	4
PRI	11	76376022	76778702	-1	equCab2	4
PRI	11	76778702	125836716	1	equCab2	4
PRI	11	2122691	9214716	-1	galGal3	2
PRI	11	9214716	17557561	-1	galGal3	2
PRI	11	17557561	23460117	1	galGal3	2
PRI	11	23460117	58675419	-1	galGal3	2
PRI	11	58675419	74199507	1	galGal3	1
PRI	11	74199507	84691922	-1	galGal3	1
PRI	11	84691922	85292760	1	galGal3	1
PRI	11	85292760	85640379	-1	galGal3	1
PRI	11	86149285	101156389	-1	galGal3	1
PRI	11	101156389	110280061	-1	galGal3	1
PRI	11	110280061	125836716	1	galGal3	2
PRI	11	0	1447247	-1	gorGor3	7
PRI	11	1447247	2122691	1	gorGor3	7
PRI	11	2122691	48284885	-1	gorGor3	7
PRI	11	48284885	69090167	-1	gorGor3	7
PRI	11	69090167	125836716	1	gorGor3	7
PRI	11	0	1447247	-1	hg19	7
PRI	11	1447247	2122691	1	hg19	7
PRI	11	2122691	48284885	-1	hg19	7
PRI	11	48284885	69090167	-1	hg19	7
PRI	11	69090167	125836716	1	hg19	7
PRI	11	0	1447247	-1	mm10	11
PRI	11	1447247	2122691	1	mm10	11
PRI	11	2122691	11375928	-1	mm10	11
PRI	11	11375928	19003224	1	mm10	13
PRI	11	19003224	22502309	-1	mm10	9
PRI	11	22502309	31442706	-1	mm10	6
PRI	11	31442706	34415897	1	mm10	12
PRI	11	34415897	42048645	1	mm10	12
PRI	11	42048645	52738775	-1	mm10	6
PRI	11	52738775	71611388	1	mm10	5
PRI	11	71611388	74012767	-1	mm10	12
PRI	11	74012767	78691841	-1	mm10	12
PRI	11	78691841	118262965	1	mm10	6
PRI	11	118262965	124439212	1	mm10	5
PRI	11	124439212	125836716	-1	mm10	12
PRI	11	0	2090698	1	monDom5	6
PRI	11	2090698	2122691	-1	monDom5	6
PRI	11	2122691	10407920	1	monDom5	6
PRI	11	10407920	11375928	-1	monDom5	1
PRI	11	11375928	17830308	-1	monDom5	6
PRI	11	17830308	18641305	-1	monDom5	6
PRI	11	18641305	21784626	-1	monDom5	6
PRI	11	21784626	22557573	-1	monDom5	6
PRI	11	22557573	24239173	1	monDom5	6
PRI	11	24239173	42541018	1	monDom5	8
PRI	11	42541018	48284885	-1	monDom5	8
PRI	11	48284885	57946758	-1	monDom5	8
PRI	11	57946758	84691922	1	monDom5	8
PRI	11	84691922	85315525	-1	monDom5	8
PRI	11	85315525	85640379	1	monDom5	8
PRI	11	85640379	125836716	1	monDom5	8
PRI	11	0	2073373	1	oryCun2	10
PRI	11	2073373	2122691	-1	oryCun2	10
PRI	11	2122691	7227999	1	oryCun2	10
PRI	11	7227999	11375928	-1	oryCun2	10
PRI	11	11375928	41374895	-1	oryCun2	10
PRI	11	41374895	62576623	1	oryCun2	10
PRI	11	62576623	63186751	1	oryCun2	2
PRI	11	63186751	78725334	1	oryCun2	7
PRI	11	78725334	99127438	-1	oryCun2	7
PRI	11	99127438	104883059	1	oryCun2	7
PRI	11	104883059	107760084	1	oryCun2	7
PRI	11	107760084	115698489	-1	oryCun2	7
PRI	11	115698489	120722736	1	oryCun2	13
PRI	11	120722736	125836716	-1	oryCun2	13
PRI	11	0	11375928	-1	panTro3	7
PRI	11	11375928	15583258	1	panTro3	7
PRI	11	15583258	48284885	-1	panTro3	7
PRI	11	48284885	69090167	-1	panTro3	7
PRI	11	69090167	125836716	1	panTro3	7
PRI	11	0	1447247	1	ponAbe2	7
PRI	11	1447247	2122691	-1	ponAbe2	7
PRI	11	2122691	125836716	1	ponAbe2	7
PRI	11	0	61510912	1	rheMac3	3
PRI	11	61510912	85640379	1	rheMac3	3
PRI	11	85640379	86149285	-1	rheMac3	3
PRI	11	86149285	125836716	1	rheMac3	3
PRI	11	0	1447247	-1	rn4	14
PRI	11	1447247	2122691	1	rn4	14
PRI	11	2122691	11375928	-1	rn4	14
PRI	11	11375928	19242904	-1	rn4	17
PRI	11	19242904	22434305	-1	rn4	8
PRI	11	22434305	31472558	-1	rn4	4
PRI	11	31472558	34515530	1	rn4	6
PRI	11	34515530	42207104	1	rn4	6
PRI	11	42207104	58201691	-1	rn4	4
PRI	11	58201691	58778362	1	rn4	4
PRI	11	58778362	71517984	-1	rn4	4
PRI	11	71517984	74294008	-1	rn4	6
PRI	11	74294008	78664288	-1	rn4	6
PRI	11	78664288	118732957	1	rn4	4
PRI	11	118732957	124543522	-1	rn4	4
PRI	11	124543522	125836716	-1	rn4	6
PRI	11	0	1447247	-1	susScr2	9
PRI	11	1447247	1661453	1	susScr2	9
PRI	11	1661453	7183454	-1	susScr2	9
PRI	11	7183454	16568006	1	susScr2	18
PRI	11	16568006	17347472	-1	susScr2	9
PRI	11	17347472	32270911	1	susScr2	18
PRI	11	32270911	58138993	-1	susScr2	9
PRI	11	58138993	74743239	1	susScr2	9
PRI	11	74743239	76454203	-1	susScr2	18
PRI	11	76454203	76818637	1	susScr2	18
PRI	11	76818637	112331977	-1	susScr2	18
PRI	11	112331977	118569429	-1	susScr2	9
PRI	11	118569429	125836716	-1	susScr2	18
PRI	11	0	516510	1	bosTau7	22
PRI	11	516510	1712926	1	bosTau7	4
PRI	11	1712926	1779528	-1	bosTau7	4
PRI	11	1779528	5347039	1	bosTau7	4
PRI	11	5347039	5675165	-1	bosTau7	4
PRI	11	5675165	7495225	1	bosTau7	4
PRI	11	7495225	8159117	-1	bosTau7	4
PRI	11	8159117	17429139	1	bosTau7	4
PRI	11	17429139	17841817	-1	bosTau7	4
PRI	11	17841817	29598642	1	bosTau7	4
PRI	11	29598642	30140021	1	bosTau7	10
PRI	11	30140021	30909197	1	bosTau7	4
PRI	11	30909197	54407607	-1	bosTau7	4
PRI	11	54407607	55780345	1	bosTau7	4
PRI	11	55780345	58408611	-1	bosTau7	4
PRI	11	58408611	58647011	-1	bosTau7	4
PRI	11	58647011	75092495	1	bosTau7	4
PRI	11	75092495	76544886	-1	bosTau7	4
PRI	11	76544886	76975007	1	bosTau7	4
PRI	11	76975007	84691922	-1	bosTau7	4
PRI	11	84691922	125836716	1	bosTau7	4
PRI	11	0	23460117	-1	calJac3	8
PRI	11	23460117	59720447	1	calJac3	8
PRI	11	59720447	60024405	-1	calJac3	8
PRI	11	60024405	84691922	1	calJac3	8
PRI	11	84691922	125836716	-1	calJac3	8
PRI	11	0	2043189	-1	canFam2	18
PRI	11	2043189	2122691	1	canFam2	18
PRI	11	2122691	9348132	-1	canFam2	18
PRI	11	9348132	11375928	1	canFam2	16
PRI	11	11375928	17978712	1	canFam2	18
PRI	11	17978712	60275738	-1	canFam2	14
PRI	11	60275738	75269867	-1	canFam2	18
PRI	11	75269867	76466924	1	canFam2	14
PRI	11	76466924	76887949	-1	canFam2	14
PRI	11	76887949	89877784	1	canFam2	14
PRI	11	89877784	101790436	-1	canFam2	14
PRI	11	101790436	116609076	-1	canFam2	16
PRI	11	116609076	125836716	1	canFam2	16
PRI	11	0	1447247	1	capHir1	22
PRI	11	1447247	1562655	-1	capHir1	4
PRI	11	1562655	2122691	1	capHir1	4
PRI	11	2122691	7105720	1	capHir1	4
PRI	11	7105720	7486006	-1	capHir1	4
PRI	11	7486006	8188822	1	capHir1	4
PRI	11	8188822	17113513	1	capHir1	4
PRI	11	17113513	30493756	1	capHir1	4
PRI	11	30493756	55741025	-1	capHir1	4
PRI	11	55741025	58140093	-1	capHir1	4
PRI	11	58140093	66493704	1	capHir1	4
PRI	11	66493704	66700104	-1	capHir1	4
PRI	11	66700104	75119188	1	capHir1	4
PRI	11	75119188	76437116	-1	capHir1	4
PRI	11	76437116	77127529	1	capHir1	4
PRI	11	77127529	84691922	-1	capHir1	4
PRI	11	84691922	125836716	1	capHir1	4
PRI	11	0	2052780	-1	equCab2	4
PRI	11	2052780	2122691	1	equCab2	4
PRI	11	2122691	18294922	-1	equCab2	4
PRI	11	18294922	64967261	-1	equCab2	4
PRI	11	64967261	74831363	1	equCab2	4
PRI	11	74831363	76376022	1	equCab2	4
PRI	11	76376022	76778702	-1	equCab2	4
PRI	11	76778702	125836716	1	equCab2	4
PRI	11	2122691	9214716	-1	galGal3	2
PRI	11	9214716	17557561	-1	galGal3	2
PRI	11	17557561	23460117	1	galGal3	2
PRI	11	23460117	58675419	-1	galGal3	2
PRI	11	58675419	74199507	1	galGal3	1
PRI	11	74199507	84691922	-1	galGal3	1
PRI	11	84691922	85292760	1	galGal3	1
PRI	11	85292760	85640379	-1	galGal3	1
PRI	11	86149285	101156389	-1	galGal3	1
PRI	11	101156389	110280061	-1	galGal3	1
PRI	11	110280061	125836716	1	galGal3	2
PRI	11	0	1447247	-1	gorGor3	7
PRI	11	1447247	2122691	1	gorGor3	7
PRI	11	2122691	48284885	-1	gorGor3	7
PRI	11	48284885	69090167	-1	gorGor3	7
PRI	11	69090167	125836716	1	gorGor3	7
PRI	11	0	1447247	-1	hg19	7
PRI	11	1447247	2122691	1	hg19	7
PRI	11	2122691	48284885	-1	hg19	7
PRI	11	48284885	69090167	-1	hg19	7
PRI	11	69090167	125836716	1	hg19	7
PRI	11	0	1447247	-1	mm10	11
PRI	11	1447247	2122691	1	mm10	11
PRI	11	2122691	11375928	-1	mm10	11
PRI	11	11375928	19003224	1	mm10	13
PRI	11	19003224	22502309	-1	mm10	9
PRI	11	22502309	31442706	-1	mm10	6
PRI	11	31442706	34415897	1	mm10	12
PRI	11	34415897	42048645	1	mm10	12
PRI	11	42048645	52738775	-1	mm10	6
PRI	11	52738775	71611388	1	mm10	5
PRI	11	71611388	74012767	-1	mm10	12
PRI	11	74012767	78691841	-1	mm10	12
PRI	11	78691841	118262965	1	mm10	6
PRI	11	118262965	124439212	1	mm10	5
PRI	11	124439212	125836716	-1	mm10	12
PRI	11	0	2090698	1	monDom5	6
PRI	11	2090698	2122691	-1	monDom5	6
PRI	11	2122691	10407920	1	monDom5	6
PRI	11	10407920	11375928	-1	monDom5	1
PRI	11	11375928	17830308	-1	monDom5	6
PRI	11	17830308	18641305	-1	monDom5	6
PRI	11	18641305	21784626	-1	monDom5	6
PRI	11	21784626	22557573	-1	monDom5	6
PRI	11	22557573	24239173	1	monDom5	6
PRI	11	24239173	42541018	1	monDom5	8
PRI	11	42541018	48284885	-1	monDom5	8
PRI	11	48284885	57946758	-1	monDom5	8
PRI	11	57946758	84691922	1	monDom5	8
PRI	11	84691922	85315525	-1	monDom5	8
PRI	11	85315525	85640379	1	monDom5	8
PRI	11	85640379	125836716	1	monDom5	8
PRI	11	0	2073373	1	oryCun2	10
PRI	11	2073373	2122691	-1	oryCun2	10
PRI	11	2122691	7227999	1	oryCun2	10
PRI	11	7227999	11375928	-1	oryCun2	10
PRI	11	11375928	41374895	-1	oryCun2	10
PRI	11	41374895	62576623	1	oryCun2	10
PRI	11	62576623	63186751	1	oryCun2	2
PRI	11	63186751	78725334	1	oryCun2	7
PRI	11	78725334	99127438	-1	oryCun2	7
PRI	11	99127438	104883059	1	oryCun2	7
PRI	11	104883059	107760084	1	oryCun2	7
PRI	11	107760084	115698489	-1	oryCun2	7
PRI	11	115698489	120722736	1	oryCun2	13
PRI	11	120722736	125836716	-1	oryCun2	13
PRI	11	0	11375928	-1	panTro3	7
PRI	11	11375928	15583258	1	panTro3	7
PRI	11	15583258	48284885	-1	panTro3	7
PRI	11	48284885	69090167	-1	panTro3	7
PRI	11	69090167	125836716	1	panTro3	7
PRI	11	0	1447247	1	ponAbe2	7
PRI	11	1447247	2122691	-1	ponAbe2	7
PRI	11	2122691	125836716	1	ponAbe2	7
PRI	11	0	61510912	1	rheMac3	3
PRI	11	61510912	85640379	1	rheMac3	3
PRI	11	85640379	86149285	-1	rheMac3	3
PRI	11	86149285	125836716	1	rheMac3	3
PRI	11	0	1447247	-1	rn4	14
PRI	11	1447247	2122691	1	rn4	14
PRI	11	2122691	11375928	-1	rn4	14
PRI	11	11375928	19242904	-1	rn4	17
PRI	11	19242904	22434305	-1	rn4	8
PRI	11	22434305	31472558	-1	rn4	4
PRI	11	31472558	34515530	1	rn4	6
PRI	11	34515530	42207104	1	rn4	6
PRI	11	42207104	58201691	-1	rn4	4
PRI	11	58201691	58778362	1	rn4	4
PRI	11	58778362	71517984	-1	rn4	4
PRI	11	71517984	74294008	-1	rn4	6
PRI	11	74294008	78664288	-1	rn4	6
PRI	11	78664288	118732957	1	rn4	4
PRI	11	118732957	124543522	-1	rn4	4
PRI	11	124543522	125836716	-1	rn4	6
PRI	11	0	1447247	-1	susScr2	9
PRI	11	1447247	1661453	1	susScr2	9
PRI	11	1661453	7183454	-1	susScr2	9
PRI	11	7183454	16568006	1	susScr2	18
PRI	11	16568006	17347472	-1	susScr2	9
PRI	11	17347472	32270911	1	susScr2	18
PRI	11	32270911	58138993	-1	susScr2	9
PRI	11	58138993	74743239	1	susScr2	9
PRI	11	74743239	76454203	-1	susScr2	18
PRI	11	76454203	76818637	1	susScr2	18
PRI	11	76818637	112331977	-1	susScr2	18
PRI	11	112331977	118569429	-1	susScr2	9
PRI	11	118569429	125836716	-1	susScr2	18
PRI	11	0	516510	1	bosTau7	22
PRI	11	516510	1712926	1	bosTau7	4
PRI	11	1712926	1779528	-1	bosTau7	4
PRI	11	1779528	5347039	1	bosTau7	4
PRI	11	5347039	5675165	-1	bosTau7	4
PRI	11	5675165	7495225	1	bosTau7	4
PRI	11	7495225	8159117	-1	bosTau7	4
PRI	11	8159117	17429139	1	bosTau7	4
PRI	11	17429139	17841817	-1	bosTau7	4
PRI	11	17841817	29598642	1	bosTau7	4
PRI	11	29598642	30140021	1	bosTau7	10
PRI	11	30140021	30909197	1	bosTau7	4
PRI	11	30909197	54407607	-1	bosTau7	4
PRI	11	54407607	55780345	1	bosTau7	4
PRI	11	55780345	58408611	-1	bosTau7	4
PRI	11	58408611	58647011	-1	bosTau7	4
PRI	11	58647011	75092495	1	bosTau7	4
PRI	11	75092495	76544886	-1	bosTau7	4
PRI	11	76544886	76975007	1	bosTau7	4
PRI	11	76975007	84691922	-1	bosTau7	4
PRI	11	84691922	125836716	1	bosTau7	4
PRI	11	0	23460117	-1	calJac3	8
PRI	11	23460117	59720447	1	calJac3	8
PRI	11	59720447	60024405	-1	calJac3	8
PRI	11	60024405	84691922	1	calJac3	8
PRI	11	84691922	125836716	-1	calJac3	8
PRI	11	0	2043189	-1	canFam2	18
PRI	11	2043189	2122691	1	canFam2	18
PRI	11	2122691	9348132	-1	canFam2	18
PRI	11	9348132	11375928	1	canFam2	16
PRI	11	11375928	17978712	1	canFam2	18
PRI	11	17978712	60275738	-1	canFam2	14
PRI	11	60275738	75269867	-1	canFam2	18
PRI	11	75269867	76466924	1	canFam2	14
PRI	11	76466924	76887949	-1	canFam2	14
PRI	11	76887949	89877784	1	canFam2	14
PRI	11	89877784	101790436	-1	canFam2	14
PRI	11	101790436	116609076	-1	canFam2	16
PRI	11	116609076	125836716	1	canFam2	16
PRI	11	0	1447247	1	capHir1	22
PRI	11	1447247	1562655	-1	capHir1	4
PRI	11	1562655	2122691	1	capHir1	4
PRI	11	2122691	7105720	1	capHir1	4
PRI	11	7105720	7486006	-1	capHir1	4
PRI	11	7486006	8188822	1	capHir1	4
PRI	11	8188822	17113513	1	capHir1	4
PRI	11	17113513	30493756	1	capHir1	4
PRI	11	30493756	55741025	-1	capHir1	4
PRI	11	55741025	58140093	-1	capHir1	4
PRI	11	58140093	66493704	1	capHir1	4
PRI	11	66493704	66700104	-1	capHir1	4
PRI	11	66700104	75119188	1	capHir1	4
PRI	11	75119188	76437116	-1	capHir1	4
PRI	11	76437116	77127529	1	capHir1	4
PRI	11	77127529	84691922	-1	capHir1	4
PRI	11	84691922	125836716	1	capHir1	4
PRI	11	0	2052780	-1	equCab2	4
PRI	11	2052780	2122691	1	equCab2	4
PRI	11	2122691	18294922	-1	equCab2	4
PRI	11	18294922	64967261	-1	equCab2	4
PRI	11	64967261	74831363	1	equCab2	4
PRI	11	74831363	76376022	1	equCab2	4
PRI	11	76376022	76778702	-1	equCab2	4
PRI	11	76778702	125836716	1	equCab2	4
PRI	11	2122691	9214716	-1	galGal3	2
PRI	11	9214716	17557561	-1	galGal3	2
PRI	11	17557561	23460117	1	galGal3	2
PRI	11	23460117	58675419	-1	galGal3	2
PRI	11	58675419	74199507	1	galGal3	1
PRI	11	74199507	84691922	-1	galGal3	1
PRI	11	84691922	85292760	1	galGal3	1
PRI	11	85292760	85640379	-1	galGal3	1
PRI	11	86149285	101156389	-1	galGal3	1
PRI	11	101156389	110280061	-1	galGal3	1
PRI	11	110280061	125836716	1	galGal3	2
PRI	11	0	1447247	-1	gorGor3	7
PRI	11	1447247	2122691	1	gorGor3	7
PRI	11	2122691	48284885	-1	gorGor3	7
PRI	11	48284885	69090167	-1	gorGor3	7
PRI	11	69090167	125836716	1	gorGor3	7
PRI	11	0	1447247	-1	hg19	7
PRI	11	1447247	2122691	1	hg19	7
PRI	11	2122691	48284885	-1	hg19	7
PRI	11	48284885	69090167	-1	hg19	7
PRI	11	69090167	125836716	1	hg19	7
PRI	11	0	1447247	-1	mm10	11
PRI	11	1447247	2122691	1	mm10	11
PRI	11	2122691	11375928	-1	mm10	11
PRI	11	11375928	19003224	1	mm10	13
PRI	11	19003224	22502309	-1	mm10	9
PRI	11	22502309	31442706	-1	mm10	6
PRI	11	31442706	34415897	1	mm10	12
PRI	11	34415897	42048645	1	mm10	12
PRI	11	42048645	52738775	-1	mm10	6
PRI	11	52738775	71611388	1	mm10	5
PRI	11	71611388	74012767	-1	mm10	12
PRI	11	74012767	78691841	-1	mm10	12
PRI	11	78691841	118262965	1	mm10	6
PRI	11	118262965	124439212	1	mm10	5
PRI	11	124439212	125836716	-1	mm10	12
PRI	11	0	2090698	1	monDom5	6
PRI	11	2090698	2122691	-1	monDom5	6
PRI	11	2122691	10407920	1	monDom5	6
PRI	11	10407920	11375928	-1	monDom5	1
PRI	11	11375928	17830308	-1	monDom5	6
PRI	11	17830308	18641305	-1	monDom5	6
PRI	11	18641305	21784626	-1	monDom5	6
PRI	11	21784626	22557573	-1	monDom5	6
PRI	11	22557573	24239173	1	monDom5	6
PRI	11	24239173	42541018	1	monDom5	8
PRI	11	42541018	48284885	-1	monDom5	8
PRI	11	48284885	57946758	-1	monDom5	8
PRI	11	57946758	84691922	1	monDom5	8
PRI	11	84691922	85315525	-1	monDom5	8
PRI	11	85315525	85640379	1	monDom5	8
PRI	11	85640379	125836716	1	monDom5	8
PRI	11	0	2073373	1	oryCun2	10
PRI	11	2073373	2122691	-1	oryCun2	10
PRI	11	2122691	7227999	1	oryCun2	10
PRI	11	7227999	11375928	-1	oryCun2	10
PRI	11	11375928	41374895	-1	oryCun2	10
PRI	11	41374895	62576623	1	oryCun2	10
PRI	11	62576623	63186751	1	oryCun2	2
PRI	11	63186751	78725334	1	oryCun2	7
PRI	11	78725334	99127438	-1	oryCun2	7
PRI	11	99127438	104883059	1	oryCun2	7
PRI	11	104883059	107760084	1	oryCun2	7
PRI	11	107760084	115698489	-1	oryCun2	7
PRI	11	115698489	120722736	1	oryCun2	13
PRI	11	120722736	125836716	-1	oryCun2	13
PRI	11	0	11375928	-1	panTro3	7
PRI	11	11375928	15583258	1	panTro3	7
PRI	11	15583258	48284885	-1	panTro3	7
PRI	11	48284885	69090167	-1	panTro3	7
PRI	11	69090167	125836716	1	panTro3	7
PRI	11	0	1447247	1	ponAbe2	7
PRI	11	1447247	2122691	-1	ponAbe2	7
PRI	11	2122691	125836716	1	ponAbe2	7
PRI	11	0	61510912	1	rheMac3	3
PRI	11	61510912	85640379	1	rheMac3	3
PRI	11	85640379	86149285	-1	rheMac3	3
PRI	11	86149285	125836716	1	rheMac3	3
PRI	11	0	1447247	-1	rn4	14
PRI	11	1447247	2122691	1	rn4	14
PRI	11	2122691	11375928	-1	rn4	14
PRI	11	11375928	19242904	-1	rn4	17
PRI	11	19242904	22434305	-1	rn4	8
PRI	11	22434305	31472558	-1	rn4	4
PRI	11	31472558	34515530	1	rn4	6
PRI	11	34515530	42207104	1	rn4	6
PRI	11	42207104	58201691	-1	rn4	4
PRI	11	58201691	58778362	1	rn4	4
PRI	11	58778362	71517984	-1	rn4	4
PRI	11	71517984	74294008	-1	rn4	6
PRI	11	74294008	78664288	-1	rn4	6
PRI	11	78664288	118732957	1	rn4	4
PRI	11	118732957	124543522	-1	rn4	4
PRI	11	124543522	125836716	-1	rn4	6
PRI	11	0	1447247	-1	susScr2	9
PRI	11	1447247	1661453	1	susScr2	9
PRI	11	1661453	7183454	-1	susScr2	9
PRI	11	7183454	16568006	1	susScr2	18
PRI	11	16568006	17347472	-1	susScr2	9
PRI	11	17347472	32270911	1	susScr2	18
PRI	11	32270911	58138993	-1	susScr2	9
PRI	11	58138993	74743239	1	susScr2	9
PRI	11	74743239	76454203	-1	susScr2	18
PRI	11	76454203	76818637	1	susScr2	18
PRI	11	76818637	112331977	-1	susScr2	18
PRI	11	112331977	118569429	-1	susScr2	9
PRI	11	118569429	125836716	-1	susScr2	18
PRI	11	0	516510	1	bosTau7	22
PRI	11	516510	1712926	1	bosTau7	4
PRI	11	1712926	1779528	-1	bosTau7	4
PRI	11	1779528	5347039	1	bosTau7	4
PRI	11	5347039	5675165	-1	bosTau7	4
PRI	11	5675165	7495225	1	bosTau7	4
PRI	11	7495225	8159117	-1	bosTau7	4
PRI	11	8159117	17429139	1	bosTau7	4
PRI	11	17429139	17841817	-1	bosTau7	4
PRI	11	17841817	29598642	1	bosTau7	4
PRI	11	29598642	30140021	1	bosTau7	10
PRI	11	30140021	30909197	1	bosTau7	4
PRI	11	30909197	54407607	-1	bosTau7	4
PRI	11	54407607	55780345	1	bosTau7	4
PRI	11	55780345	58408611	-1	bosTau7	4
PRI	11	58408611	58647011	-1	bosTau7	4
PRI	11	58647011	75092495	1	bosTau7	4
PRI	11	75092495	76544886	-1	bosTau7	4
PRI	11	76544886	76975007	1	bosTau7	4
PRI	11	76975007	84691922	-1	bosTau7	4
PRI	11	84691922	125836716	1	bosTau7	4
PRI	11	0	23460117	-1	calJac3	8
PRI	11	23460117	59720447	1	calJac3	8
PRI	11	59720447	60024405	-1	calJac3	8
PRI	11	60024405	84691922	1	calJac3	8
PRI	11	84691922	125836716	-1	calJac3	8
PRI	11	0	2043189	-1	canFam2	18
PRI	11	2043189	2122691	1	canFam2	18
PRI	11	2122691	9348132	-1	canFam2	18
PRI	11	9348132	11375928	1	canFam2	16
PRI	11	11375928	17978712	1	canFam2	18
PRI	11	17978712	60275738	-1	canFam2	14
PRI	11	60275738	75269867	-1	canFam2	18
PRI	11	75269867	76466924	1	canFam2	14
PRI	11	76466924	76887949	-1	canFam2	14
PRI	11	76887949	89877784	1	canFam2	14
PRI	11	89877784	101790436	-1	canFam2	14
PRI	11	101790436	116609076	-1	canFam2	16
PRI	11	116609076	125836716	1	canFam2	16
PRI	11	0	1447247	1	capHir1	22
PRI	11	1447247	1562655	-1	capHir1	4
PRI	11	1562655	2122691	1	capHir1	4
PRI	11	2122691	7105720	1	capHir1	4
PRI	11	7105720	7486006	-1	capHir1	4
PRI	11	7486006	8188822	1	capHir1	4
PRI	11	8188822	17113513	1	capHir1	4
PRI	11	17113513	30493756	1	capHir1	4
PRI	11	30493756	55741025	-1	capHir1	4
PRI	11	55741025	58140093	-1	capHir1	4
PRI	11	58140093	66493704	1	capHir1	4
PRI	11	66493704	66700104	-1	capHir1	4
PRI	11	66700104	75119188	1	capHir1	4
PRI	11	75119188	76437116	-1	capHir1	4
PRI	11	76437116	77127529	1	capHir1	4
PRI	11	77127529	84691922	-1	capHir1	4
PRI	11	84691922	125836716	1	capHir1	4
PRI	11	0	2052780	-1	equCab2	4
PRI	11	2052780	2122691	1	equCab2	4
PRI	11	2122691	18294922	-1	equCab2	4
PRI	11	18294922	64967261	-1	equCab2	4
PRI	11	64967261	74831363	1	equCab2	4
PRI	11	74831363	76376022	1	equCab2	4
PRI	11	76376022	76778702	-1	equCab2	4
PRI	11	76778702	125836716	1	equCab2	4
PRI	11	2122691	9214716	-1	galGal3	2
PRI	11	9214716	17557561	-1	galGal3	2
PRI	11	17557561	23460117	1	galGal3	2
PRI	11	23460117	58675419	-1	galGal3	2
PRI	11	58675419	74199507	1	galGal3	1
PRI	11	74199507	84691922	-1	galGal3	1
PRI	11	84691922	85292760	1	galGal3	1
PRI	11	85292760	85640379	-1	galGal3	1
PRI	11	86149285	101156389	-1	galGal3	1
PRI	11	101156389	110280061	-1	galGal3	1
PRI	11	110280061	125836716	1	galGal3	2
PRI	11	0	1447247	-1	gorGor3	7
PRI	11	1447247	2122691	1	gorGor3	7
PRI	11	2122691	48284885	-1	gorGor3	7
PRI	11	48284885	69090167	-1	gorGor3	7
PRI	11	69090167	125836716	1	gorGor3	7
PRI	11	0	1447247	-1	hg19	7
PRI	11	1447247	2122691	1	hg19	7
PRI	11	2122691	48284885	-1	hg19	7
PRI	11	48284885	69090167	-1	hg19	7
PRI	11	69090167	125836716	1	hg19	7
PRI	11	0	1447247	-1	mm10	11
PRI	11	1447247	2122691	1	mm10	11
PRI	11	2122691	11375928	-1	mm10	11
PRI	11	11375928	19003224	1	mm10	13
PRI	11	19003224	22502309	-1	mm10	9
PRI	11	22502309	31442706	-1	mm10	6
PRI	11	31442706	34415897	1	mm10	12
PRI	11	34415897	42048645	1	mm10	12
PRI	11	42048645	52738775	-1	mm10	6
PRI	11	52738775	71611388	1	mm10	5
PRI	11	71611388	74012767	-1	mm10	12
PRI	11	74012767	78691841	-1	mm10	12
PRI	11	78691841	118262965	1	mm10	6
PRI	11	118262965	124439212	1	mm10	5
PRI	11	124439212	125836716	-1	mm10	12
PRI	11	0	2090698	1	monDom5	6
PRI	11	2090698	2122691	-1	monDom5	6
PRI	11	2122691	10407920	1	monDom5	6
PRI	11	10407920	11375928	-1	monDom5	1
PRI	11	11375928	17830308	-1	monDom5	6
PRI	11	17830308	18641305	-1	monDom5	6
PRI	11	18641305	21784626	-1	monDom5	6
PRI	11	21784626	22557573	-1	monDom5	6
PRI	11	22557573	24239173	1	monDom5	6
PRI	11	24239173	42541018	1	monDom5	8
PRI	11	42541018	48284885	-1	monDom5	8
PRI	11	48284885	57946758	-1	monDom5	8
PRI	11	57946758	84691922	1	monDom5	8
PRI	11	84691922	85315525	-1	monDom5	8
PRI	11	85315525	85640379	1	monDom5	8
PRI	11	85640379	125836716	1	monDom5	8
PRI	11	0	2073373	1	oryCun2	10
PRI	11	2073373	2122691	-1	oryCun2	10
PRI	11	2122691	7227999	1	oryCun2	10
PRI	11	7227999	11375928	-1	oryCun2	10
PRI	11	11375928	41374895	-1	oryCun2	10
PRI	11	41374895	62576623	1	oryCun2	10
PRI	11	62576623	63186751	1	oryCun2	2
PRI	11	63186751	78725334	1	oryCun2	7
PRI	11	78725334	99127438	-1	oryCun2	7
PRI	11	99127438	104883059	1	oryCun2	7
PRI	11	104883059	107760084	1	oryCun2	7
PRI	11	107760084	115698489	-1	oryCun2	7
PRI	11	115698489	120722736	1	oryCun2	13
PRI	11	120722736	125836716	-1	oryCun2	13
PRI	11	0	11375928	-1	panTro3	7
PRI	11	11375928	15583258	1	panTro3	7
PRI	11	15583258	48284885	-1	panTro3	7
PRI	11	48284885	69090167	-1	panTro3	7
PRI	11	69090167	125836716	1	panTro3	7
PRI	11	0	1447247	1	ponAbe2	7
PRI	11	1447247	2122691	-1	ponAbe2	7
PRI	11	2122691	125836716	1	ponAbe2	7
PRI	11	0	61510912	1	rheMac3	3
PRI	11	61510912	85640379	1	rheMac3	3
PRI	11	85640379	86149285	-1	rheMac3	3
PRI	11	86149285	125836716	1	rheMac3	3
PRI	11	0	1447247	-1	rn4	14
PRI	11	1447247	2122691	1	rn4	14
PRI	11	2122691	11375928	-1	rn4	14
PRI	11	11375928	19242904	-1	rn4	17
PRI	11	19242904	22434305	-1	rn4	8
PRI	11	22434305	31472558	-1	rn4	4
PRI	11	31472558	34515530	1	rn4	6
PRI	11	34515530	42207104	1	rn4	6
PRI	11	42207104	58201691	-1	rn4	4
PRI	11	58201691	58778362	1	rn4	4
PRI	11	58778362	71517984	-1	rn4	4
PRI	11	71517984	74294008	-1	rn4	6
PRI	11	74294008	78664288	-1	rn4	6
PRI	11	78664288	118732957	1	rn4	4
PRI	11	118732957	124543522	-1	rn4	4
PRI	11	124543522	125836716	-1	rn4	6
PRI	11	0	1447247	-1	susScr2	9
PRI	11	1447247	1661453	1	susScr2	9
PRI	11	1661453	7183454	-1	susScr2	9
PRI	11	7183454	16568006	1	susScr2	18
PRI	11	16568006	17347472	-1	susScr2	9
PRI	11	17347472	32270911	1	susScr2	18
PRI	11	32270911	58138993	-1	susScr2	9
PRI	11	58138993	74743239	1	susScr2	9
PRI	11	74743239	76454203	-1	susScr2	18
PRI	11	76454203	76818637	1	susScr2	18
PRI	11	76818637	112331977	-1	susScr2	18
PRI	11	112331977	118569429	-1	susScr2	9
PRI	11	118569429	125836716	-1	susScr2	18
PRI	11	0	516510	1	bosTau7	22
PRI	11	516510	1712926	1	bosTau7	4
PRI	11	1712926	1779528	-1	bosTau7	4
PRI	11	1779528	5347039	1	bosTau7	4
PRI	11	5347039	5675165	-1	bosTau7	4
PRI	11	5675165	7495225	1	bosTau7	4
PRI	11	7495225	8159117	-1	bosTau7	4
PRI	11	8159117	17429139	1	bosTau7	4
PRI	11	17429139	17841817	-1	bosTau7	4
PRI	11	17841817	29598642	1	bosTau7	4
PRI	11	29598642	30140021	1	bosTau7	10
PRI	11	30140021	30909197	1	bosTau7	4
PRI	11	30909197	54407607	-1	bosTau7	4
PRI	11	54407607	55780345	1	bosTau7	4
PRI	11	55780345	58408611	-1	bosTau7	4
PRI	11	58408611	58647011	-1	bosTau7	4
PRI	11	58647011	75092495	1	bosTau7	4
PRI	11	75092495	76544886	-1	bosTau7	4
PRI	11	76544886	76975007	1	bosTau7	4
PRI	11	76975007	84691922	-1	bosTau7	4
PRI	11	84691922	125836716	1	bosTau7	4
PRI	11	0	23460117	-1	calJac3	8
PRI	11	23460117	59720447	1	calJac3	8
PRI	11	59720447	60024405	-1	calJac3	8
PRI	11	60024405	84691922	1	calJac3	8
PRI	11	84691922	125836716	-1	calJac3	8
PRI	11	0	2043189	-1	canFam2	18
PRI	11	2043189	2122691	1	canFam2	18
PRI	11	2122691	9348132	-1	canFam2	18
PRI	11	9348132	11375928	1	canFam2	16
PRI	11	11375928	17978712	1	canFam2	18
PRI	11	17978712	60275738	-1	canFam2	14
PRI	11	60275738	75269867	-1	canFam2	18
PRI	11	75269867	76466924	1	canFam2	14
PRI	11	76466924	76887949	-1	canFam2	14
PRI	11	76887949	89877784	1	canFam2	14
PRI	11	89877784	101790436	-1	canFam2	14
PRI	11	101790436	116609076	-1	canFam2	16
PRI	11	116609076	125836716	1	canFam2	16
PRI	11	0	1447247	1	capHir1	22
PRI	11	1447247	1562655	-1	capHir1	4
PRI	11	1562655	2122691	1	capHir1	4
PRI	11	2122691	7105720	1	capHir1	4
PRI	11	7105720	7486006	-1	capHir1	4
PRI	11	7486006	8188822	1	capHir1	4
PRI	11	8188822	17113513	1	capHir1	4
PRI	11	17113513	30493756	1	capHir1	4
PRI	11	30493756	55741025	-1	capHir1	4
PRI	11	55741025	58140093	-1	capHir1	4
PRI	11	58140093	66493704	1	capHir1	4
PRI	11	66493704	66700104	-1	capHir1	4
PRI	11	66700104	75119188	1	capHir1	4
PRI	11	75119188	76437116	-1	capHir1	4
PRI	11	76437116	77127529	1	capHir1	4
PRI	11	77127529	84691922	-1	capHir1	4
PRI	11	84691922	125836716	1	capHir1	4
PRI	11	0	2052780	-1	equCab2	4
PRI	11	2052780	2122691	1	equCab2	4
PRI	11	2122691	18294922	-1	equCab2	4
PRI	11	18294922	64967261	-1	equCab2	4
PRI	11	64967261	74831363	1	equCab2	4
PRI	11	74831363	76376022	1	equCab2	4
PRI	11	76376022	76778702	-1	equCab2	4
PRI	11	76778702	125836716	1	equCab2	4
PRI	11	2122691	9214716	-1	galGal3	2
PRI	11	9214716	17557561	-1	galGal3	2
PRI	11	17557561	23460117	1	galGal3	2
PRI	11	23460117	58675419	-1	galGal3	2
PRI	11	58675419	74199507	1	galGal3	1
PRI	11	74199507	84691922	-1	galGal3	1
PRI	11	84691922	85292760	1	galGal3	1
PRI	11	85292760	85640379	-1	galGal3	1
PRI	11	86149285	101156389	-1	galGal3	1
PRI	11	101156389	110280061	-1	galGal3	1
PRI	11	110280061	125836716	1	galGal3	2
PRI	11	0	1447247	-1	gorGor3	7
PRI	11	1447247	2122691	1	gorGor3	7
PRI	11	2122691	48284885	-1	gorGor3	7
PRI	11	48284885	69090167	-1	gorGor3	7
PRI	11	69090167	125836716	1	gorGor3	7
PRI	11	0	1447247	-1	hg19	7
PRI	11	1447247	2122691	1	hg19	7
PRI	11	2122691	48284885	-1	hg19	7
PRI	11	48284885	69090167	-1	hg19	7
PRI	11	69090167	125836716	1	hg19	7
PRI	11	0	1447247	-1	mm10	11
PRI	11	1447247	2122691	1	mm10	11
PRI	11	2122691	11375928	-1	mm10	11
PRI	11	11375928	19003224	1	mm10	13
PRI	11	19003224	22502309	-1	mm10	9
PRI	11	22502309	31442706	-1	mm10	6
PRI	11	31442706	34415897	1	mm10	12
PRI	11	34415897	42048645	1	mm10	12
PRI	11	42048645	52738775	-1	mm10	6
PRI	11	52738775	71611388	1	mm10	5
PRI	11	71611388	74012767	-1	mm10	12
PRI	11	74012767	78691841	-1	mm10	12
PRI	11	78691841	118262965	1	mm10	6
PRI	11	118262965	124439212	1	mm10	5
PRI	11	124439212	125836716	-1	mm10	12
PRI	11	0	2090698	1	monDom5	6
PRI	11	2090698	2122691	-1	monDom5	6
PRI	11	2122691	10407920	1	monDom5	6
PRI	11	10407920	11375928	-1	monDom5	1
PRI	11	11375928	17830308	-1	monDom5	6
PRI	11	17830308	18641305	-1	monDom5	6
PRI	11	18641305	21784626	-1	monDom5	6
PRI	11	21784626	22557573	-1	monDom5	6
PRI	11	22557573	24239173	1	monDom5	6
PRI	11	24239173	42541018	1	monDom5	8
PRI	11	42541018	48284885	-1	monDom5	8
PRI	11	48284885	57946758	-1	monDom5	8
PRI	11	57946758	84691922	1	monDom5	8
PRI	11	84691922	85315525	-1	monDom5	8
PRI	11	85315525	85640379	1	monDom5	8
PRI	11	85640379	125836716	1	monDom5	8
PRI	11	0	2073373	1	oryCun2	10
PRI	11	2073373	2122691	-1	oryCun2	10
PRI	11	2122691	7227999	1	oryCun2	10
PRI	11	7227999	11375928	-1	oryCun2	10
PRI	11	11375928	41374895	-1	oryCun2	10
PRI	11	41374895	62576623	1	oryCun2	10
PRI	11	62576623	63186751	1	oryCun2	2
PRI	11	63186751	78725334	1	oryCun2	7
PRI	11	78725334	99127438	-1	oryCun2	7
PRI	11	99127438	104883059	1	oryCun2	7
PRI	11	104883059	107760084	1	oryCun2	7
PRI	11	107760084	115698489	-1	oryCun2	7
PRI	11	115698489	120722736	1	oryCun2	13
PRI	11	120722736	125836716	-1	oryCun2	13
PRI	11	0	11375928	-1	panTro3	7
PRI	11	11375928	15583258	1	panTro3	7
PRI	11	15583258	48284885	-1	panTro3	7
PRI	11	48284885	69090167	-1	panTro3	7
PRI	11	69090167	125836716	1	panTro3	7
PRI	11	0	1447247	1	ponAbe2	7
PRI	11	1447247	2122691	-1	ponAbe2	7
PRI	11	2122691	125836716	1	ponAbe2	7
PRI	11	0	61510912	1	rheMac3	3
PRI	11	61510912	85640379	1	rheMac3	3
PRI	11	85640379	86149285	-1	rheMac3	3
PRI	11	86149285	125836716	1	rheMac3	3
PRI	11	0	1447247	-1	rn4	14
PRI	11	1447247	2122691	1	rn4	14
PRI	11	2122691	11375928	-1	rn4	14
PRI	11	11375928	19242904	-1	rn4	17
PRI	11	19242904	22434305	-1	rn4	8
PRI	11	22434305	31472558	-1	rn4	4
PRI	11	31472558	34515530	1	rn4	6
PRI	11	34515530	42207104	1	rn4	6
PRI	11	42207104	58201691	-1	rn4	4
PRI	11	58201691	58778362	1	rn4	4
PRI	11	58778362	71517984	-1	rn4	4
PRI	11	71517984	74294008	-1	rn4	6
PRI	11	74294008	78664288	-1	rn4	6
PRI	11	78664288	118732957	1	rn4	4
PRI	11	118732957	124543522	-1	rn4	4
PRI	11	124543522	125836716	-1	rn4	6
PRI	11	0	1447247	-1	susScr2	9
PRI	11	1447247	1661453	1	susScr2	9
PRI	11	1661453	7183454	-1	susScr2	9
PRI	11	7183454	16568006	1	susScr2	18
PRI	11	16568006	17347472	-1	susScr2	9
PRI	11	17347472	32270911	1	susScr2	18
PRI	11	32270911	58138993	-1	susScr2	9
PRI	11	58138993	74743239	1	susScr2	9
PRI	11	74743239	76454203	-1	susScr2	18
PRI	11	76454203	76818637	1	susScr2	18
PRI	11	76818637	112331977	-1	susScr2	18
PRI	11	112331977	118569429	-1	susScr2	9
PRI	11	118569429	125836716	-1	susScr2	18
PRI	11	0	516510	1	bosTau7	22
PRI	11	516510	1712926	1	bosTau7	4
PRI	11	1712926	1779528	-1	bosTau7	4
PRI	11	1779528	5347039	1	bosTau7	4
PRI	11	5347039	5675165	-1	bosTau7	4
PRI	11	5675165	7495225	1	bosTau7	4
PRI	11	7495225	8159117	-1	bosTau7	4
PRI	11	8159117	17429139	1	bosTau7	4
PRI	11	17429139	17841817	-1	bosTau7	4
PRI	11	17841817	29598642	1	bosTau7	4
PRI	11	29598642	30140021	1	bosTau7	10
PRI	11	30140021	30909197	1	bosTau7	4
PRI	11	30909197	54407607	-1	bosTau7	4
PRI	11	54407607	55780345	1	bosTau7	4
PRI	11	55780345	58408611	-1	bosTau7	4
PRI	11	58408611	58647011	-1	bosTau7	4
PRI	11	58647011	75092495	1	bosTau7	4
PRI	11	75092495	76544886	-1	bosTau7	4
PRI	11	76544886	76975007	1	bosTau7	4
PRI	11	76975007	84691922	-1	bosTau7	4
PRI	11	84691922	125836716	1	bosTau7	4
PRI	11	0	23460117	-1	calJac3	8
PRI	11	23460117	59720447	1	calJac3	8
PRI	11	59720447	60024405	-1	calJac3	8
PRI	11	60024405	84691922	1	calJac3	8
PRI	11	84691922	125836716	-1	calJac3	8
PRI	11	0	2043189	-1	canFam2	18
PRI	11	2043189	2122691	1	canFam2	18
PRI	11	2122691	9348132	-1	canFam2	18
PRI	11	9348132	11375928	1	canFam2	16
PRI	11	11375928	17978712	1	canFam2	18
PRI	11	17978712	60275738	-1	canFam2	14
PRI	11	60275738	75269867	-1	canFam2	18
PRI	11	75269867	76466924	1	canFam2	14
PRI	11	76466924	76887949	-1	canFam2	14
PRI	11	76887949	89877784	1	canFam2	14
PRI	11	89877784	101790436	-1	canFam2	14
PRI	11	101790436	116609076	-1	canFam2	16
PRI	11	116609076	125836716	1	canFam2	16
PRI	11	0	1447247	1	capHir1	22
PRI	11	1447247	1562655	-1	capHir1	4
PRI	11	1562655	2122691	1	capHir1	4
PRI	11	2122691	7105720	1	capHir1	4
PRI	11	7105720	7486006	-1	capHir1	4
PRI	11	7486006	8188822	1	capHir1	4
PRI	11	8188822	17113513	1	capHir1	4
PRI	11	17113513	30493756	1	capHir1	4
PRI	11	30493756	55741025	-1	capHir1	4
PRI	11	55741025	58140093	-1	capHir1	4
PRI	11	58140093	66493704	1	capHir1	4
PRI	11	66493704	66700104	-1	capHir1	4
PRI	11	66700104	75119188	1	capHir1	4
PRI	11	75119188	76437116	-1	capHir1	4
PRI	11	76437116	77127529	1	capHir1	4
PRI	11	77127529	84691922	-1	capHir1	4
PRI	11	84691922	125836716	1	capHir1	4
PRI	11	0	2052780	-1	equCab2	4
PRI	11	2052780	2122691	1	equCab2	4
PRI	11	2122691	18294922	-1	equCab2	4
PRI	11	18294922	64967261	-1	equCab2	4
PRI	11	64967261	74831363	1	equCab2	4
PRI	11	74831363	76376022	1	equCab2	4
PRI	11	76376022	76778702	-1	equCab2	4
PRI	11	76778702	125836716	1	equCab2	4
PRI	11	2122691	9214716	-1	galGal3	2
PRI	11	9214716	17557561	-1	galGal3	2
PRI	11	17557561	23460117	1	galGal3	2
PRI	11	23460117	58675419	-1	galGal3	2
PRI	11	58675419	74199507	1	galGal3	1
PRI	11	74199507	84691922	-1	galGal3	1
PRI	11	84691922	85292760	1	galGal3	1
PRI	11	85292760	85640379	-1	galGal3	1
PRI	11	86149285	101156389	-1	galGal3	1
PRI	11	101156389	110280061	-1	galGal3	1
PRI	11	110280061	125836716	1	galGal3	2
PRI	11	0	1447247	-1	gorGor3	7
PRI	11	1447247	2122691	1	gorGor3	7
PRI	11	2122691	48284885	-1	gorGor3	7
PRI	11	48284885	69090167	-1	gorGor3	7
PRI	11	69090167	125836716	1	gorGor3	7
PRI	11	0	1447247	-1	hg19	7
PRI	11	1447247	2122691	1	hg19	7
PRI	11	2122691	48284885	-1	hg19	7
PRI	11	48284885	69090167	-1	hg19	7
PRI	11	69090167	125836716	1	hg19	7
PRI	11	0	1447247	-1	mm10	11
PRI	11	1447247	2122691	1	mm10	11
PRI	11	2122691	11375928	-1	mm10	11
PRI	11	11375928	19003224	1	mm10	13
PRI	11	19003224	22502309	-1	mm10	9
PRI	11	22502309	31442706	-1	mm10	6
PRI	11	31442706	34415897	1	mm10	12
PRI	11	34415897	42048645	1	mm10	12
PRI	11	42048645	52738775	-1	mm10	6
PRI	11	52738775	71611388	1	mm10	5
PRI	11	71611388	74012767	-1	mm10	12
PRI	11	74012767	78691841	-1	mm10	12
PRI	11	78691841	118262965	1	mm10	6
PRI	11	118262965	124439212	1	mm10	5
PRI	11	124439212	125836716	-1	mm10	12
PRI	11	0	2090698	1	monDom5	6
PRI	11	2090698	2122691	-1	monDom5	6
PRI	11	2122691	10407920	1	monDom5	6
PRI	11	10407920	11375928	-1	monDom5	1
PRI	11	11375928	17830308	-1	monDom5	6
PRI	11	17830308	18641305	-1	monDom5	6
PRI	11	18641305	21784626	-1	monDom5	6
PRI	11	21784626	22557573	-1	monDom5	6
PRI	11	22557573	24239173	1	monDom5	6
PRI	11	24239173	42541018	1	monDom5	8
PRI	11	42541018	48284885	-1	monDom5	8
PRI	11	48284885	57946758	-1	monDom5	8
PRI	11	57946758	84691922	1	monDom5	8
PRI	11	84691922	85315525	-1	monDom5	8
PRI	11	85315525	85640379	1	monDom5	8
PRI	11	85640379	125836716	1	monDom5	8
PRI	11	0	2073373	1	oryCun2	10
PRI	11	2073373	2122691	-1	oryCun2	10
PRI	11	2122691	7227999	1	oryCun2	10
PRI	11	7227999	11375928	-1	oryCun2	10
PRI	11	11375928	41374895	-1	oryCun2	10
PRI	11	41374895	62576623	1	oryCun2	10
PRI	11	62576623	63186751	1	oryCun2	2
PRI	11	63186751	78725334	1	oryCun2	7
PRI	11	78725334	99127438	-1	oryCun2	7
PRI	11	99127438	104883059	1	oryCun2	7
PRI	11	104883059	107760084	1	oryCun2	7
PRI	11	107760084	115698489	-1	oryCun2	7
PRI	11	115698489	120722736	1	oryCun2	13
PRI	11	120722736	125836716	-1	oryCun2	13
PRI	11	0	11375928	-1	panTro3	7
PRI	11	11375928	15583258	1	panTro3	7
PRI	11	15583258	48284885	-1	panTro3	7
PRI	11	48284885	69090167	-1	panTro3	7
PRI	11	69090167	125836716	1	panTro3	7
PRI	11	0	1447247	1	ponAbe2	7
PRI	11	1447247	2122691	-1	ponAbe2	7
PRI	11	2122691	125836716	1	ponAbe2	7
PRI	11	0	61510912	1	rheMac3	3
PRI	11	61510912	85640379	1	rheMac3	3
PRI	11	85640379	86149285	-1	rheMac3	3
PRI	11	86149285	125836716	1	rheMac3	3
PRI	11	0	1447247	-1	rn4	14
PRI	11	1447247	2122691	1	rn4	14
PRI	11	2122691	11375928	-1	rn4	14
PRI	11	11375928	19242904	-1	rn4	17
PRI	11	19242904	22434305	-1	rn4	8
PRI	11	22434305	31472558	-1	rn4	4
PRI	11	31472558	34515530	1	rn4	6
PRI	11	34515530	42207104	1	rn4	6
PRI	11	42207104	58201691	-1	rn4	4
PRI	11	58201691	58778362	1	rn4	4
PRI	11	58778362	71517984	-1	rn4	4
PRI	11	71517984	74294008	-1	rn4	6
PRI	11	74294008	78664288	-1	rn4	6
PRI	11	78664288	118732957	1	rn4	4
PRI	11	118732957	124543522	-1	rn4	4
PRI	11	124543522	125836716	-1	rn4	6
PRI	11	0	1447247	-1	susScr2	9
PRI	11	1447247	1661453	1	susScr2	9
PRI	11	1661453	7183454	-1	susScr2	9
PRI	11	7183454	16568006	1	susScr2	18
PRI	11	16568006	17347472	-1	susScr2	9
PRI	11	17347472	32270911	1	susScr2	18
PRI	11	32270911	58138993	-1	susScr2	9
PRI	11	58138993	74743239	1	susScr2	9
PRI	11	74743239	76454203	-1	susScr2	18
PRI	11	76454203	76818637	1	susScr2	18
PRI	11	76818637	112331977	-1	susScr2	18
PRI	11	112331977	118569429	-1	susScr2	9
PRI	11	118569429	125836716	-1	susScr2	18
PRI	11	0	516510	1	bosTau7	22
PRI	11	516510	1712926	1	bosTau7	4
PRI	11	1712926	1779528	-1	bosTau7	4
PRI	11	1779528	5347039	1	bosTau7	4
PRI	11	5347039	5675165	-1	bosTau7	4
PRI	11	5675165	7495225	1	bosTau7	4
PRI	11	7495225	8159117	-1	bosTau7	4
PRI	11	8159117	17429139	1	bosTau7	4
PRI	11	17429139	17841817	-1	bosTau7	4
PRI	11	17841817	29598642	1	bosTau7	4
PRI	11	29598642	30140021	1	bosTau7	10
PRI	11	30140021	30909197	1	bosTau7	4
PRI	11	30909197	54407607	-1	bosTau7	4
PRI	11	54407607	55780345	1	bosTau7	4
PRI	11	55780345	58408611	-1	bosTau7	4
PRI	11	58408611	58647011	-1	bosTau7	4
PRI	11	58647011	75092495	1	bosTau7	4
PRI	11	75092495	76544886	-1	bosTau7	4
PRI	11	76544886	76975007	1	bosTau7	4
PRI	11	76975007	84691922	-1	bosTau7	4
PRI	11	84691922	125836716	1	bosTau7	4
PRI	11	0	23460117	-1	calJac3	8
PRI	11	23460117	59720447	1	calJac3	8
PRI	11	59720447	60024405	-1	calJac3	8
PRI	11	60024405	84691922	1	calJac3	8
PRI	11	84691922	125836716	-1	calJac3	8
PRI	11	0	2043189	-1	canFam2	18
PRI	11	2043189	2122691	1	canFam2	18
PRI	11	2122691	9348132	-1	canFam2	18
PRI	11	9348132	11375928	1	canFam2	16
PRI	11	11375928	17978712	1	canFam2	18
PRI	11	17978712	60275738	-1	canFam2	14
PRI	11	60275738	75269867	-1	canFam2	18
PRI	11	75269867	76466924	1	canFam2	14
PRI	11	76466924	76887949	-1	canFam2	14
PRI	11	76887949	89877784	1	canFam2	14
PRI	11	89877784	101790436	-1	canFam2	14
PRI	11	101790436	116609076	-1	canFam2	16
PRI	11	116609076	125836716	1	canFam2	16
PRI	11	0	1447247	1	capHir1	22
PRI	11	1447247	1562655	-1	capHir1	4
PRI	11	1562655	2122691	1	capHir1	4
PRI	11	2122691	7105720	1	capHir1	4
PRI	11	7105720	7486006	-1	capHir1	4
PRI	11	7486006	8188822	1	capHir1	4
PRI	11	8188822	17113513	1	capHir1	4
PRI	11	17113513	30493756	1	capHir1	4
PRI	11	30493756	55741025	-1	capHir1	4
PRI	11	55741025	58140093	-1	capHir1	4
PRI	11	58140093	66493704	1	capHir1	4
PRI	11	66493704	66700104	-1	capHir1	4
PRI	11	66700104	75119188	1	capHir1	4
PRI	11	75119188	76437116	-1	capHir1	4
PRI	11	76437116	77127529	1	capHir1	4
PRI	11	77127529	84691922	-1	capHir1	4
PRI	11	84691922	125836716	1	capHir1	4
PRI	11	0	2052780	-1	equCab2	4
PRI	11	2052780	2122691	1	equCab2	4
PRI	11	2122691	18294922	-1	equCab2	4
PRI	11	18294922	64967261	-1	equCab2	4
PRI	11	64967261	74831363	1	equCab2	4
PRI	11	74831363	76376022	1	equCab2	4
PRI	11	76376022	76778702	-1	equCab2	4
PRI	11	76778702	125836716	1	equCab2	4
PRI	11	2122691	9214716	-1	galGal3	2
PRI	11	9214716	17557561	-1	galGal3	2
PRI	11	17557561	23460117	1	galGal3	2
PRI	11	23460117	58675419	-1	galGal3	2
PRI	11	58675419	74199507	1	galGal3	1
PRI	11	74199507	84691922	-1	galGal3	1
PRI	11	84691922	85292760	1	galGal3	1
PRI	11	85292760	85640379	-1	galGal3	1
PRI	11	86149285	101156389	-1	galGal3	1
PRI	11	101156389	110280061	-1	galGal3	1
PRI	11	110280061	125836716	1	galGal3	2
PRI	11	0	1447247	-1	gorGor3	7
PRI	11	1447247	2122691	1	gorGor3	7
PRI	11	2122691	48284885	-1	gorGor3	7
PRI	11	48284885	69090167	-1	gorGor3	7
PRI	11	69090167	125836716	1	gorGor3	7
PRI	11	0	1447247	-1	hg19	7
PRI	11	1447247	2122691	1	hg19	7
PRI	11	2122691	48284885	-1	hg19	7
PRI	11	48284885	69090167	-1	hg19	7
PRI	11	69090167	125836716	1	hg19	7
PRI	11	0	1447247	-1	mm10	11
PRI	11	1447247	2122691	1	mm10	11
PRI	11	2122691	11375928	-1	mm10	11
PRI	11	11375928	19003224	1	mm10	13
PRI	11	19003224	22502309	-1	mm10	9
PRI	11	22502309	31442706	-1	mm10	6
PRI	11	31442706	34415897	1	mm10	12
PRI	11	34415897	42048645	1	mm10	12
PRI	11	42048645	52738775	-1	mm10	6
PRI	11	52738775	71611388	1	mm10	5
PRI	11	71611388	74012767	-1	mm10	12
PRI	11	74012767	78691841	-1	mm10	12
PRI	11	78691841	118262965	1	mm10	6
PRI	11	118262965	124439212	1	mm10	5
PRI	11	124439212	125836716	-1	mm10	12
PRI	11	0	2090698	1	monDom5	6
PRI	11	2090698	2122691	-1	monDom5	6
PRI	11	2122691	10407920	1	monDom5	6
PRI	11	10407920	11375928	-1	monDom5	1
PRI	11	11375928	17830308	-1	monDom5	6
PRI	11	17830308	18641305	-1	monDom5	6
PRI	11	18641305	21784626	-1	monDom5	6
PRI	11	21784626	22557573	-1	monDom5	6
PRI	11	22557573	24239173	1	monDom5	6
PRI	11	24239173	42541018	1	monDom5	8
PRI	11	42541018	48284885	-1	monDom5	8
PRI	11	48284885	57946758	-1	monDom5	8
PRI	11	57946758	84691922	1	monDom5	8
PRI	11	84691922	85315525	-1	monDom5	8
PRI	11	85315525	85640379	1	monDom5	8
PRI	11	85640379	125836716	1	monDom5	8
PRI	11	0	2073373	1	oryCun2	10
PRI	11	2073373	2122691	-1	oryCun2	10
PRI	11	2122691	7227999	1	oryCun2	10
PRI	11	7227999	11375928	-1	oryCun2	10
PRI	11	11375928	41374895	-1	oryCun2	10
PRI	11	41374895	62576623	1	oryCun2	10
PRI	11	62576623	63186751	1	oryCun2	2
PRI	11	63186751	78725334	1	oryCun2	7
PRI	11	78725334	99127438	-1	oryCun2	7
PRI	11	99127438	104883059	1	oryCun2	7
PRI	11	104883059	107760084	1	oryCun2	7
PRI	11	107760084	115698489	-1	oryCun2	7
PRI	11	115698489	120722736	1	oryCun2	13
PRI	11	120722736	125836716	-1	oryCun2	13
PRI	11	0	11375928	-1	panTro3	7
PRI	11	11375928	15583258	1	panTro3	7
PRI	11	15583258	48284885	-1	panTro3	7
PRI	11	48284885	69090167	-1	panTro3	7
PRI	11	69090167	125836716	1	panTro3	7
PRI	11	0	1447247	1	ponAbe2	7
PRI	11	1447247	2122691	-1	ponAbe2	7
PRI	11	2122691	125836716	1	ponAbe2	7
PRI	11	0	61510912	1	rheMac3	3
PRI	11	61510912	85640379	1	rheMac3	3
PRI	11	85640379	86149285	-1	rheMac3	3
PRI	11	86149285	125836716	1	rheMac3	3
PRI	11	0	1447247	-1	rn4	14
PRI	11	1447247	2122691	1	rn4	14
PRI	11	2122691	11375928	-1	rn4	14
PRI	11	11375928	19242904	-1	rn4	17
PRI	11	19242904	22434305	-1	rn4	8
PRI	11	22434305	31472558	-1	rn4	4
PRI	11	31472558	34515530	1	rn4	6
PRI	11	34515530	42207104	1	rn4	6
PRI	11	42207104	58201691	-1	rn4	4
PRI	11	58201691	58778362	1	rn4	4
PRI	11	58778362	71517984	-1	rn4	4
PRI	11	71517984	74294008	-1	rn4	6
PRI	11	74294008	78664288	-1	rn4	6
PRI	11	78664288	118732957	1	rn4	4
PRI	11	118732957	124543522	-1	rn4	4
PRI	11	124543522	125836716	-1	rn4	6
PRI	11	0	1447247	-1	susScr2	9
PRI	11	1447247	1661453	1	susScr2	9
PRI	11	1661453	7183454	-1	susScr2	9
PRI	11	7183454	16568006	1	susScr2	18
PRI	11	16568006	17347472	-1	susScr2	9
PRI	11	17347472	32270911	1	susScr2	18
PRI	11	32270911	58138993	-1	susScr2	9
PRI	11	58138993	74743239	1	susScr2	9
PRI	11	74743239	76454203	-1	susScr2	18
PRI	11	76454203	76818637	1	susScr2	18
PRI	11	76818637	112331977	-1	susScr2	18
PRI	11	112331977	118569429	-1	susScr2	9
PRI	11	118569429	125836716	-1	susScr2	18
PRI	11	0	516510	1	bosTau7	22
PRI	11	516510	1712926	1	bosTau7	4
PRI	11	1712926	1779528	-1	bosTau7	4
PRI	11	1779528	5347039	1	bosTau7	4
PRI	11	5347039	5675165	-1	bosTau7	4
PRI	11	5675165	7495225	1	bosTau7	4
PRI	11	7495225	8159117	-1	bosTau7	4
PRI	11	8159117	17429139	1	bosTau7	4
PRI	11	17429139	17841817	-1	bosTau7	4
PRI	11	17841817	29598642	1	bosTau7	4
PRI	11	29598642	30140021	1	bosTau7	10
PRI	11	30140021	30909197	1	bosTau7	4
PRI	11	30909197	54407607	-1	bosTau7	4
PRI	11	54407607	55780345	1	bosTau7	4
PRI	11	55780345	58408611	-1	bosTau7	4
PRI	11	58408611	58647011	-1	bosTau7	4
PRI	11	58647011	75092495	1	bosTau7	4
PRI	11	75092495	76544886	-1	bosTau7	4
PRI	11	76544886	76975007	1	bosTau7	4
PRI	11	76975007	84691922	-1	bosTau7	4
PRI	11	84691922	125836716	1	bosTau7	4
PRI	11	0	23460117	-1	calJac3	8
PRI	11	23460117	59720447	1	calJac3	8
PRI	11	59720447	60024405	-1	calJac3	8
PRI	11	60024405	84691922	1	calJac3	8
PRI	11	84691922	125836716	-1	calJac3	8
PRI	11	0	2043189	-1	canFam2	18
PRI	11	2043189	2122691	1	canFam2	18
PRI	11	2122691	9348132	-1	canFam2	18
PRI	11	9348132	11375928	1	canFam2	16
PRI	11	11375928	17978712	1	canFam2	18
PRI	11	17978712	60275738	-1	canFam2	14
PRI	11	60275738	75269867	-1	canFam2	18
PRI	11	75269867	76466924	1	canFam2	14
PRI	11	76466924	76887949	-1	canFam2	14
PRI	11	76887949	89877784	1	canFam2	14
PRI	11	89877784	101790436	-1	canFam2	14
PRI	11	101790436	116609076	-1	canFam2	16
PRI	11	116609076	125836716	1	canFam2	16
PRI	11	0	1447247	1	capHir1	22
PRI	11	1447247	1562655	-1	capHir1	4
PRI	11	1562655	2122691	1	capHir1	4
PRI	11	2122691	7105720	1	capHir1	4
PRI	11	7105720	7486006	-1	capHir1	4
PRI	11	7486006	8188822	1	capHir1	4
PRI	11	8188822	17113513	1	capHir1	4
PRI	11	17113513	30493756	1	capHir1	4
PRI	11	30493756	55741025	-1	capHir1	4
PRI	11	55741025	58140093	-1	capHir1	4
PRI	11	58140093	66493704	1	capHir1	4
PRI	11	66493704	66700104	-1	capHir1	4
PRI	11	66700104	75119188	1	capHir1	4
PRI	11	75119188	76437116	-1	capHir1	4
PRI	11	76437116	77127529	1	capHir1	4
PRI	11	77127529	84691922	-1	capHir1	4
PRI	11	84691922	125836716	1	capHir1	4
PRI	11	0	2052780	-1	equCab2	4
PRI	11	2052780	2122691	1	equCab2	4
PRI	11	2122691	18294922	-1	equCab2	4
PRI	11	18294922	64967261	-1	equCab2	4
PRI	11	64967261	74831363	1	equCab2	4
PRI	11	74831363	76376022	1	equCab2	4
PRI	11	76376022	76778702	-1	equCab2	4
PRI	11	76778702	125836716	1	equCab2	4
PRI	11	2122691	9214716	-1	galGal3	2
PRI	11	9214716	17557561	-1	galGal3	2
PRI	11	17557561	23460117	1	galGal3	2
PRI	11	23460117	58675419	-1	galGal3	2
PRI	11	58675419	74199507	1	galGal3	1
PRI	11	74199507	84691922	-1	galGal3	1
PRI	11	84691922	85292760	1	galGal3	1
PRI	11	85292760	85640379	-1	galGal3	1
PRI	11	86149285	101156389	-1	galGal3	1
PRI	11	101156389	110280061	-1	galGal3	1
PRI	11	110280061	125836716	1	galGal3	2
PRI	11	0	1447247	-1	gorGor3	7
PRI	11	1447247	2122691	1	gorGor3	7
PRI	11	2122691	48284885	-1	gorGor3	7
PRI	11	48284885	69090167	-1	gorGor3	7
PRI	11	69090167	125836716	1	gorGor3	7
PRI	11	0	1447247	-1	hg19	7
PRI	11	1447247	2122691	1	hg19	7
PRI	11	2122691	48284885	-1	hg19	7
PRI	11	48284885	69090167	-1	hg19	7
PRI	11	69090167	125836716	1	hg19	7
PRI	11	0	1447247	-1	mm10	11
PRI	11	1447247	2122691	1	mm10	11
PRI	11	2122691	11375928	-1	mm10	11
PRI	11	11375928	19003224	1	mm10	13
PRI	11	19003224	22502309	-1	mm10	9
PRI	11	22502309	31442706	-1	mm10	6
PRI	11	31442706	34415897	1	mm10	12
PRI	11	34415897	42048645	1	mm10	12
PRI	11	42048645	52738775	-1	mm10	6
PRI	11	52738775	71611388	1	mm10	5
PRI	11	71611388	74012767	-1	mm10	12
PRI	11	74012767	78691841	-1	mm10	12
PRI	11	78691841	118262965	1	mm10	6
PRI	11	118262965	124439212	1	mm10	5
PRI	11	124439212	125836716	-1	mm10	12
PRI	11	0	2090698	1	monDom5	6
PRI	11	2090698	2122691	-1	monDom5	6
PRI	11	2122691	10407920	1	monDom5	6
PRI	11	10407920	11375928	-1	monDom5	1
PRI	11	11375928	17830308	-1	monDom5	6
PRI	11	17830308	18641305	-1	monDom5	6
PRI	11	18641305	21784626	-1	monDom5	6
PRI	11	21784626	22557573	-1	monDom5	6
PRI	11	22557573	24239173	1	monDom5	6
PRI	11	24239173	42541018	1	monDom5	8
PRI	11	42541018	48284885	-1	monDom5	8
PRI	11	48284885	57946758	-1	monDom5	8
PRI	11	57946758	84691922	1	monDom5	8
PRI	11	84691922	85315525	-1	monDom5	8
PRI	11	85315525	85640379	1	monDom5	8
PRI	11	85640379	125836716	1	monDom5	8
PRI	11	0	2073373	1	oryCun2	10
PRI	11	2073373	2122691	-1	oryCun2	10
PRI	11	2122691	7227999	1	oryCun2	10
PRI	11	7227999	11375928	-1	oryCun2	10
PRI	11	11375928	41374895	-1	oryCun2	10
PRI	11	41374895	62576623	1	oryCun2	10
PRI	11	62576623	63186751	1	oryCun2	2
PRI	11	63186751	78725334	1	oryCun2	7
PRI	11	78725334	99127438	-1	oryCun2	7
PRI	11	99127438	104883059	1	oryCun2	7
PRI	11	104883059	107760084	1	oryCun2	7
PRI	11	107760084	115698489	-1	oryCun2	7
PRI	11	115698489	120722736	1	oryCun2	13
PRI	11	120722736	125836716	-1	oryCun2	13
PRI	11	0	11375928	-1	panTro3	7
PRI	11	11375928	15583258	1	panTro3	7
PRI	11	15583258	48284885	-1	panTro3	7
PRI	11	48284885	69090167	-1	panTro3	7
PRI	11	69090167	125836716	1	panTro3	7
PRI	11	0	1447247	1	ponAbe2	7
PRI	11	1447247	2122691	-1	ponAbe2	7
PRI	11	2122691	125836716	1	ponAbe2	7
PRI	11	0	61510912	1	rheMac3	3
PRI	11	61510912	85640379	1	rheMac3	3
PRI	11	85640379	86149285	-1	rheMac3	3
PRI	11	86149285	125836716	1	rheMac3	3
PRI	11	0	1447247	-1	rn4	14
PRI	11	1447247	2122691	1	rn4	14
PRI	11	2122691	11375928	-1	rn4	14
PRI	11	11375928	19242904	-1	rn4	17
PRI	11	19242904	22434305	-1	rn4	8
PRI	11	22434305	31472558	-1	rn4	4
PRI	11	31472558	34515530	1	rn4	6
PRI	11	34515530	42207104	1	rn4	6
PRI	11	42207104	58201691	-1	rn4	4
PRI	11	58201691	58778362	1	rn4	4
PRI	11	58778362	71517984	-1	rn4	4
PRI	11	71517984	74294008	-1	rn4	6
PRI	11	74294008	78664288	-1	rn4	6
PRI	11	78664288	118732957	1	rn4	4
PRI	11	118732957	124543522	-1	rn4	4
PRI	11	124543522	125836716	-1	rn4	6
PRI	11	0	1447247	-1	susScr2	9
PRI	11	1447247	1661453	1	susScr2	9
PRI	11	1661453	7183454	-1	susScr2	9
PRI	11	7183454	16568006	1	susScr2	18
PRI	11	16568006	17347472	-1	susScr2	9
PRI	11	17347472	32270911	1	susScr2	18
PRI	11	32270911	58138993	-1	susScr2	9
PRI	11	58138993	74743239	1	susScr2	9
PRI	11	74743239	76454203	-1	susScr2	18
PRI	11	76454203	76818637	1	susScr2	18
PRI	11	76818637	112331977	-1	susScr2	18
PRI	11	112331977	118569429	-1	susScr2	9
PRI	11	118569429	125836716	-1	susScr2	18
PRI	11	0	516510	1	bosTau7	22
PRI	11	516510	1712926	1	bosTau7	4
PRI	11	1712926	1779528	-1	bosTau7	4
PRI	11	1779528	5347039	1	bosTau7	4
PRI	11	5347039	5675165	-1	bosTau7	4
PRI	11	5675165	7495225	1	bosTau7	4
PRI	11	7495225	8159117	-1	bosTau7	4
PRI	11	8159117	17429139	1	bosTau7	4
PRI	11	17429139	17841817	-1	bosTau7	4
PRI	11	17841817	29598642	1	bosTau7	4
PRI	11	29598642	30140021	1	bosTau7	10
PRI	11	30140021	30909197	1	bosTau7	4
PRI	11	30909197	54407607	-1	bosTau7	4
PRI	11	54407607	55780345	1	bosTau7	4
PRI	11	55780345	58408611	-1	bosTau7	4
PRI	11	58408611	58647011	-1	bosTau7	4
PRI	11	58647011	75092495	1	bosTau7	4
PRI	11	75092495	76544886	-1	bosTau7	4
PRI	11	76544886	76975007	1	bosTau7	4
PRI	11	76975007	84691922	-1	bosTau7	4
PRI	11	84691922	125836716	1	bosTau7	4
PRI	11	0	23460117	-1	calJac3	8
PRI	11	23460117	59720447	1	calJac3	8
PRI	11	59720447	60024405	-1	calJac3	8
PRI	11	60024405	84691922	1	calJac3	8
PRI	11	84691922	125836716	-1	calJac3	8
PRI	11	0	2043189	-1	canFam2	18
PRI	11	2043189	2122691	1	canFam2	18
PRI	11	2122691	9348132	-1	canFam2	18
PRI	11	9348132	11375928	1	canFam2	16
PRI	11	11375928	17978712	1	canFam2	18
PRI	11	17978712	60275738	-1	canFam2	14
PRI	11	60275738	75269867	-1	canFam2	18
PRI	11	75269867	76466924	1	canFam2	14
PRI	11	76466924	76887949	-1	canFam2	14
PRI	11	76887949	89877784	1	canFam2	14
PRI	11	89877784	101790436	-1	canFam2	14
PRI	11	101790436	116609076	-1	canFam2	16
PRI	11	116609076	125836716	1	canFam2	16
PRI	11	0	1447247	1	capHir1	22
PRI	11	1447247	1562655	-1	capHir1	4
PRI	11	1562655	2122691	1	capHir1	4
PRI	11	2122691	7105720	1	capHir1	4
PRI	11	7105720	7486006	-1	capHir1	4
PRI	11	7486006	8188822	1	capHir1	4
PRI	11	8188822	17113513	1	capHir1	4
PRI	11	17113513	30493756	1	capHir1	4
PRI	11	30493756	55741025	-1	capHir1	4
PRI	11	55741025	58140093	-1	capHir1	4
PRI	11	58140093	66493704	1	capHir1	4
PRI	11	66493704	66700104	-1	capHir1	4
PRI	11	66700104	75119188	1	capHir1	4
PRI	11	75119188	76437116	-1	capHir1	4
PRI	11	76437116	77127529	1	capHir1	4
PRI	11	77127529	84691922	-1	capHir1	4
PRI	11	84691922	125836716	1	capHir1	4
PRI	11	0	2052780	-1	equCab2	4
PRI	11	2052780	2122691	1	equCab2	4
PRI	11	2122691	18294922	-1	equCab2	4
PRI	11	18294922	64967261	-1	equCab2	4
PRI	11	64967261	74831363	1	equCab2	4
PRI	11	74831363	76376022	1	equCab2	4
PRI	11	76376022	76778702	-1	equCab2	4
PRI	11	76778702	125836716	1	equCab2	4
PRI	11	2122691	9214716	-1	galGal3	2
PRI	11	9214716	17557561	-1	galGal3	2
PRI	11	17557561	23460117	1	galGal3	2
PRI	11	23460117	58675419	-1	galGal3	2
PRI	11	58675419	74199507	1	galGal3	1
PRI	11	74199507	84691922	-1	galGal3	1
PRI	11	84691922	85292760	1	galGal3	1
PRI	11	85292760	85640379	-1	galGal3	1
PRI	11	86149285	101156389	-1	galGal3	1
PRI	11	101156389	110280061	-1	galGal3	1
PRI	11	110280061	125836716	1	galGal3	2
PRI	11	0	1447247	-1	gorGor3	7
PRI	11	1447247	2122691	1	gorGor3	7
PRI	11	2122691	48284885	-1	gorGor3	7
PRI	11	48284885	69090167	-1	gorGor3	7
PRI	11	69090167	125836716	1	gorGor3	7
PRI	11	0	1447247	-1	hg19	7
PRI	11	1447247	2122691	1	hg19	7
PRI	11	2122691	48284885	-1	hg19	7
PRI	11	48284885	69090167	-1	hg19	7
PRI	11	69090167	125836716	1	hg19	7
PRI	11	0	1447247	-1	mm10	11
PRI	11	1447247	2122691	1	mm10	11
PRI	11	2122691	11375928	-1	mm10	11
PRI	11	11375928	19003224	1	mm10	13
PRI	11	19003224	22502309	-1	mm10	9
PRI	11	22502309	31442706	-1	mm10	6
PRI	11	31442706	34415897	1	mm10	12
PRI	11	34415897	42048645	1	mm10	12
PRI	11	42048645	52738775	-1	mm10	6
PRI	11	52738775	71611388	1	mm10	5
PRI	11	71611388	74012767	-1	mm10	12
PRI	11	74012767	78691841	-1	mm10	12
PRI	11	78691841	118262965	1	mm10	6
PRI	11	118262965	124439212	1	mm10	5
PRI	11	124439212	125836716	-1	mm10	12
PRI	11	0	2090698	1	monDom5	6
PRI	11	2090698	2122691	-1	monDom5	6
PRI	11	2122691	10407920	1	monDom5	6
PRI	11	10407920	11375928	-1	monDom5	1
PRI	11	11375928	17830308	-1	monDom5	6
PRI	11	17830308	18641305	-1	monDom5	6
PRI	11	18641305	21784626	-1	monDom5	6
PRI	11	21784626	22557573	-1	monDom5	6
PRI	11	22557573	24239173	1	monDom5	6
PRI	11	24239173	42541018	1	monDom5	8
PRI	11	42541018	48284885	-1	monDom5	8
PRI	11	48284885	57946758	-1	monDom5	8
PRI	11	57946758	84691922	1	monDom5	8
PRI	11	84691922	85315525	-1	monDom5	8
PRI	11	85315525	85640379	1	monDom5	8
PRI	11	85640379	125836716	1	monDom5	8
PRI	11	0	2073373	1	oryCun2	10
PRI	11	2073373	2122691	-1	oryCun2	10
PRI	11	2122691	7227999	1	oryCun2	10
PRI	11	7227999	11375928	-1	oryCun2	10
PRI	11	11375928	41374895	-1	oryCun2	10
PRI	11	41374895	62576623	1	oryCun2	10
PRI	11	62576623	63186751	1	oryCun2	2
PRI	11	63186751	78725334	1	oryCun2	7
PRI	11	78725334	99127438	-1	oryCun2	7
PRI	11	99127438	104883059	1	oryCun2	7
PRI	11	104883059	107760084	1	oryCun2	7
PRI	11	107760084	115698489	-1	oryCun2	7
PRI	11	115698489	120722736	1	oryCun2	13
PRI	11	120722736	125836716	-1	oryCun2	13
PRI	11	0	11375928	-1	panTro3	7
PRI	11	11375928	15583258	1	panTro3	7
PRI	11	15583258	48284885	-1	panTro3	7
PRI	11	48284885	69090167	-1	panTro3	7
PRI	11	69090167	125836716	1	panTro3	7
PRI	11	0	1447247	1	ponAbe2	7
PRI	11	1447247	2122691	-1	ponAbe2	7
PRI	11	2122691	125836716	1	ponAbe2	7
PRI	11	0	61510912	1	rheMac3	3
PRI	11	61510912	85640379	1	rheMac3	3
PRI	11	85640379	86149285	-1	rheMac3	3
PRI	11	86149285	125836716	1	rheMac3	3
PRI	11	0	1447247	-1	rn4	14
PRI	11	1447247	2122691	1	rn4	14
PRI	11	2122691	11375928	-1	rn4	14
PRI	11	11375928	19242904	-1	rn4	17
PRI	11	19242904	22434305	-1	rn4	8
PRI	11	22434305	31472558	-1	rn4	4
PRI	11	31472558	34515530	1	rn4	6
PRI	11	34515530	42207104	1	rn4	6
PRI	11	42207104	58201691	-1	rn4	4
PRI	11	58201691	58778362	1	rn4	4
PRI	11	58778362	71517984	-1	rn4	4
PRI	11	71517984	74294008	-1	rn4	6
PRI	11	74294008	78664288	-1	rn4	6
PRI	11	78664288	118732957	1	rn4	4
PRI	11	118732957	124543522	-1	rn4	4
PRI	11	124543522	125836716	-1	rn4	6
PRI	11	0	1447247	-1	susScr2	9
PRI	11	1447247	1661453	1	susScr2	9
PRI	11	1661453	7183454	-1	susScr2	9
PRI	11	7183454	16568006	1	susScr2	18
PRI	11	16568006	17347472	-1	susScr2	9
PRI	11	17347472	32270911	1	susScr2	18
PRI	11	32270911	58138993	-1	susScr2	9
PRI	11	58138993	74743239	1	susScr2	9
PRI	11	74743239	76454203	-1	susScr2	18
PRI	11	76454203	76818637	1	susScr2	18
PRI	11	76818637	112331977	-1	susScr2	18
PRI	11	112331977	118569429	-1	susScr2	9
PRI	11	118569429	125836716	-1	susScr2	18
PRI	11	0	516510	1	bosTau7	22
PRI	11	516510	1712926	1	bosTau7	4
PRI	11	1712926	1779528	-1	bosTau7	4
PRI	11	1779528	5347039	1	bosTau7	4
PRI	11	5347039	5675165	-1	bosTau7	4
PRI	11	5675165	7495225	1	bosTau7	4
PRI	11	7495225	8159117	-1	bosTau7	4
PRI	11	8159117	17429139	1	bosTau7	4
PRI	11	17429139	17841817	-1	bosTau7	4
PRI	11	17841817	29598642	1	bosTau7	4
PRI	11	29598642	30140021	1	bosTau7	10
PRI	11	30140021	30909197	1	bosTau7	4
PRI	11	30909197	54407607	-1	bosTau7	4
PRI	11	54407607	55780345	1	bosTau7	4
PRI	11	55780345	58408611	-1	bosTau7	4
PRI	11	58408611	58647011	-1	bosTau7	4
PRI	11	58647011	75092495	1	bosTau7	4
PRI	11	75092495	76544886	-1	bosTau7	4
PRI	11	76544886	76975007	1	bosTau7	4
PRI	11	76975007	84691922	-1	bosTau7	4
PRI	11	84691922	125836716	1	bosTau7	4
PRI	11	0	23460117	-1	calJac3	8
PRI	11	23460117	59720447	1	calJac3	8
PRI	11	59720447	60024405	-1	calJac3	8
PRI	11	60024405	84691922	1	calJac3	8
PRI	11	84691922	125836716	-1	calJac3	8
PRI	11	0	2043189	-1	canFam2	18
PRI	11	2043189	2122691	1	canFam2	18
PRI	11	2122691	9348132	-1	canFam2	18
PRI	11	9348132	11375928	1	canFam2	16
PRI	11	11375928	17978712	1	canFam2	18
PRI	11	17978712	60275738	-1	canFam2	14
PRI	11	60275738	75269867	-1	canFam2	18
PRI	11	75269867	76466924	1	canFam2	14
PRI	11	76466924	76887949	-1	canFam2	14
PRI	11	76887949	89877784	1	canFam2	14
PRI	11	89877784	101790436	-1	canFam2	14
PRI	11	101790436	116609076	-1	canFam2	16
PRI	11	116609076	125836716	1	canFam2	16
PRI	11	0	1447247	1	capHir1	22
PRI	11	1447247	1562655	-1	capHir1	4
PRI	11	1562655	2122691	1	capHir1	4
PRI	11	2122691	7105720	1	capHir1	4
PRI	11	7105720	7486006	-1	capHir1	4
PRI	11	7486006	8188822	1	capHir1	4
PRI	11	8188822	17113513	1	capHir1	4
PRI	11	17113513	30493756	1	capHir1	4
PRI	11	30493756	55741025	-1	capHir1	4
PRI	11	55741025	58140093	-1	capHir1	4
PRI	11	58140093	66493704	1	capHir1	4
PRI	11	66493704	66700104	-1	capHir1	4
PRI	11	66700104	75119188	1	capHir1	4
PRI	11	75119188	76437116	-1	capHir1	4
PRI	11	76437116	77127529	1	capHir1	4
PRI	11	77127529	84691922	-1	capHir1	4
PRI	11	84691922	125836716	1	capHir1	4
PRI	11	0	2052780	-1	equCab2	4
PRI	11	2052780	2122691	1	equCab2	4
PRI	11	2122691	18294922	-1	equCab2	4
PRI	11	18294922	64967261	-1	equCab2	4
PRI	11	64967261	74831363	1	equCab2	4
PRI	11	74831363	76376022	1	equCab2	4
PRI	11	76376022	76778702	-1	equCab2	4
PRI	11	76778702	125836716	1	equCab2	4
PRI	11	2122691	9214716	-1	galGal3	2
PRI	11	9214716	17557561	-1	galGal3	2
PRI	11	17557561	23460117	1	galGal3	2
PRI	11	23460117	58675419	-1	galGal3	2
PRI	11	58675419	74199507	1	galGal3	1
PRI	11	74199507	84691922	-1	galGal3	1
PRI	11	84691922	85292760	1	galGal3	1
PRI	11	85292760	85640379	-1	galGal3	1
PRI	11	86149285	101156389	-1	galGal3	1
PRI	11	101156389	110280061	-1	galGal3	1
PRI	11	110280061	125836716	1	galGal3	2
PRI	11	0	1447247	-1	gorGor3	7
PRI	11	1447247	2122691	1	gorGor3	7
PRI	11	2122691	48284885	-1	gorGor3	7
PRI	11	48284885	69090167	-1	gorGor3	7
PRI	11	69090167	125836716	1	gorGor3	7
PRI	11	0	1447247	-1	hg19	7
PRI	11	1447247	2122691	1	hg19	7
PRI	11	2122691	48284885	-1	hg19	7
PRI	11	48284885	69090167	-1	hg19	7
PRI	11	69090167	125836716	1	hg19	7
PRI	11	0	1447247	-1	mm10	11
PRI	11	1447247	2122691	1	mm10	11
PRI	11	2122691	11375928	-1	mm10	11
PRI	11	11375928	19003224	1	mm10	13
PRI	11	19003224	22502309	-1	mm10	9
PRI	11	22502309	31442706	-1	mm10	6
PRI	11	31442706	34415897	1	mm10	12
PRI	11	34415897	42048645	1	mm10	12
PRI	11	42048645	52738775	-1	mm10	6
PRI	11	52738775	71611388	1	mm10	5
PRI	11	71611388	74012767	-1	mm10	12
PRI	11	74012767	78691841	-1	mm10	12
PRI	11	78691841	118262965	1	mm10	6
PRI	11	118262965	124439212	1	mm10	5
PRI	11	124439212	125836716	-1	mm10	12
PRI	11	0	2090698	1	monDom5	6
PRI	11	2090698	2122691	-1	monDom5	6
PRI	11	2122691	10407920	1	monDom5	6
PRI	11	10407920	11375928	-1	monDom5	1
PRI	11	11375928	17830308	-1	monDom5	6
PRI	11	17830308	18641305	-1	monDom5	6
PRI	11	18641305	21784626	-1	monDom5	6
PRI	11	21784626	22557573	-1	monDom5	6
PRI	11	22557573	24239173	1	monDom5	6
PRI	11	24239173	42541018	1	monDom5	8
PRI	11	42541018	48284885	-1	monDom5	8
PRI	11	48284885	57946758	-1	monDom5	8
PRI	11	57946758	84691922	1	monDom5	8
PRI	11	84691922	85315525	-1	monDom5	8
PRI	11	85315525	85640379	1	monDom5	8
PRI	11	85640379	125836716	1	monDom5	8
PRI	11	0	2073373	1	oryCun2	10
PRI	11	2073373	2122691	-1	oryCun2	10
PRI	11	2122691	7227999	1	oryCun2	10
PRI	11	7227999	11375928	-1	oryCun2	10
PRI	11	11375928	41374895	-1	oryCun2	10
PRI	11	41374895	62576623	1	oryCun2	10
PRI	11	62576623	63186751	1	oryCun2	2
PRI	11	63186751	78725334	1	oryCun2	7
PRI	11	78725334	99127438	-1	oryCun2	7
PRI	11	99127438	104883059	1	oryCun2	7
PRI	11	104883059	107760084	1	oryCun2	7
PRI	11	107760084	115698489	-1	oryCun2	7
PRI	11	115698489	120722736	1	oryCun2	13
PRI	11	120722736	125836716	-1	oryCun2	13
PRI	11	0	11375928	-1	panTro3	7
PRI	11	11375928	15583258	1	panTro3	7
PRI	11	15583258	48284885	-1	panTro3	7
PRI	11	48284885	69090167	-1	panTro3	7
PRI	11	69090167	125836716	1	panTro3	7
PRI	11	0	1447247	1	ponAbe2	7
PRI	11	1447247	2122691	-1	ponAbe2	7
PRI	11	2122691	125836716	1	ponAbe2	7
PRI	11	0	61510912	1	rheMac3	3
PRI	11	61510912	85640379	1	rheMac3	3
PRI	11	85640379	86149285	-1	rheMac3	3
PRI	11	86149285	125836716	1	rheMac3	3
PRI	11	0	1447247	-1	rn4	14
PRI	11	1447247	2122691	1	rn4	14
PRI	11	2122691	11375928	-1	rn4	14
PRI	11	11375928	19242904	-1	rn4	17
PRI	11	19242904	22434305	-1	rn4	8
PRI	11	22434305	31472558	-1	rn4	4
PRI	11	31472558	34515530	1	rn4	6
PRI	11	34515530	42207104	1	rn4	6
PRI	11	42207104	58201691	-1	rn4	4
PRI	11	58201691	58778362	1	rn4	4
PRI	11	58778362	71517984	-1	rn4	4
PRI	11	71517984	74294008	-1	rn4	6
PRI	11	74294008	78664288	-1	rn4	6
PRI	11	78664288	118732957	1	rn4	4
PRI	11	118732957	124543522	-1	rn4	4
PRI	11	124543522	125836716	-1	rn4	6
PRI	11	0	1447247	-1	susScr2	9
PRI	11	1447247	1661453	1	susScr2	9
PRI	11	1661453	7183454	-1	susScr2	9
PRI	11	7183454	16568006	1	susScr2	18
PRI	11	16568006	17347472	-1	susScr2	9
PRI	11	17347472	32270911	1	susScr2	18
PRI	11	32270911	58138993	-1	susScr2	9
PRI	11	58138993	74743239	1	susScr2	9
PRI	11	74743239	76454203	-1	susScr2	18
PRI	11	76454203	76818637	1	susScr2	18
PRI	11	76818637	112331977	-1	susScr2	18
PRI	11	112331977	118569429	-1	susScr2	9
PRI	11	118569429	125836716	-1	susScr2	18
PRI	11	0	516510	1	bosTau7	22
PRI	11	516510	1712926	1	bosTau7	4
PRI	11	1712926	1779528	-1	bosTau7	4
PRI	11	1779528	5347039	1	bosTau7	4
PRI	11	5347039	5675165	-1	bosTau7	4
PRI	11	5675165	7495225	1	bosTau7	4
PRI	11	7495225	8159117	-1	bosTau7	4
PRI	11	8159117	17429139	1	bosTau7	4
PRI	11	17429139	17841817	-1	bosTau7	4
PRI	11	17841817	29598642	1	bosTau7	4
PRI	11	29598642	30140021	1	bosTau7	10
PRI	11	30140021	30909197	1	bosTau7	4
PRI	11	30909197	54407607	-1	bosTau7	4
PRI	11	54407607	55780345	1	bosTau7	4
PRI	11	55780345	58408611	-1	bosTau7	4
PRI	11	58408611	58647011	-1	bosTau7	4
PRI	11	58647011	75092495	1	bosTau7	4
PRI	11	75092495	76544886	-1	bosTau7	4
PRI	11	76544886	76975007	1	bosTau7	4
PRI	11	76975007	84691922	-1	bosTau7	4
PRI	11	84691922	125836716	1	bosTau7	4
PRI	11	0	23460117	-1	calJac3	8
PRI	11	23460117	59720447	1	calJac3	8
PRI	11	59720447	60024405	-1	calJac3	8
PRI	11	60024405	84691922	1	calJac3	8
PRI	11	84691922	125836716	-1	calJac3	8
PRI	11	0	2043189	-1	canFam2	18
PRI	11	2043189	2122691	1	canFam2	18
PRI	11	2122691	9348132	-1	canFam2	18
PRI	11	9348132	11375928	1	canFam2	16
PRI	11	11375928	17978712	1	canFam2	18
PRI	11	17978712	60275738	-1	canFam2	14
PRI	11	60275738	75269867	-1	canFam2	18
PRI	11	75269867	76466924	1	canFam2	14
PRI	11	76466924	76887949	-1	canFam2	14
PRI	11	76887949	89877784	1	canFam2	14
PRI	11	89877784	101790436	-1	canFam2	14
PRI	11	101790436	116609076	-1	canFam2	16
PRI	11	116609076	125836716	1	canFam2	16
PRI	11	0	1447247	1	capHir1	22
PRI	11	1447247	1562655	-1	capHir1	4
PRI	11	1562655	2122691	1	capHir1	4
PRI	11	2122691	7105720	1	capHir1	4
PRI	11	7105720	7486006	-1	capHir1	4
PRI	11	7486006	8188822	1	capHir1	4
PRI	11	8188822	17113513	1	capHir1	4
PRI	11	17113513	30493756	1	capHir1	4
PRI	11	30493756	55741025	-1	capHir1	4
PRI	11	55741025	58140093	-1	capHir1	4
PRI	11	58140093	66493704	1	capHir1	4
PRI	11	66493704	66700104	-1	capHir1	4
PRI	11	66700104	75119188	1	capHir1	4
PRI	11	75119188	76437116	-1	capHir1	4
PRI	11	76437116	77127529	1	capHir1	4
PRI	11	77127529	84691922	-1	capHir1	4
PRI	11	84691922	125836716	1	capHir1	4
PRI	11	0	2052780	-1	equCab2	4
PRI	11	2052780	2122691	1	equCab2	4
PRI	11	2122691	18294922	-1	equCab2	4
PRI	11	18294922	64967261	-1	equCab2	4
PRI	11	64967261	74831363	1	equCab2	4
PRI	11	74831363	76376022	1	equCab2	4
PRI	11	76376022	76778702	-1	equCab2	4
PRI	11	76778702	125836716	1	equCab2	4
PRI	11	2122691	9214716	-1	galGal3	2
PRI	11	9214716	17557561	-1	galGal3	2
PRI	11	17557561	23460117	1	galGal3	2
PRI	11	23460117	58675419	-1	galGal3	2
PRI	11	58675419	74199507	1	galGal3	1
PRI	11	74199507	84691922	-1	galGal3	1
PRI	11	84691922	85292760	1	galGal3	1
PRI	11	85292760	85640379	-1	galGal3	1
PRI	11	86149285	101156389	-1	galGal3	1
PRI	11	101156389	110280061	-1	galGal3	1
PRI	11	110280061	125836716	1	galGal3	2
PRI	11	0	1447247	-1	gorGor3	7
PRI	11	1447247	2122691	1	gorGor3	7
PRI	11	2122691	48284885	-1	gorGor3	7
PRI	11	48284885	69090167	-1	gorGor3	7
PRI	11	69090167	125836716	1	gorGor3	7
PRI	11	0	1447247	-1	hg19	7
PRI	11	1447247	2122691	1	hg19	7
PRI	11	2122691	48284885	-1	hg19	7
PRI	11	48284885	69090167	-1	hg19	7
PRI	11	69090167	125836716	1	hg19	7
PRI	11	0	1447247	-1	mm10	11
PRI	11	1447247	2122691	1	mm10	11
PRI	11	2122691	11375928	-1	mm10	11
PRI	11	11375928	19003224	1	mm10	13
PRI	11	19003224	22502309	-1	mm10	9
PRI	11	22502309	31442706	-1	mm10	6
PRI	11	31442706	34415897	1	mm10	12
PRI	11	34415897	42048645	1	mm10	12
PRI	11	42048645	52738775	-1	mm10	6
PRI	11	52738775	71611388	1	mm10	5
PRI	11	71611388	74012767	-1	mm10	12
PRI	11	74012767	78691841	-1	mm10	12
PRI	11	78691841	118262965	1	mm10	6
PRI	11	118262965	124439212	1	mm10	5
PRI	11	124439212	125836716	-1	mm10	12
PRI	11	0	2090698	1	monDom5	6
PRI	11	2090698	2122691	-1	monDom5	6
PRI	11	2122691	10407920	1	monDom5	6
PRI	11	10407920	11375928	-1	monDom5	1
PRI	11	11375928	17830308	-1	monDom5	6
PRI	11	17830308	18641305	-1	monDom5	6
PRI	11	18641305	21784626	-1	monDom5	6
PRI	11	21784626	22557573	-1	monDom5	6
PRI	11	22557573	24239173	1	monDom5	6
PRI	11	24239173	42541018	1	monDom5	8
PRI	11	42541018	48284885	-1	monDom5	8
PRI	11	48284885	57946758	-1	monDom5	8
PRI	11	57946758	84691922	1	monDom5	8
PRI	11	84691922	85315525	-1	monDom5	8
PRI	11	85315525	85640379	1	monDom5	8
PRI	11	85640379	125836716	1	monDom5	8
PRI	11	0	2073373	1	oryCun2	10
PRI	11	2073373	2122691	-1	oryCun2	10
PRI	11	2122691	7227999	1	oryCun2	10
PRI	11	7227999	11375928	-1	oryCun2	10
PRI	11	11375928	41374895	-1	oryCun2	10
PRI	11	41374895	62576623	1	oryCun2	10
PRI	11	62576623	63186751	1	oryCun2	2
PRI	11	63186751	78725334	1	oryCun2	7
PRI	11	78725334	99127438	-1	oryCun2	7
PRI	11	99127438	104883059	1	oryCun2	7
PRI	11	104883059	107760084	1	oryCun2	7
PRI	11	107760084	115698489	-1	oryCun2	7
PRI	11	115698489	120722736	1	oryCun2	13
PRI	11	120722736	125836716	-1	oryCun2	13
PRI	11	0	11375928	-1	panTro3	7
PRI	11	11375928	15583258	1	panTro3	7
PRI	11	15583258	48284885	-1	panTro3	7
PRI	11	48284885	69090167	-1	panTro3	7
PRI	11	69090167	125836716	1	panTro3	7
PRI	11	0	1447247	1	ponAbe2	7
PRI	11	1447247	2122691	-1	ponAbe2	7
PRI	11	2122691	125836716	1	ponAbe2	7
PRI	11	0	61510912	1	rheMac3	3
PRI	11	61510912	85640379	1	rheMac3	3
PRI	11	85640379	86149285	-1	rheMac3	3
PRI	11	86149285	125836716	1	rheMac3	3
PRI	11	0	1447247	-1	rn4	14
PRI	11	1447247	2122691	1	rn4	14
PRI	11	2122691	11375928	-1	rn4	14
PRI	11	11375928	19242904	-1	rn4	17
PRI	11	19242904	22434305	-1	rn4	8
PRI	11	22434305	31472558	-1	rn4	4
PRI	11	31472558	34515530	1	rn4	6
PRI	11	34515530	42207104	1	rn4	6
PRI	11	42207104	58201691	-1	rn4	4
PRI	11	58201691	58778362	1	rn4	4
PRI	11	58778362	71517984	-1	rn4	4
PRI	11	71517984	74294008	-1	rn4	6
PRI	11	74294008	78664288	-1	rn4	6
PRI	11	78664288	118732957	1	rn4	4
PRI	11	118732957	124543522	-1	rn4	4
PRI	11	124543522	125836716	-1	rn4	6
PRI	11	0	1447247	-1	susScr2	9
PRI	11	1447247	1661453	1	susScr2	9
PRI	11	1661453	7183454	-1	susScr2	9
PRI	11	7183454	16568006	1	susScr2	18
PRI	11	16568006	17347472	-1	susScr2	9
PRI	11	17347472	32270911	1	susScr2	18
PRI	11	32270911	58138993	-1	susScr2	9
PRI	11	58138993	74743239	1	susScr2	9
PRI	11	74743239	76454203	-1	susScr2	18
PRI	11	76454203	76818637	1	susScr2	18
PRI	11	76818637	112331977	-1	susScr2	18
PRI	11	112331977	118569429	-1	susScr2	9
PRI	11	118569429	125836716	-1	susScr2	18
PRI	11	0	516510	1	bosTau7	22
PRI	11	516510	1712926	1	bosTau7	4
PRI	11	1712926	1779528	-1	bosTau7	4
PRI	11	1779528	5347039	1	bosTau7	4
PRI	11	5347039	5675165	-1	bosTau7	4
PRI	11	5675165	7495225	1	bosTau7	4
PRI	11	7495225	8159117	-1	bosTau7	4
PRI	11	8159117	17429139	1	bosTau7	4
PRI	11	17429139	17841817	-1	bosTau7	4
PRI	11	17841817	29598642	1	bosTau7	4
PRI	11	29598642	30140021	1	bosTau7	10
PRI	11	30140021	30909197	1	bosTau7	4
PRI	11	30909197	54407607	-1	bosTau7	4
PRI	11	54407607	55780345	1	bosTau7	4
PRI	11	55780345	58408611	-1	bosTau7	4
PRI	11	58408611	58647011	-1	bosTau7	4
PRI	11	58647011	75092495	1	bosTau7	4
PRI	11	75092495	76544886	-1	bosTau7	4
PRI	11	76544886	76975007	1	bosTau7	4
PRI	11	76975007	84691922	-1	bosTau7	4
PRI	11	84691922	125836716	1	bosTau7	4
PRI	11	0	23460117	-1	calJac3	8
PRI	11	23460117	59720447	1	calJac3	8
PRI	11	59720447	60024405	-1	calJac3	8
PRI	11	60024405	84691922	1	calJac3	8
PRI	11	84691922	125836716	-1	calJac3	8
PRI	11	0	2043189	-1	canFam2	18
PRI	11	2043189	2122691	1	canFam2	18
PRI	11	2122691	9348132	-1	canFam2	18
PRI	11	9348132	11375928	1	canFam2	16
PRI	11	11375928	17978712	1	canFam2	18
PRI	11	17978712	60275738	-1	canFam2	14
PRI	11	60275738	75269867	-1	canFam2	18
PRI	11	75269867	76466924	1	canFam2	14
PRI	11	76466924	76887949	-1	canFam2	14
PRI	11	76887949	89877784	1	canFam2	14
PRI	11	89877784	101790436	-1	canFam2	14
PRI	11	101790436	116609076	-1	canFam2	16
PRI	11	116609076	125836716	1	canFam2	16
PRI	11	0	1447247	1	capHir1	22
PRI	11	1447247	1562655	-1	capHir1	4
PRI	11	1562655	2122691	1	capHir1	4
PRI	11	2122691	7105720	1	capHir1	4
PRI	11	7105720	7486006	-1	capHir1	4
PRI	11	7486006	8188822	1	capHir1	4
PRI	11	8188822	17113513	1	capHir1	4
PRI	11	17113513	30493756	1	capHir1	4
PRI	11	30493756	55741025	-1	capHir1	4
PRI	11	55741025	58140093	-1	capHir1	4
PRI	11	58140093	66493704	1	capHir1	4
PRI	11	66493704	66700104	-1	capHir1	4
PRI	11	66700104	75119188	1	capHir1	4
PRI	11	75119188	76437116	-1	capHir1	4
PRI	11	76437116	77127529	1	capHir1	4
PRI	11	77127529	84691922	-1	capHir1	4
PRI	11	84691922	125836716	1	capHir1	4
PRI	11	0	2052780	-1	equCab2	4
PRI	11	2052780	2122691	1	equCab2	4
PRI	11	2122691	18294922	-1	equCab2	4
PRI	11	18294922	64967261	-1	equCab2	4
PRI	11	64967261	74831363	1	equCab2	4
PRI	11	74831363	76376022	1	equCab2	4
PRI	11	76376022	76778702	-1	equCab2	4
PRI	11	76778702	125836716	1	equCab2	4
PRI	11	2122691	9214716	-1	galGal3	2
PRI	11	9214716	17557561	-1	galGal3	2
PRI	11	17557561	23460117	1	galGal3	2
PRI	11	23460117	58675419	-1	galGal3	2
PRI	11	58675419	74199507	1	galGal3	1
PRI	11	74199507	84691922	-1	galGal3	1
PRI	11	84691922	85292760	1	galGal3	1
PRI	11	85292760	85640379	-1	galGal3	1
PRI	11	86149285	101156389	-1	galGal3	1
PRI	11	101156389	110280061	-1	galGal3	1
PRI	11	110280061	125836716	1	galGal3	2
PRI	11	0	1447247	-1	gorGor3	7
PRI	11	1447247	2122691	1	gorGor3	7
PRI	11	2122691	48284885	-1	gorGor3	7
PRI	11	48284885	69090167	-1	gorGor3	7
PRI	11	69090167	125836716	1	gorGor3	7
PRI	11	0	1447247	-1	hg19	7
PRI	11	1447247	2122691	1	hg19	7
PRI	11	2122691	48284885	-1	hg19	7
PRI	11	48284885	69090167	-1	hg19	7
PRI	11	69090167	125836716	1	hg19	7
PRI	11	0	1447247	-1	mm10	11
PRI	11	1447247	2122691	1	mm10	11
PRI	11	2122691	11375928	-1	mm10	11
PRI	11	11375928	19003224	1	mm10	13
PRI	11	19003224	22502309	-1	mm10	9
PRI	11	22502309	31442706	-1	mm10	6
PRI	11	31442706	34415897	1	mm10	12
PRI	11	34415897	42048645	1	mm10	12
PRI	11	42048645	52738775	-1	mm10	6
PRI	11	52738775	71611388	1	mm10	5
PRI	11	71611388	74012767	-1	mm10	12
PRI	11	74012767	78691841	-1	mm10	12
PRI	11	78691841	118262965	1	mm10	6
PRI	11	118262965	124439212	1	mm10	5
PRI	11	124439212	125836716	-1	mm10	12
PRI	11	0	2090698	1	monDom5	6
PRI	11	2090698	2122691	-1	monDom5	6
PRI	11	2122691	10407920	1	monDom5	6
PRI	11	10407920	11375928	-1	monDom5	1
PRI	11	11375928	17830308	-1	monDom5	6
PRI	11	17830308	18641305	-1	monDom5	6
PRI	11	18641305	21784626	-1	monDom5	6
PRI	11	21784626	22557573	-1	monDom5	6
PRI	11	22557573	24239173	1	monDom5	6
PRI	11	24239173	42541018	1	monDom5	8
PRI	11	42541018	48284885	-1	monDom5	8
PRI	11	48284885	57946758	-1	monDom5	8
PRI	11	57946758	84691922	1	monDom5	8
PRI	11	84691922	85315525	-1	monDom5	8
PRI	11	85315525	85640379	1	monDom5	8
PRI	11	85640379	125836716	1	monDom5	8
PRI	11	0	2073373	1	oryCun2	10
PRI	11	2073373	2122691	-1	oryCun2	10
PRI	11	2122691	7227999	1	oryCun2	10
PRI	11	7227999	11375928	-1	oryCun2	10
PRI	11	11375928	41374895	-1	oryCun2	10
PRI	11	41374895	62576623	1	oryCun2	10
PRI	11	62576623	63186751	1	oryCun2	2
PRI	11	63186751	78725334	1	oryCun2	7
PRI	11	78725334	99127438	-1	oryCun2	7
PRI	11	99127438	104883059	1	oryCun2	7
PRI	11	104883059	107760084	1	oryCun2	7
PRI	11	107760084	115698489	-1	oryCun2	7
PRI	11	115698489	120722736	1	oryCun2	13
PRI	11	120722736	125836716	-1	oryCun2	13
PRI	11	0	11375928	-1	panTro3	7
PRI	11	11375928	15583258	1	panTro3	7
PRI	11	15583258	48284885	-1	panTro3	7
PRI	11	48284885	69090167	-1	panTro3	7
PRI	11	69090167	125836716	1	panTro3	7
PRI	11	0	1447247	1	ponAbe2	7
PRI	11	1447247	2122691	-1	ponAbe2	7
PRI	11	2122691	125836716	1	ponAbe2	7
PRI	11	0	61510912	1	rheMac3	3
PRI	11	61510912	85640379	1	rheMac3	3
PRI	11	85640379	86149285	-1	rheMac3	3
PRI	11	86149285	125836716	1	rheMac3	3
PRI	11	0	1447247	-1	rn4	14
PRI	11	1447247	2122691	1	rn4	14
PRI	11	2122691	11375928	-1	rn4	14
PRI	11	11375928	19242904	-1	rn4	17
PRI	11	19242904	22434305	-1	rn4	8
PRI	11	22434305	31472558	-1	rn4	4
PRI	11	31472558	34515530	1	rn4	6
PRI	11	34515530	42207104	1	rn4	6
PRI	11	42207104	58201691	-1	rn4	4
PRI	11	58201691	58778362	1	rn4	4
PRI	11	58778362	71517984	-1	rn4	4
PRI	11	71517984	74294008	-1	rn4	6
PRI	11	74294008	78664288	-1	rn4	6
PRI	11	78664288	118732957	1	rn4	4
PRI	11	118732957	124543522	-1	rn4	4
PRI	11	124543522	125836716	-1	rn4	6
PRI	11	0	1447247	-1	susScr2	9
PRI	11	1447247	1661453	1	susScr2	9
PRI	11	1661453	7183454	-1	susScr2	9
PRI	11	7183454	16568006	1	susScr2	18
PRI	11	16568006	17347472	-1	susScr2	9
PRI	11	17347472	32270911	1	susScr2	18
PRI	11	32270911	58138993	-1	susScr2	9
PRI	11	58138993	74743239	1	susScr2	9
PRI	11	74743239	76454203	-1	susScr2	18
PRI	11	76454203	76818637	1	susScr2	18
PRI	11	76818637	112331977	-1	susScr2	18
PRI	11	112331977	118569429	-1	susScr2	9
PRI	11	118569429	125836716	-1	susScr2	18
