PRI	20	0	2726763	-1	bosTau7	18
PRI	20	2726763	3349744	1	bosTau7	18
PRI	20	3349744	16065931	-1	bosTau7	18
PRI	20	16065931	16751504	1	bosTau7	18
PRI	20	16751504	21269572	-1	bosTau7	18
PRI	20	21269572	21660952	1	bosTau7	18
PRI	20	21660952	21732254	-1	bosTau7	18
PRI	20	21732254	33502804	-1	bosTau7	18
PRI	20	33502804	34620880	-1	bosTau7	18
PRI	20	34620880	47330783	1	bosTau7	7
PRI	20	47330783	50324789	-1	bosTau7	7
PRI	20	50324789	51357201	-1	bosTau7	7
PRI	20	51357201	56915613	1	bosTau7	7
PRI	20	56915613	57206048	-1	bosTau7	7
PRI	20	57206048	58365813	-1	bosTau7	7
PRI	20	0	20932122	-1	calJac3	22
PRI	20	20932122	21269572	1	calJac3	22
PRI	20	21269572	21732254	1	calJac3	22
PRI	20	21732254	58365813	-1	calJac3	22
PRI	20	0	20932122	1	canFam2	1
PRI	20	20932122	21269572	-1	canFam2	1
PRI	20	21269572	34286625	1	canFam2	1
PRI	20	34286625	50324789	1	canFam2	20
PRI	20	50324789	51443791	-1	canFam2	20
PRI	20	51443791	58365813	1	canFam2	20
PRI	20	0	3691372	-1	capHir1	18
PRI	20	3691372	4555243	1	capHir1	18
PRI	20	4555243	34593192	-1	capHir1	18
PRI	20	34593192	49111401	1	capHir1	7
PRI	20	49111401	50324789	-1	capHir1	7
PRI	20	50324789	51264742	-1	capHir1	7
PRI	20	51264742	56479649	1	capHir1	7
PRI	20	56479649	58365813	-1	capHir1	7
PRI	20	0	16145353	-1	equCab2	10
PRI	20	16145353	16724169	1	equCab2	10
PRI	20	16724169	31681016	-1	equCab2	10
PRI	20	31681016	37030193	-1	equCab2	21
PRI	20	37030193	50324789	1	equCab2	7
PRI	20	50324789	50698801	-1	equCab2	7
PRI	20	50698801	51359640	1	equCab2	7
PRI	20	51359640	58365813	-1	equCab2	7
PRI	20	21732254	42209728	-1	galGal3	11
PRI	20	42209728	52330557	1	galGal3	28
PRI	20	52330557	56216750	1	galGal3	28
PRI	20	56216750	58365813	-1	galGal3	28
PRI	20	0	58365813	-1	gorGor3	19
PRI	20	0	58365813	-1	hg19	19
PRI	20	0	7821307	-1	mm10	7
PRI	20	7821307	9843974	1	mm10	7
PRI	20	9843974	16984161	1	mm10	7
PRI	20	16984161	17460791	-1	mm10	7
PRI	20	17460791	20932122	1	mm10	7
PRI	20	20932122	21269572	-1	mm10	7
PRI	20	21269572	38449566	1	mm10	7
PRI	20	38449566	39980347	-1	mm10	7
PRI	20	39980347	41595314	1	mm10	8
PRI	20	41595314	42899950	-1	mm10	8
PRI	20	42899950	44098565	-1	mm10	17
PRI	20	44098565	47248658	1	mm10	8
PRI	20	47248658	50324789	-1	mm10	9
PRI	20	50324789	51718809	-1	mm10	8
PRI	20	51718809	54486290	-1	mm10	17
PRI	20	54486290	55518716	1	mm10	10
PRI	20	55518716	58365813	-1	mm10	10
PRI	20	0	1087513	-1	monDom5	3
PRI	20	1087513	1783433	-1	monDom5	4
PRI	20	1783433	3352910	-1	monDom5	3
PRI	20	3352910	8110885	-1	monDom5	4
PRI	20	8110885	9009910	-1	monDom5	3
PRI	20	9009910	12587989	-1	monDom5	3
PRI	20	12587989	13269296	-1	monDom5	4
PRI	20	13269296	14921696	1	monDom5	4
PRI	20	14921696	15548525	1	monDom5	4
PRI	20	15548525	16315955	-1	monDom5	4
PRI	20	16315955	17336099	-1	monDom5	3
PRI	20	17336099	19063975	-1	monDom5	4
PRI	20	19063975	20932122	-1	monDom5	4
PRI	20	20932122	21269572	-1	monDom5	3
PRI	20	21269572	21620700	-1	monDom5	3
PRI	20	21620700	21732254	-1	monDom5	4
PRI	20	21732254	22678858	-1	monDom5	4
PRI	20	22678858	23453034	-1	monDom5	3
PRI	20	23453034	32359823	1	monDom5	1
PRI	20	32359823	33070159	-1	monDom5	1
PRI	20	33070159	37346500	-1	monDom5	4
PRI	20	37346500	39414362	-1	monDom5	3
PRI	20	39414362	43896157	-1	monDom5	3
PRI	20	43896157	46448846	1	monDom5	3
PRI	20	46448846	48811572	1	monDom5	3
PRI	20	48811572	49506229	-1	monDom5	3
PRI	20	49506229	50984231	1	monDom5	3
PRI	20	50984231	54116305	-1	monDom5	3
PRI	20	54116305	54467519	1	monDom5	3
PRI	20	54467519	54657656	-1	monDom5	3
PRI	20	54657656	56620063	-1	monDom5	3
PRI	20	56620063	57812953	1	monDom5	3
PRI	20	57812953	58365813	1	monDom5	3
PRI	20	0	7892555	1	oryCun2	5
PRI	20	7892555	20932122	-1	oryCun2	5
PRI	20	20932122	21269572	1	oryCun2	5
PRI	20	21732254	50324789	-1	oryCun2	5
PRI	20	0	21269572	-1	panTro3	19
PRI	20	21269572	21732254	1	panTro3	19
PRI	20	21732254	58365813	-1	panTro3	19
PRI	20	0	58365813	-1	ponAbe2	19
PRI	20	0	50324789	-1	rheMac3	19
PRI	20	50324789	50698801	1	rheMac3	19
PRI	20	50698801	58365813	-1	rheMac3	19
PRI	20	0	4895055	1	rn4	1
PRI	20	4895055	5574320	1	rn4	1
PRI	20	5574320	8521909	1	rn4	1
PRI	20	8521909	15703221	1	rn4	1
PRI	20	15703221	16362155	-1	rn4	1
PRI	20	16362155	35275596	1	rn4	1
PRI	20	35275596	37158914	-1	rn4	1
PRI	20	37158914	40513726	-1	rn4	16
PRI	20	40513726	42689988	-1	rn4	7
PRI	20	42689988	46486312	-1	rn4	19
PRI	20	46486312	50324789	-1	rn4	8
PRI	20	50324789	52482732	1	rn4	12
PRI	20	52482732	54077948	-1	rn4	7
PRI	20	54077948	58365813	1	rn4	7
PRI	20	0	1899990	-1	susScr2	6
PRI	20	1899990	31434329	-1	susScr2	6
PRI	20	31434329	48378506	-1	susScr2	2
PRI	20	48378506	50324789	1	susScr2	2
PRI	20	50324789	58365813	-1	susScr2	2
PRI	20	0	2726763	-1	bosTau7	18
PRI	20	2726763	3349744	1	bosTau7	18
PRI	20	3349744	16065931	-1	bosTau7	18
PRI	20	16065931	16751504	1	bosTau7	18
PRI	20	16751504	21269572	-1	bosTau7	18
PRI	20	21269572	21660952	1	bosTau7	18
PRI	20	21660952	21732254	-1	bosTau7	18
PRI	20	21732254	33502804	-1	bosTau7	18
PRI	20	33502804	34620880	-1	bosTau7	18
PRI	20	34620880	47330783	1	bosTau7	7
PRI	20	47330783	50324789	-1	bosTau7	7
PRI	20	50324789	51357201	-1	bosTau7	7
PRI	20	51357201	56915613	1	bosTau7	7
PRI	20	56915613	57206048	-1	bosTau7	7
PRI	20	57206048	58365813	-1	bosTau7	7
PRI	20	0	20932122	-1	calJac3	22
PRI	20	20932122	21269572	1	calJac3	22
PRI	20	21269572	21732254	1	calJac3	22
PRI	20	21732254	58365813	-1	calJac3	22
PRI	20	0	20932122	1	canFam2	1
PRI	20	20932122	21269572	-1	canFam2	1
PRI	20	21269572	34286625	1	canFam2	1
PRI	20	34286625	50324789	1	canFam2	20
PRI	20	50324789	51443791	-1	canFam2	20
PRI	20	51443791	58365813	1	canFam2	20
PRI	20	0	3691372	-1	capHir1	18
PRI	20	3691372	4555243	1	capHir1	18
PRI	20	4555243	34593192	-1	capHir1	18
PRI	20	34593192	49111401	1	capHir1	7
PRI	20	49111401	50324789	-1	capHir1	7
PRI	20	50324789	51264742	-1	capHir1	7
PRI	20	51264742	56479649	1	capHir1	7
PRI	20	56479649	58365813	-1	capHir1	7
PRI	20	0	16145353	-1	equCab2	10
PRI	20	16145353	16724169	1	equCab2	10
PRI	20	16724169	31681016	-1	equCab2	10
PRI	20	31681016	37030193	-1	equCab2	21
PRI	20	37030193	50324789	1	equCab2	7
PRI	20	50324789	50698801	-1	equCab2	7
PRI	20	50698801	51359640	1	equCab2	7
PRI	20	51359640	58365813	-1	equCab2	7
PRI	20	21732254	42209728	-1	galGal3	11
PRI	20	42209728	52330557	1	galGal3	28
PRI	20	52330557	56216750	1	galGal3	28
PRI	20	56216750	58365813	-1	galGal3	28
PRI	20	0	58365813	-1	gorGor3	19
PRI	20	0	58365813	-1	hg19	19
PRI	20	0	7821307	-1	mm10	7
PRI	20	7821307	9843974	1	mm10	7
PRI	20	9843974	16984161	1	mm10	7
PRI	20	16984161	17460791	-1	mm10	7
PRI	20	17460791	20932122	1	mm10	7
PRI	20	20932122	21269572	-1	mm10	7
PRI	20	21269572	38449566	1	mm10	7
PRI	20	38449566	39980347	-1	mm10	7
PRI	20	39980347	41595314	1	mm10	8
PRI	20	41595314	42899950	-1	mm10	8
PRI	20	42899950	44098565	-1	mm10	17
PRI	20	44098565	47248658	1	mm10	8
PRI	20	47248658	50324789	-1	mm10	9
PRI	20	50324789	51718809	-1	mm10	8
PRI	20	51718809	54486290	-1	mm10	17
PRI	20	54486290	55518716	1	mm10	10
PRI	20	55518716	58365813	-1	mm10	10
PRI	20	0	1087513	-1	monDom5	3
PRI	20	1087513	1783433	-1	monDom5	4
PRI	20	1783433	3352910	-1	monDom5	3
PRI	20	3352910	8110885	-1	monDom5	4
PRI	20	8110885	9009910	-1	monDom5	3
PRI	20	9009910	12587989	-1	monDom5	3
PRI	20	12587989	13269296	-1	monDom5	4
PRI	20	13269296	14921696	1	monDom5	4
PRI	20	14921696	15548525	1	monDom5	4
PRI	20	15548525	16315955	-1	monDom5	4
PRI	20	16315955	17336099	-1	monDom5	3
PRI	20	17336099	19063975	-1	monDom5	4
PRI	20	19063975	20932122	-1	monDom5	4
PRI	20	20932122	21269572	-1	monDom5	3
PRI	20	21269572	21620700	-1	monDom5	3
PRI	20	21620700	21732254	-1	monDom5	4
PRI	20	21732254	22678858	-1	monDom5	4
PRI	20	22678858	23453034	-1	monDom5	3
PRI	20	23453034	32359823	1	monDom5	1
PRI	20	32359823	33070159	-1	monDom5	1
PRI	20	33070159	37346500	-1	monDom5	4
PRI	20	37346500	39414362	-1	monDom5	3
PRI	20	39414362	43896157	-1	monDom5	3
PRI	20	43896157	46448846	1	monDom5	3
PRI	20	46448846	48811572	1	monDom5	3
PRI	20	48811572	49506229	-1	monDom5	3
PRI	20	49506229	50984231	1	monDom5	3
PRI	20	50984231	54116305	-1	monDom5	3
PRI	20	54116305	54467519	1	monDom5	3
PRI	20	54467519	54657656	-1	monDom5	3
PRI	20	54657656	56620063	-1	monDom5	3
PRI	20	56620063	57812953	1	monDom5	3
PRI	20	57812953	58365813	1	monDom5	3
PRI	20	0	7892555	1	oryCun2	5
PRI	20	7892555	20932122	-1	oryCun2	5
PRI	20	20932122	21269572	1	oryCun2	5
PRI	20	21732254	50324789	-1	oryCun2	5
PRI	20	0	21269572	-1	panTro3	19
PRI	20	21269572	21732254	1	panTro3	19
PRI	20	21732254	58365813	-1	panTro3	19
PRI	20	0	58365813	-1	ponAbe2	19
PRI	20	0	50324789	-1	rheMac3	19
PRI	20	50324789	50698801	1	rheMac3	19
PRI	20	50698801	58365813	-1	rheMac3	19
PRI	20	0	4895055	1	rn4	1
PRI	20	4895055	5574320	1	rn4	1
PRI	20	5574320	8521909	1	rn4	1
PRI	20	8521909	15703221	1	rn4	1
PRI	20	15703221	16362155	-1	rn4	1
PRI	20	16362155	35275596	1	rn4	1
PRI	20	35275596	37158914	-1	rn4	1
PRI	20	37158914	40513726	-1	rn4	16
PRI	20	40513726	42689988	-1	rn4	7
PRI	20	42689988	46486312	-1	rn4	19
PRI	20	46486312	50324789	-1	rn4	8
PRI	20	50324789	52482732	1	rn4	12
PRI	20	52482732	54077948	-1	rn4	7
PRI	20	54077948	58365813	1	rn4	7
PRI	20	0	1899990	-1	susScr2	6
PRI	20	1899990	31434329	-1	susScr2	6
PRI	20	31434329	48378506	-1	susScr2	2
PRI	20	48378506	50324789	1	susScr2	2
PRI	20	50324789	58365813	-1	susScr2	2
PRI	20	0	2726763	-1	bosTau7	18
PRI	20	2726763	3349744	1	bosTau7	18
PRI	20	3349744	16065931	-1	bosTau7	18
PRI	20	16065931	16751504	1	bosTau7	18
PRI	20	16751504	21269572	-1	bosTau7	18
PRI	20	21269572	21660952	1	bosTau7	18
PRI	20	21660952	21732254	-1	bosTau7	18
PRI	20	21732254	33502804	-1	bosTau7	18
PRI	20	33502804	34620880	-1	bosTau7	18
PRI	20	34620880	47330783	1	bosTau7	7
PRI	20	47330783	50324789	-1	bosTau7	7
PRI	20	50324789	51357201	-1	bosTau7	7
PRI	20	51357201	56915613	1	bosTau7	7
PRI	20	56915613	57206048	-1	bosTau7	7
PRI	20	57206048	58365813	-1	bosTau7	7
PRI	20	0	20932122	-1	calJac3	22
PRI	20	20932122	21269572	1	calJac3	22
PRI	20	21269572	21732254	1	calJac3	22
PRI	20	21732254	58365813	-1	calJac3	22
PRI	20	0	20932122	1	canFam2	1
PRI	20	20932122	21269572	-1	canFam2	1
PRI	20	21269572	34286625	1	canFam2	1
PRI	20	34286625	50324789	1	canFam2	20
PRI	20	50324789	51443791	-1	canFam2	20
PRI	20	51443791	58365813	1	canFam2	20
PRI	20	0	3691372	-1	capHir1	18
PRI	20	3691372	4555243	1	capHir1	18
PRI	20	4555243	34593192	-1	capHir1	18
PRI	20	34593192	49111401	1	capHir1	7
PRI	20	49111401	50324789	-1	capHir1	7
PRI	20	50324789	51264742	-1	capHir1	7
PRI	20	51264742	56479649	1	capHir1	7
PRI	20	56479649	58365813	-1	capHir1	7
PRI	20	0	16145353	-1	equCab2	10
PRI	20	16145353	16724169	1	equCab2	10
PRI	20	16724169	31681016	-1	equCab2	10
PRI	20	31681016	37030193	-1	equCab2	21
PRI	20	37030193	50324789	1	equCab2	7
PRI	20	50324789	50698801	-1	equCab2	7
PRI	20	50698801	51359640	1	equCab2	7
PRI	20	51359640	58365813	-1	equCab2	7
PRI	20	21732254	42209728	-1	galGal3	11
PRI	20	42209728	52330557	1	galGal3	28
PRI	20	52330557	56216750	1	galGal3	28
PRI	20	56216750	58365813	-1	galGal3	28
PRI	20	0	58365813	-1	gorGor3	19
PRI	20	0	58365813	-1	hg19	19
PRI	20	0	7821307	-1	mm10	7
PRI	20	7821307	9843974	1	mm10	7
PRI	20	9843974	16984161	1	mm10	7
PRI	20	16984161	17460791	-1	mm10	7
PRI	20	17460791	20932122	1	mm10	7
PRI	20	20932122	21269572	-1	mm10	7
PRI	20	21269572	38449566	1	mm10	7
PRI	20	38449566	39980347	-1	mm10	7
PRI	20	39980347	41595314	1	mm10	8
PRI	20	41595314	42899950	-1	mm10	8
PRI	20	42899950	44098565	-1	mm10	17
PRI	20	44098565	47248658	1	mm10	8
PRI	20	47248658	50324789	-1	mm10	9
PRI	20	50324789	51718809	-1	mm10	8
PRI	20	51718809	54486290	-1	mm10	17
PRI	20	54486290	55518716	1	mm10	10
PRI	20	55518716	58365813	-1	mm10	10
PRI	20	0	1087513	-1	monDom5	3
PRI	20	1087513	1783433	-1	monDom5	4
PRI	20	1783433	3352910	-1	monDom5	3
PRI	20	3352910	8110885	-1	monDom5	4
PRI	20	8110885	9009910	-1	monDom5	3
PRI	20	9009910	12587989	-1	monDom5	3
PRI	20	12587989	13269296	-1	monDom5	4
PRI	20	13269296	14921696	1	monDom5	4
PRI	20	14921696	15548525	1	monDom5	4
PRI	20	15548525	16315955	-1	monDom5	4
PRI	20	16315955	17336099	-1	monDom5	3
PRI	20	17336099	19063975	-1	monDom5	4
PRI	20	19063975	20932122	-1	monDom5	4
PRI	20	20932122	21269572	-1	monDom5	3
PRI	20	21269572	21620700	-1	monDom5	3
PRI	20	21620700	21732254	-1	monDom5	4
PRI	20	21732254	22678858	-1	monDom5	4
PRI	20	22678858	23453034	-1	monDom5	3
PRI	20	23453034	32359823	1	monDom5	1
PRI	20	32359823	33070159	-1	monDom5	1
PRI	20	33070159	37346500	-1	monDom5	4
PRI	20	37346500	39414362	-1	monDom5	3
PRI	20	39414362	43896157	-1	monDom5	3
PRI	20	43896157	46448846	1	monDom5	3
PRI	20	46448846	48811572	1	monDom5	3
PRI	20	48811572	49506229	-1	monDom5	3
PRI	20	49506229	50984231	1	monDom5	3
PRI	20	50984231	54116305	-1	monDom5	3
PRI	20	54116305	54467519	1	monDom5	3
PRI	20	54467519	54657656	-1	monDom5	3
PRI	20	54657656	56620063	-1	monDom5	3
PRI	20	56620063	57812953	1	monDom5	3
PRI	20	57812953	58365813	1	monDom5	3
PRI	20	0	7892555	1	oryCun2	5
PRI	20	7892555	20932122	-1	oryCun2	5
PRI	20	20932122	21269572	1	oryCun2	5
PRI	20	21732254	50324789	-1	oryCun2	5
PRI	20	0	21269572	-1	panTro3	19
PRI	20	21269572	21732254	1	panTro3	19
PRI	20	21732254	58365813	-1	panTro3	19
PRI	20	0	58365813	-1	ponAbe2	19
PRI	20	0	50324789	-1	rheMac3	19
PRI	20	50324789	50698801	1	rheMac3	19
PRI	20	50698801	58365813	-1	rheMac3	19
PRI	20	0	4895055	1	rn4	1
PRI	20	4895055	5574320	1	rn4	1
PRI	20	5574320	8521909	1	rn4	1
PRI	20	8521909	15703221	1	rn4	1
PRI	20	15703221	16362155	-1	rn4	1
PRI	20	16362155	35275596	1	rn4	1
PRI	20	35275596	37158914	-1	rn4	1
PRI	20	37158914	40513726	-1	rn4	16
PRI	20	40513726	42689988	-1	rn4	7
PRI	20	42689988	46486312	-1	rn4	19
PRI	20	46486312	50324789	-1	rn4	8
PRI	20	50324789	52482732	1	rn4	12
PRI	20	52482732	54077948	-1	rn4	7
PRI	20	54077948	58365813	1	rn4	7
PRI	20	0	1899990	-1	susScr2	6
PRI	20	1899990	31434329	-1	susScr2	6
PRI	20	31434329	48378506	-1	susScr2	2
PRI	20	48378506	50324789	1	susScr2	2
PRI	20	50324789	58365813	-1	susScr2	2
PRI	20	0	2726763	-1	bosTau7	18
PRI	20	2726763	3349744	1	bosTau7	18
PRI	20	3349744	16065931	-1	bosTau7	18
PRI	20	16065931	16751504	1	bosTau7	18
PRI	20	16751504	21269572	-1	bosTau7	18
PRI	20	21269572	21660952	1	bosTau7	18
PRI	20	21660952	21732254	-1	bosTau7	18
PRI	20	21732254	33502804	-1	bosTau7	18
PRI	20	33502804	34620880	-1	bosTau7	18
PRI	20	34620880	47330783	1	bosTau7	7
PRI	20	47330783	50324789	-1	bosTau7	7
PRI	20	50324789	51357201	-1	bosTau7	7
PRI	20	51357201	56915613	1	bosTau7	7
PRI	20	56915613	57206048	-1	bosTau7	7
PRI	20	57206048	58365813	-1	bosTau7	7
PRI	20	0	20932122	-1	calJac3	22
PRI	20	20932122	21269572	1	calJac3	22
PRI	20	21269572	21732254	1	calJac3	22
PRI	20	21732254	58365813	-1	calJac3	22
PRI	20	0	20932122	1	canFam2	1
PRI	20	20932122	21269572	-1	canFam2	1
PRI	20	21269572	34286625	1	canFam2	1
PRI	20	34286625	50324789	1	canFam2	20
PRI	20	50324789	51443791	-1	canFam2	20
PRI	20	51443791	58365813	1	canFam2	20
PRI	20	0	3691372	-1	capHir1	18
PRI	20	3691372	4555243	1	capHir1	18
PRI	20	4555243	34593192	-1	capHir1	18
PRI	20	34593192	49111401	1	capHir1	7
PRI	20	49111401	50324789	-1	capHir1	7
PRI	20	50324789	51264742	-1	capHir1	7
PRI	20	51264742	56479649	1	capHir1	7
PRI	20	56479649	58365813	-1	capHir1	7
PRI	20	0	16145353	-1	equCab2	10
PRI	20	16145353	16724169	1	equCab2	10
PRI	20	16724169	31681016	-1	equCab2	10
PRI	20	31681016	37030193	-1	equCab2	21
PRI	20	37030193	50324789	1	equCab2	7
PRI	20	50324789	50698801	-1	equCab2	7
PRI	20	50698801	51359640	1	equCab2	7
PRI	20	51359640	58365813	-1	equCab2	7
PRI	20	21732254	42209728	-1	galGal3	11
PRI	20	42209728	52330557	1	galGal3	28
PRI	20	52330557	56216750	1	galGal3	28
PRI	20	56216750	58365813	-1	galGal3	28
PRI	20	0	58365813	-1	gorGor3	19
PRI	20	0	58365813	-1	hg19	19
PRI	20	0	7821307	-1	mm10	7
PRI	20	7821307	9843974	1	mm10	7
PRI	20	9843974	16984161	1	mm10	7
PRI	20	16984161	17460791	-1	mm10	7
PRI	20	17460791	20932122	1	mm10	7
PRI	20	20932122	21269572	-1	mm10	7
PRI	20	21269572	38449566	1	mm10	7
PRI	20	38449566	39980347	-1	mm10	7
PRI	20	39980347	41595314	1	mm10	8
PRI	20	41595314	42899950	-1	mm10	8
PRI	20	42899950	44098565	-1	mm10	17
PRI	20	44098565	47248658	1	mm10	8
PRI	20	47248658	50324789	-1	mm10	9
PRI	20	50324789	51718809	-1	mm10	8
PRI	20	51718809	54486290	-1	mm10	17
PRI	20	54486290	55518716	1	mm10	10
PRI	20	55518716	58365813	-1	mm10	10
PRI	20	0	1087513	-1	monDom5	3
PRI	20	1087513	1783433	-1	monDom5	4
PRI	20	1783433	3352910	-1	monDom5	3
PRI	20	3352910	8110885	-1	monDom5	4
PRI	20	8110885	9009910	-1	monDom5	3
PRI	20	9009910	12587989	-1	monDom5	3
PRI	20	12587989	13269296	-1	monDom5	4
PRI	20	13269296	14921696	1	monDom5	4
PRI	20	14921696	15548525	1	monDom5	4
PRI	20	15548525	16315955	-1	monDom5	4
PRI	20	16315955	17336099	-1	monDom5	3
PRI	20	17336099	19063975	-1	monDom5	4
PRI	20	19063975	20932122	-1	monDom5	4
PRI	20	20932122	21269572	-1	monDom5	3
PRI	20	21269572	21620700	-1	monDom5	3
PRI	20	21620700	21732254	-1	monDom5	4
PRI	20	21732254	22678858	-1	monDom5	4
PRI	20	22678858	23453034	-1	monDom5	3
PRI	20	23453034	32359823	1	monDom5	1
PRI	20	32359823	33070159	-1	monDom5	1
PRI	20	33070159	37346500	-1	monDom5	4
PRI	20	37346500	39414362	-1	monDom5	3
PRI	20	39414362	43896157	-1	monDom5	3
PRI	20	43896157	46448846	1	monDom5	3
PRI	20	46448846	48811572	1	monDom5	3
PRI	20	48811572	49506229	-1	monDom5	3
PRI	20	49506229	50984231	1	monDom5	3
PRI	20	50984231	54116305	-1	monDom5	3
PRI	20	54116305	54467519	1	monDom5	3
PRI	20	54467519	54657656	-1	monDom5	3
PRI	20	54657656	56620063	-1	monDom5	3
PRI	20	56620063	57812953	1	monDom5	3
PRI	20	57812953	58365813	1	monDom5	3
PRI	20	0	7892555	1	oryCun2	5
PRI	20	7892555	20932122	-1	oryCun2	5
PRI	20	20932122	21269572	1	oryCun2	5
PRI	20	21732254	50324789	-1	oryCun2	5
PRI	20	0	21269572	-1	panTro3	19
PRI	20	21269572	21732254	1	panTro3	19
PRI	20	21732254	58365813	-1	panTro3	19
PRI	20	0	58365813	-1	ponAbe2	19
PRI	20	0	50324789	-1	rheMac3	19
PRI	20	50324789	50698801	1	rheMac3	19
PRI	20	50698801	58365813	-1	rheMac3	19
PRI	20	0	4895055	1	rn4	1
PRI	20	4895055	5574320	1	rn4	1
PRI	20	5574320	8521909	1	rn4	1
PRI	20	8521909	15703221	1	rn4	1
PRI	20	15703221	16362155	-1	rn4	1
PRI	20	16362155	35275596	1	rn4	1
PRI	20	35275596	37158914	-1	rn4	1
PRI	20	37158914	40513726	-1	rn4	16
PRI	20	40513726	42689988	-1	rn4	7
PRI	20	42689988	46486312	-1	rn4	19
PRI	20	46486312	50324789	-1	rn4	8
PRI	20	50324789	52482732	1	rn4	12
PRI	20	52482732	54077948	-1	rn4	7
PRI	20	54077948	58365813	1	rn4	7
PRI	20	0	1899990	-1	susScr2	6
PRI	20	1899990	31434329	-1	susScr2	6
PRI	20	31434329	48378506	-1	susScr2	2
PRI	20	48378506	50324789	1	susScr2	2
PRI	20	50324789	58365813	-1	susScr2	2
PRI	20	0	2726763	-1	bosTau7	18
PRI	20	2726763	3349744	1	bosTau7	18
PRI	20	3349744	16065931	-1	bosTau7	18
PRI	20	16065931	16751504	1	bosTau7	18
PRI	20	16751504	21269572	-1	bosTau7	18
PRI	20	21269572	21660952	1	bosTau7	18
PRI	20	21660952	21732254	-1	bosTau7	18
PRI	20	21732254	33502804	-1	bosTau7	18
PRI	20	33502804	34620880	-1	bosTau7	18
PRI	20	34620880	47330783	1	bosTau7	7
PRI	20	47330783	50324789	-1	bosTau7	7
PRI	20	50324789	51357201	-1	bosTau7	7
PRI	20	51357201	56915613	1	bosTau7	7
PRI	20	56915613	57206048	-1	bosTau7	7
PRI	20	57206048	58365813	-1	bosTau7	7
PRI	20	0	20932122	-1	calJac3	22
PRI	20	20932122	21269572	1	calJac3	22
PRI	20	21269572	21732254	1	calJac3	22
PRI	20	21732254	58365813	-1	calJac3	22
PRI	20	0	20932122	1	canFam2	1
PRI	20	20932122	21269572	-1	canFam2	1
PRI	20	21269572	34286625	1	canFam2	1
PRI	20	34286625	50324789	1	canFam2	20
PRI	20	50324789	51443791	-1	canFam2	20
PRI	20	51443791	58365813	1	canFam2	20
PRI	20	0	3691372	-1	capHir1	18
PRI	20	3691372	4555243	1	capHir1	18
PRI	20	4555243	34593192	-1	capHir1	18
PRI	20	34593192	49111401	1	capHir1	7
PRI	20	49111401	50324789	-1	capHir1	7
PRI	20	50324789	51264742	-1	capHir1	7
PRI	20	51264742	56479649	1	capHir1	7
PRI	20	56479649	58365813	-1	capHir1	7
PRI	20	0	16145353	-1	equCab2	10
PRI	20	16145353	16724169	1	equCab2	10
PRI	20	16724169	31681016	-1	equCab2	10
PRI	20	31681016	37030193	-1	equCab2	21
PRI	20	37030193	50324789	1	equCab2	7
PRI	20	50324789	50698801	-1	equCab2	7
PRI	20	50698801	51359640	1	equCab2	7
PRI	20	51359640	58365813	-1	equCab2	7
PRI	20	21732254	42209728	-1	galGal3	11
PRI	20	42209728	52330557	1	galGal3	28
PRI	20	52330557	56216750	1	galGal3	28
PRI	20	56216750	58365813	-1	galGal3	28
PRI	20	0	58365813	-1	gorGor3	19
PRI	20	0	58365813	-1	hg19	19
PRI	20	0	7821307	-1	mm10	7
PRI	20	7821307	9843974	1	mm10	7
PRI	20	9843974	16984161	1	mm10	7
PRI	20	16984161	17460791	-1	mm10	7
PRI	20	17460791	20932122	1	mm10	7
PRI	20	20932122	21269572	-1	mm10	7
PRI	20	21269572	38449566	1	mm10	7
PRI	20	38449566	39980347	-1	mm10	7
PRI	20	39980347	41595314	1	mm10	8
PRI	20	41595314	42899950	-1	mm10	8
PRI	20	42899950	44098565	-1	mm10	17
PRI	20	44098565	47248658	1	mm10	8
PRI	20	47248658	50324789	-1	mm10	9
PRI	20	50324789	51718809	-1	mm10	8
PRI	20	51718809	54486290	-1	mm10	17
PRI	20	54486290	55518716	1	mm10	10
PRI	20	55518716	58365813	-1	mm10	10
PRI	20	0	1087513	-1	monDom5	3
PRI	20	1087513	1783433	-1	monDom5	4
PRI	20	1783433	3352910	-1	monDom5	3
PRI	20	3352910	8110885	-1	monDom5	4
PRI	20	8110885	9009910	-1	monDom5	3
PRI	20	9009910	12587989	-1	monDom5	3
PRI	20	12587989	13269296	-1	monDom5	4
PRI	20	13269296	14921696	1	monDom5	4
PRI	20	14921696	15548525	1	monDom5	4
PRI	20	15548525	16315955	-1	monDom5	4
PRI	20	16315955	17336099	-1	monDom5	3
PRI	20	17336099	19063975	-1	monDom5	4
PRI	20	19063975	20932122	-1	monDom5	4
PRI	20	20932122	21269572	-1	monDom5	3
PRI	20	21269572	21620700	-1	monDom5	3
PRI	20	21620700	21732254	-1	monDom5	4
PRI	20	21732254	22678858	-1	monDom5	4
PRI	20	22678858	23453034	-1	monDom5	3
PRI	20	23453034	32359823	1	monDom5	1
PRI	20	32359823	33070159	-1	monDom5	1
PRI	20	33070159	37346500	-1	monDom5	4
PRI	20	37346500	39414362	-1	monDom5	3
PRI	20	39414362	43896157	-1	monDom5	3
PRI	20	43896157	46448846	1	monDom5	3
PRI	20	46448846	48811572	1	monDom5	3
PRI	20	48811572	49506229	-1	monDom5	3
PRI	20	49506229	50984231	1	monDom5	3
PRI	20	50984231	54116305	-1	monDom5	3
PRI	20	54116305	54467519	1	monDom5	3
PRI	20	54467519	54657656	-1	monDom5	3
PRI	20	54657656	56620063	-1	monDom5	3
PRI	20	56620063	57812953	1	monDom5	3
PRI	20	57812953	58365813	1	monDom5	3
PRI	20	0	7892555	1	oryCun2	5
PRI	20	7892555	20932122	-1	oryCun2	5
PRI	20	20932122	21269572	1	oryCun2	5
PRI	20	21732254	50324789	-1	oryCun2	5
PRI	20	0	21269572	-1	panTro3	19
PRI	20	21269572	21732254	1	panTro3	19
PRI	20	21732254	58365813	-1	panTro3	19
PRI	20	0	58365813	-1	ponAbe2	19
PRI	20	0	50324789	-1	rheMac3	19
PRI	20	50324789	50698801	1	rheMac3	19
PRI	20	50698801	58365813	-1	rheMac3	19
PRI	20	0	4895055	1	rn4	1
PRI	20	4895055	5574320	1	rn4	1
PRI	20	5574320	8521909	1	rn4	1
PRI	20	8521909	15703221	1	rn4	1
PRI	20	15703221	16362155	-1	rn4	1
PRI	20	16362155	35275596	1	rn4	1
PRI	20	35275596	37158914	-1	rn4	1
PRI	20	37158914	40513726	-1	rn4	16
PRI	20	40513726	42689988	-1	rn4	7
PRI	20	42689988	46486312	-1	rn4	19
PRI	20	46486312	50324789	-1	rn4	8
PRI	20	50324789	52482732	1	rn4	12
PRI	20	52482732	54077948	-1	rn4	7
PRI	20	54077948	58365813	1	rn4	7
PRI	20	0	1899990	-1	susScr2	6
PRI	20	1899990	31434329	-1	susScr2	6
PRI	20	31434329	48378506	-1	susScr2	2
PRI	20	48378506	50324789	1	susScr2	2
PRI	20	50324789	58365813	-1	susScr2	2
PRI	20	0	2726763	-1	bosTau7	18
PRI	20	2726763	3349744	1	bosTau7	18
PRI	20	3349744	16065931	-1	bosTau7	18
PRI	20	16065931	16751504	1	bosTau7	18
PRI	20	16751504	21269572	-1	bosTau7	18
PRI	20	21269572	21660952	1	bosTau7	18
PRI	20	21660952	21732254	-1	bosTau7	18
PRI	20	21732254	33502804	-1	bosTau7	18
PRI	20	33502804	34620880	-1	bosTau7	18
PRI	20	34620880	47330783	1	bosTau7	7
PRI	20	47330783	50324789	-1	bosTau7	7
PRI	20	50324789	51357201	-1	bosTau7	7
PRI	20	51357201	56915613	1	bosTau7	7
PRI	20	56915613	57206048	-1	bosTau7	7
PRI	20	57206048	58365813	-1	bosTau7	7
PRI	20	0	20932122	-1	calJac3	22
PRI	20	20932122	21269572	1	calJac3	22
PRI	20	21269572	21732254	1	calJac3	22
PRI	20	21732254	58365813	-1	calJac3	22
PRI	20	0	20932122	1	canFam2	1
PRI	20	20932122	21269572	-1	canFam2	1
PRI	20	21269572	34286625	1	canFam2	1
PRI	20	34286625	50324789	1	canFam2	20
PRI	20	50324789	51443791	-1	canFam2	20
PRI	20	51443791	58365813	1	canFam2	20
PRI	20	0	3691372	-1	capHir1	18
PRI	20	3691372	4555243	1	capHir1	18
PRI	20	4555243	34593192	-1	capHir1	18
PRI	20	34593192	49111401	1	capHir1	7
PRI	20	49111401	50324789	-1	capHir1	7
PRI	20	50324789	51264742	-1	capHir1	7
PRI	20	51264742	56479649	1	capHir1	7
PRI	20	56479649	58365813	-1	capHir1	7
PRI	20	0	16145353	-1	equCab2	10
PRI	20	16145353	16724169	1	equCab2	10
PRI	20	16724169	31681016	-1	equCab2	10
PRI	20	31681016	37030193	-1	equCab2	21
PRI	20	37030193	50324789	1	equCab2	7
PRI	20	50324789	50698801	-1	equCab2	7
PRI	20	50698801	51359640	1	equCab2	7
PRI	20	51359640	58365813	-1	equCab2	7
PRI	20	21732254	42209728	-1	galGal3	11
PRI	20	42209728	52330557	1	galGal3	28
PRI	20	52330557	56216750	1	galGal3	28
PRI	20	56216750	58365813	-1	galGal3	28
PRI	20	0	58365813	-1	gorGor3	19
PRI	20	0	58365813	-1	hg19	19
PRI	20	0	7821307	-1	mm10	7
PRI	20	7821307	9843974	1	mm10	7
PRI	20	9843974	16984161	1	mm10	7
PRI	20	16984161	17460791	-1	mm10	7
PRI	20	17460791	20932122	1	mm10	7
PRI	20	20932122	21269572	-1	mm10	7
PRI	20	21269572	38449566	1	mm10	7
PRI	20	38449566	39980347	-1	mm10	7
PRI	20	39980347	41595314	1	mm10	8
PRI	20	41595314	42899950	-1	mm10	8
PRI	20	42899950	44098565	-1	mm10	17
PRI	20	44098565	47248658	1	mm10	8
PRI	20	47248658	50324789	-1	mm10	9
PRI	20	50324789	51718809	-1	mm10	8
PRI	20	51718809	54486290	-1	mm10	17
PRI	20	54486290	55518716	1	mm10	10
PRI	20	55518716	58365813	-1	mm10	10
PRI	20	0	1087513	-1	monDom5	3
PRI	20	1087513	1783433	-1	monDom5	4
PRI	20	1783433	3352910	-1	monDom5	3
PRI	20	3352910	8110885	-1	monDom5	4
PRI	20	8110885	9009910	-1	monDom5	3
PRI	20	9009910	12587989	-1	monDom5	3
PRI	20	12587989	13269296	-1	monDom5	4
PRI	20	13269296	14921696	1	monDom5	4
PRI	20	14921696	15548525	1	monDom5	4
PRI	20	15548525	16315955	-1	monDom5	4
PRI	20	16315955	17336099	-1	monDom5	3
PRI	20	17336099	19063975	-1	monDom5	4
PRI	20	19063975	20932122	-1	monDom5	4
PRI	20	20932122	21269572	-1	monDom5	3
PRI	20	21269572	21620700	-1	monDom5	3
PRI	20	21620700	21732254	-1	monDom5	4
PRI	20	21732254	22678858	-1	monDom5	4
PRI	20	22678858	23453034	-1	monDom5	3
PRI	20	23453034	32359823	1	monDom5	1
PRI	20	32359823	33070159	-1	monDom5	1
PRI	20	33070159	37346500	-1	monDom5	4
PRI	20	37346500	39414362	-1	monDom5	3
PRI	20	39414362	43896157	-1	monDom5	3
PRI	20	43896157	46448846	1	monDom5	3
PRI	20	46448846	48811572	1	monDom5	3
PRI	20	48811572	49506229	-1	monDom5	3
PRI	20	49506229	50984231	1	monDom5	3
PRI	20	50984231	54116305	-1	monDom5	3
PRI	20	54116305	54467519	1	monDom5	3
PRI	20	54467519	54657656	-1	monDom5	3
PRI	20	54657656	56620063	-1	monDom5	3
PRI	20	56620063	57812953	1	monDom5	3
PRI	20	57812953	58365813	1	monDom5	3
PRI	20	0	7892555	1	oryCun2	5
PRI	20	7892555	20932122	-1	oryCun2	5
PRI	20	20932122	21269572	1	oryCun2	5
PRI	20	21732254	50324789	-1	oryCun2	5
PRI	20	0	21269572	-1	panTro3	19
PRI	20	21269572	21732254	1	panTro3	19
PRI	20	21732254	58365813	-1	panTro3	19
PRI	20	0	58365813	-1	ponAbe2	19
PRI	20	0	50324789	-1	rheMac3	19
PRI	20	50324789	50698801	1	rheMac3	19
PRI	20	50698801	58365813	-1	rheMac3	19
PRI	20	0	4895055	1	rn4	1
PRI	20	4895055	5574320	1	rn4	1
PRI	20	5574320	8521909	1	rn4	1
PRI	20	8521909	15703221	1	rn4	1
PRI	20	15703221	16362155	-1	rn4	1
PRI	20	16362155	35275596	1	rn4	1
PRI	20	35275596	37158914	-1	rn4	1
PRI	20	37158914	40513726	-1	rn4	16
PRI	20	40513726	42689988	-1	rn4	7
PRI	20	42689988	46486312	-1	rn4	19
PRI	20	46486312	50324789	-1	rn4	8
PRI	20	50324789	52482732	1	rn4	12
PRI	20	52482732	54077948	-1	rn4	7
PRI	20	54077948	58365813	1	rn4	7
PRI	20	0	1899990	-1	susScr2	6
PRI	20	1899990	31434329	-1	susScr2	6
PRI	20	31434329	48378506	-1	susScr2	2
PRI	20	48378506	50324789	1	susScr2	2
PRI	20	50324789	58365813	-1	susScr2	2
