PRI	12	0	11487843	1	bosTau7	11
PRI	12	11487843	14458366	-1	bosTau7	11
PRI	12	14458366	17390851	-1	bosTau7	11
PRI	12	17390851	32121318	1	bosTau7	11
PRI	12	32121318	37287640	1	bosTau7	11
PRI	12	37287640	46060162	-1	bosTau7	11
PRI	12	46060162	50295533	-1	bosTau7	11
PRI	12	50295533	51000207	1	bosTau7	11
PRI	12	51000207	69288425	-1	bosTau7	11
PRI	12	69288425	70272094	-1	bosTau7	11
PRI	12	70272094	70625112	-1	bosTau7	11
PRI	12	70625112	75924231	-1	bosTau7	11
PRI	12	75924231	107584897	1	bosTau7	11
PRI	12	0	23965517	1	calJac3	14
PRI	12	23965517	24304446	-1	calJac3	14
PRI	12	24304446	75581969	1	calJac3	14
PRI	12	75581969	77262917	-1	calJac3	14
PRI	12	77262917	107584897	1	calJac3	14
PRI	12	0	976835	-1	canFam2	17
PRI	12	976835	15576182	-1	canFam2	10
PRI	12	15576182	36507163	1	canFam2	17
PRI	12	36507163	64622966	-1	canFam2	10
PRI	12	64622966	107584897	-1	canFam2	17
PRI	12	0	11883950	1	capHir1	11
PRI	12	11883950	14702907	-1	capHir1	11
PRI	12	14702907	17242255	-1	capHir1	11
PRI	12	17242255	32115330	1	capHir1	11
PRI	12	32115330	36829956	1	capHir1	11
PRI	12	36829956	45709976	-1	capHir1	11
PRI	12	45709976	75963737	-1	capHir1	11
PRI	12	75963737	105088945	1	capHir1	11
PRI	12	105088945	107584897	1	capHir1	8
PRI	12	0	15644467	-1	equCab2	15
PRI	12	15644467	107584897	1	equCab2	15
PRI	12	0	18737849	1	galGal3	1
PRI	12	18737849	23279450	-1	galGal3	4
PRI	12	23279450	23965517	1	galGal3	4
PRI	12	24304446	37596130	-1	galGal3	3
PRI	12	37596130	50815684	-1	galGal3	3
PRI	12	50815684	58701725	1	galGal3	3
PRI	12	58701725	59433966	-1	galGal3	3
PRI	12	59433966	68307892	-1	galGal3	3
PRI	12	68307892	69710906	-1	galGal3	3
PRI	12	69710906	70604647	-1	galGal3	3
PRI	12	70604647	72593696	1	galGal3	3
PRI	12	72593696	75581969	1	galGal3	3
PRI	12	75581969	77262917	1	galGal3	3
PRI	12	77262917	78764015	1	galGal3	3
PRI	12	78764015	107584897	-1	galGal3	3
PRI	12	0	18737849	1	gorGor3	2A
PRI	12	18737849	107584897	-1	gorGor3	2A
PRI	12	0	18737849	1	hg19	2
PRI	12	18737849	107584897	-1	hg19	2
PRI	12	0	914074	-1	mm10	2
PRI	12	914074	12051220	1	mm10	1
PRI	12	12051220	14212647	-1	mm10	17
PRI	12	14212647	15640317	1	mm10	10
PRI	12	15640317	18144616	1	mm10	2
PRI	12	18144616	18737849	1	mm10	2
PRI	12	18737849	34601048	1	mm10	6
PRI	12	34601048	36263046	-1	mm10	6
PRI	12	36263046	38163539	1	mm10	6
PRI	12	38163539	54390244	1	mm10	11
PRI	12	54390244	78589464	-1	mm10	17
PRI	12	78589464	81104784	-1	mm10	5
PRI	12	81104784	107584897	1	mm10	12
PRI	12	0	1494400	-1	monDom5	1
PRI	12	1494400	1983777	-1	monDom5	1
PRI	12	1983777	2660530	-1	monDom5	7
PRI	12	2660530	15405151	1	monDom5	7
PRI	12	15405151	17874096	1	monDom5	1
PRI	12	17874096	28386005	1	monDom5	1
PRI	12	28386005	32798951	1	monDom5	1
PRI	12	32798951	33561402	1	monDom5	1
PRI	12	33561402	34487102	1	monDom5	1
PRI	12	34487102	35447256	1	monDom5	1
PRI	12	35447256	36721498	1	monDom5	1
PRI	12	36721498	70043520	1	monDom5	1
PRI	12	70043520	77262917	-1	monDom5	1
PRI	12	77262917	84406529	-1	monDom5	1
PRI	12	84406529	85239909	1	monDom5	1
PRI	12	85239909	86693271	1	monDom5	1
PRI	12	86693271	90054133	-1	monDom5	1
PRI	12	90054133	107584897	1	monDom5	1
PRI	12	0	15579088	-1	oryCun2	2
PRI	12	15579088	84642512	1	oryCun2	2
PRI	12	84642512	107584897	-1	oryCun2	2
PRI	12	0	18737849	1	panTro3	2A
PRI	12	18737849	107584897	-1	panTro3	2A
PRI	12	0	107584897	1	ponAbe2	2a
PRI	12	0	18737849	1	rheMac3	13
PRI	12	18737849	56682920	-1	rheMac3	13
PRI	12	56682920	68307892	-1	rheMac3	13
PRI	12	68307892	107584897	-1	rheMac3	13
PRI	12	0	1018509	-1	rn4	3
PRI	12	1018509	14234786	1	rn4	9
PRI	12	14234786	14981216	-1	rn4	20
PRI	12	14981216	18034115	1	rn4	3
PRI	12	18034115	18737849	1	rn4	3
PRI	12	18737849	35469301	1	rn4	4
PRI	12	35469301	37254710	-1	rn4	4
PRI	12	37254710	39205153	1	rn4	4
PRI	12	39205153	55119270	1	rn4	14
PRI	12	55119270	71953104	-1	rn4	6
PRI	12	71953104	98983601	1	rn4	6
PRI	12	98983601	99895569	-1	rn4	6
PRI	12	99895569	107584897	1	rn4	6
PRI	12	0	800886	1	susScr2	3
PRI	12	800886	1399723	-1	susScr2	3
PRI	12	1399723	16529477	-1	susScr2	3
PRI	12	16529477	18737849	-1	susScr2	3
PRI	12	18737849	75216354	1	susScr2	3
PRI	12	75216354	75581969	-1	susScr2	3
PRI	12	75581969	75645526	1	susScr2	3
PRI	12	75645526	107584897	1	susScr2	3
PRI	12	0	11487843	1	bosTau7	11
PRI	12	11487843	14458366	-1	bosTau7	11
PRI	12	14458366	17390851	-1	bosTau7	11
PRI	12	17390851	32121318	1	bosTau7	11
PRI	12	32121318	37287640	1	bosTau7	11
PRI	12	37287640	46060162	-1	bosTau7	11
PRI	12	46060162	50295533	-1	bosTau7	11
PRI	12	50295533	51000207	1	bosTau7	11
PRI	12	51000207	69288425	-1	bosTau7	11
PRI	12	69288425	70272094	-1	bosTau7	11
PRI	12	70272094	70625112	-1	bosTau7	11
PRI	12	70625112	75924231	-1	bosTau7	11
PRI	12	75924231	107584897	1	bosTau7	11
PRI	12	0	23965517	1	calJac3	14
PRI	12	23965517	24304446	-1	calJac3	14
PRI	12	24304446	75581969	1	calJac3	14
PRI	12	75581969	77262917	-1	calJac3	14
PRI	12	77262917	107584897	1	calJac3	14
PRI	12	0	976835	-1	canFam2	17
PRI	12	976835	15576182	-1	canFam2	10
PRI	12	15576182	36507163	1	canFam2	17
PRI	12	36507163	64622966	-1	canFam2	10
PRI	12	64622966	107584897	-1	canFam2	17
PRI	12	0	11883950	1	capHir1	11
PRI	12	11883950	14702907	-1	capHir1	11
PRI	12	14702907	17242255	-1	capHir1	11
PRI	12	17242255	32115330	1	capHir1	11
PRI	12	32115330	36829956	1	capHir1	11
PRI	12	36829956	45709976	-1	capHir1	11
PRI	12	45709976	75963737	-1	capHir1	11
PRI	12	75963737	105088945	1	capHir1	11
PRI	12	105088945	107584897	1	capHir1	8
PRI	12	0	15644467	-1	equCab2	15
PRI	12	15644467	107584897	1	equCab2	15
PRI	12	0	18737849	1	galGal3	1
PRI	12	18737849	23279450	-1	galGal3	4
PRI	12	23279450	23965517	1	galGal3	4
PRI	12	24304446	37596130	-1	galGal3	3
PRI	12	37596130	50815684	-1	galGal3	3
PRI	12	50815684	58701725	1	galGal3	3
PRI	12	58701725	59433966	-1	galGal3	3
PRI	12	59433966	68307892	-1	galGal3	3
PRI	12	68307892	69710906	-1	galGal3	3
PRI	12	69710906	70604647	-1	galGal3	3
PRI	12	70604647	72593696	1	galGal3	3
PRI	12	72593696	75581969	1	galGal3	3
PRI	12	75581969	77262917	1	galGal3	3
PRI	12	77262917	78764015	1	galGal3	3
PRI	12	78764015	107584897	-1	galGal3	3
PRI	12	0	18737849	1	gorGor3	2A
PRI	12	18737849	107584897	-1	gorGor3	2A
PRI	12	0	18737849	1	hg19	2
PRI	12	18737849	107584897	-1	hg19	2
PRI	12	0	914074	-1	mm10	2
PRI	12	914074	12051220	1	mm10	1
PRI	12	12051220	14212647	-1	mm10	17
PRI	12	14212647	15640317	1	mm10	10
PRI	12	15640317	18144616	1	mm10	2
PRI	12	18144616	18737849	1	mm10	2
PRI	12	18737849	34601048	1	mm10	6
PRI	12	34601048	36263046	-1	mm10	6
PRI	12	36263046	38163539	1	mm10	6
PRI	12	38163539	54390244	1	mm10	11
PRI	12	54390244	78589464	-1	mm10	17
PRI	12	78589464	81104784	-1	mm10	5
PRI	12	81104784	107584897	1	mm10	12
PRI	12	0	1494400	-1	monDom5	1
PRI	12	1494400	1983777	-1	monDom5	1
PRI	12	1983777	2660530	-1	monDom5	7
PRI	12	2660530	15405151	1	monDom5	7
PRI	12	15405151	17874096	1	monDom5	1
PRI	12	17874096	28386005	1	monDom5	1
PRI	12	28386005	32798951	1	monDom5	1
PRI	12	32798951	33561402	1	monDom5	1
PRI	12	33561402	34487102	1	monDom5	1
PRI	12	34487102	35447256	1	monDom5	1
PRI	12	35447256	36721498	1	monDom5	1
PRI	12	36721498	70043520	1	monDom5	1
PRI	12	70043520	77262917	-1	monDom5	1
PRI	12	77262917	84406529	-1	monDom5	1
PRI	12	84406529	85239909	1	monDom5	1
PRI	12	85239909	86693271	1	monDom5	1
PRI	12	86693271	90054133	-1	monDom5	1
PRI	12	90054133	107584897	1	monDom5	1
PRI	12	0	15579088	-1	oryCun2	2
PRI	12	15579088	84642512	1	oryCun2	2
PRI	12	84642512	107584897	-1	oryCun2	2
PRI	12	0	18737849	1	panTro3	2A
PRI	12	18737849	107584897	-1	panTro3	2A
PRI	12	0	107584897	1	ponAbe2	2a
PRI	12	0	18737849	1	rheMac3	13
PRI	12	18737849	56682920	-1	rheMac3	13
PRI	12	56682920	68307892	-1	rheMac3	13
PRI	12	68307892	107584897	-1	rheMac3	13
PRI	12	0	1018509	-1	rn4	3
PRI	12	1018509	14234786	1	rn4	9
PRI	12	14234786	14981216	-1	rn4	20
PRI	12	14981216	18034115	1	rn4	3
PRI	12	18034115	18737849	1	rn4	3
PRI	12	18737849	35469301	1	rn4	4
PRI	12	35469301	37254710	-1	rn4	4
PRI	12	37254710	39205153	1	rn4	4
PRI	12	39205153	55119270	1	rn4	14
PRI	12	55119270	71953104	-1	rn4	6
PRI	12	71953104	98983601	1	rn4	6
PRI	12	98983601	99895569	-1	rn4	6
PRI	12	99895569	107584897	1	rn4	6
PRI	12	0	800886	1	susScr2	3
PRI	12	800886	1399723	-1	susScr2	3
PRI	12	1399723	16529477	-1	susScr2	3
PRI	12	16529477	18737849	-1	susScr2	3
PRI	12	18737849	75216354	1	susScr2	3
PRI	12	75216354	75581969	-1	susScr2	3
PRI	12	75581969	75645526	1	susScr2	3
PRI	12	75645526	107584897	1	susScr2	3
PRI	12	0	11487843	1	bosTau7	11
PRI	12	11487843	14458366	-1	bosTau7	11
PRI	12	14458366	17390851	-1	bosTau7	11
PRI	12	17390851	32121318	1	bosTau7	11
PRI	12	32121318	37287640	1	bosTau7	11
PRI	12	37287640	46060162	-1	bosTau7	11
PRI	12	46060162	50295533	-1	bosTau7	11
PRI	12	50295533	51000207	1	bosTau7	11
PRI	12	51000207	69288425	-1	bosTau7	11
PRI	12	69288425	70272094	-1	bosTau7	11
PRI	12	70272094	70625112	-1	bosTau7	11
PRI	12	70625112	75924231	-1	bosTau7	11
PRI	12	75924231	107584897	1	bosTau7	11
PRI	12	0	23965517	1	calJac3	14
PRI	12	23965517	24304446	-1	calJac3	14
PRI	12	24304446	75581969	1	calJac3	14
PRI	12	75581969	77262917	-1	calJac3	14
PRI	12	77262917	107584897	1	calJac3	14
PRI	12	0	976835	-1	canFam2	17
PRI	12	976835	15576182	-1	canFam2	10
PRI	12	15576182	36507163	1	canFam2	17
PRI	12	36507163	64622966	-1	canFam2	10
PRI	12	64622966	107584897	-1	canFam2	17
PRI	12	0	11883950	1	capHir1	11
PRI	12	11883950	14702907	-1	capHir1	11
PRI	12	14702907	17242255	-1	capHir1	11
PRI	12	17242255	32115330	1	capHir1	11
PRI	12	32115330	36829956	1	capHir1	11
PRI	12	36829956	45709976	-1	capHir1	11
PRI	12	45709976	75963737	-1	capHir1	11
PRI	12	75963737	105088945	1	capHir1	11
PRI	12	105088945	107584897	1	capHir1	8
PRI	12	0	15644467	-1	equCab2	15
PRI	12	15644467	107584897	1	equCab2	15
PRI	12	0	18737849	1	galGal3	1
PRI	12	18737849	23279450	-1	galGal3	4
PRI	12	23279450	23965517	1	galGal3	4
PRI	12	24304446	37596130	-1	galGal3	3
PRI	12	37596130	50815684	-1	galGal3	3
PRI	12	50815684	58701725	1	galGal3	3
PRI	12	58701725	59433966	-1	galGal3	3
PRI	12	59433966	68307892	-1	galGal3	3
PRI	12	68307892	69710906	-1	galGal3	3
PRI	12	69710906	70604647	-1	galGal3	3
PRI	12	70604647	72593696	1	galGal3	3
PRI	12	72593696	75581969	1	galGal3	3
PRI	12	75581969	77262917	1	galGal3	3
PRI	12	77262917	78764015	1	galGal3	3
PRI	12	78764015	107584897	-1	galGal3	3
PRI	12	0	18737849	1	gorGor3	2A
PRI	12	18737849	107584897	-1	gorGor3	2A
PRI	12	0	18737849	1	hg19	2
PRI	12	18737849	107584897	-1	hg19	2
PRI	12	0	914074	-1	mm10	2
PRI	12	914074	12051220	1	mm10	1
PRI	12	12051220	14212647	-1	mm10	17
PRI	12	14212647	15640317	1	mm10	10
PRI	12	15640317	18144616	1	mm10	2
PRI	12	18144616	18737849	1	mm10	2
PRI	12	18737849	34601048	1	mm10	6
PRI	12	34601048	36263046	-1	mm10	6
PRI	12	36263046	38163539	1	mm10	6
PRI	12	38163539	54390244	1	mm10	11
PRI	12	54390244	78589464	-1	mm10	17
PRI	12	78589464	81104784	-1	mm10	5
PRI	12	81104784	107584897	1	mm10	12
PRI	12	0	1494400	-1	monDom5	1
PRI	12	1494400	1983777	-1	monDom5	1
PRI	12	1983777	2660530	-1	monDom5	7
PRI	12	2660530	15405151	1	monDom5	7
PRI	12	15405151	17874096	1	monDom5	1
PRI	12	17874096	28386005	1	monDom5	1
PRI	12	28386005	32798951	1	monDom5	1
PRI	12	32798951	33561402	1	monDom5	1
PRI	12	33561402	34487102	1	monDom5	1
PRI	12	34487102	35447256	1	monDom5	1
PRI	12	35447256	36721498	1	monDom5	1
PRI	12	36721498	70043520	1	monDom5	1
PRI	12	70043520	77262917	-1	monDom5	1
PRI	12	77262917	84406529	-1	monDom5	1
PRI	12	84406529	85239909	1	monDom5	1
PRI	12	85239909	86693271	1	monDom5	1
PRI	12	86693271	90054133	-1	monDom5	1
PRI	12	90054133	107584897	1	monDom5	1
PRI	12	0	15579088	-1	oryCun2	2
PRI	12	15579088	84642512	1	oryCun2	2
PRI	12	84642512	107584897	-1	oryCun2	2
PRI	12	0	18737849	1	panTro3	2A
PRI	12	18737849	107584897	-1	panTro3	2A
PRI	12	0	107584897	1	ponAbe2	2a
PRI	12	0	18737849	1	rheMac3	13
PRI	12	18737849	56682920	-1	rheMac3	13
PRI	12	56682920	68307892	-1	rheMac3	13
PRI	12	68307892	107584897	-1	rheMac3	13
PRI	12	0	1018509	-1	rn4	3
PRI	12	1018509	14234786	1	rn4	9
PRI	12	14234786	14981216	-1	rn4	20
PRI	12	14981216	18034115	1	rn4	3
PRI	12	18034115	18737849	1	rn4	3
PRI	12	18737849	35469301	1	rn4	4
PRI	12	35469301	37254710	-1	rn4	4
PRI	12	37254710	39205153	1	rn4	4
PRI	12	39205153	55119270	1	rn4	14
PRI	12	55119270	71953104	-1	rn4	6
PRI	12	71953104	98983601	1	rn4	6
PRI	12	98983601	99895569	-1	rn4	6
PRI	12	99895569	107584897	1	rn4	6
PRI	12	0	800886	1	susScr2	3
PRI	12	800886	1399723	-1	susScr2	3
PRI	12	1399723	16529477	-1	susScr2	3
PRI	12	16529477	18737849	-1	susScr2	3
PRI	12	18737849	75216354	1	susScr2	3
PRI	12	75216354	75581969	-1	susScr2	3
PRI	12	75581969	75645526	1	susScr2	3
PRI	12	75645526	107584897	1	susScr2	3
PRI	12	0	11487843	1	bosTau7	11
PRI	12	11487843	14458366	-1	bosTau7	11
PRI	12	14458366	17390851	-1	bosTau7	11
PRI	12	17390851	32121318	1	bosTau7	11
PRI	12	32121318	37287640	1	bosTau7	11
PRI	12	37287640	46060162	-1	bosTau7	11
PRI	12	46060162	50295533	-1	bosTau7	11
PRI	12	50295533	51000207	1	bosTau7	11
PRI	12	51000207	69288425	-1	bosTau7	11
PRI	12	69288425	70272094	-1	bosTau7	11
PRI	12	70272094	70625112	-1	bosTau7	11
PRI	12	70625112	75924231	-1	bosTau7	11
PRI	12	75924231	107584897	1	bosTau7	11
PRI	12	0	23965517	1	calJac3	14
PRI	12	23965517	24304446	-1	calJac3	14
PRI	12	24304446	75581969	1	calJac3	14
PRI	12	75581969	77262917	-1	calJac3	14
PRI	12	77262917	107584897	1	calJac3	14
PRI	12	0	976835	-1	canFam2	17
PRI	12	976835	15576182	-1	canFam2	10
PRI	12	15576182	36507163	1	canFam2	17
PRI	12	36507163	64622966	-1	canFam2	10
PRI	12	64622966	107584897	-1	canFam2	17
PRI	12	0	11883950	1	capHir1	11
PRI	12	11883950	14702907	-1	capHir1	11
PRI	12	14702907	17242255	-1	capHir1	11
PRI	12	17242255	32115330	1	capHir1	11
PRI	12	32115330	36829956	1	capHir1	11
PRI	12	36829956	45709976	-1	capHir1	11
PRI	12	45709976	75963737	-1	capHir1	11
PRI	12	75963737	105088945	1	capHir1	11
PRI	12	105088945	107584897	1	capHir1	8
PRI	12	0	15644467	-1	equCab2	15
PRI	12	15644467	107584897	1	equCab2	15
PRI	12	0	18737849	1	galGal3	1
PRI	12	18737849	23279450	-1	galGal3	4
PRI	12	23279450	23965517	1	galGal3	4
PRI	12	24304446	37596130	-1	galGal3	3
PRI	12	37596130	50815684	-1	galGal3	3
PRI	12	50815684	58701725	1	galGal3	3
PRI	12	58701725	59433966	-1	galGal3	3
PRI	12	59433966	68307892	-1	galGal3	3
PRI	12	68307892	69710906	-1	galGal3	3
PRI	12	69710906	70604647	-1	galGal3	3
PRI	12	70604647	72593696	1	galGal3	3
PRI	12	72593696	75581969	1	galGal3	3
PRI	12	75581969	77262917	1	galGal3	3
PRI	12	77262917	78764015	1	galGal3	3
PRI	12	78764015	107584897	-1	galGal3	3
PRI	12	0	18737849	1	gorGor3	2A
PRI	12	18737849	107584897	-1	gorGor3	2A
PRI	12	0	18737849	1	hg19	2
PRI	12	18737849	107584897	-1	hg19	2
PRI	12	0	914074	-1	mm10	2
PRI	12	914074	12051220	1	mm10	1
PRI	12	12051220	14212647	-1	mm10	17
PRI	12	14212647	15640317	1	mm10	10
PRI	12	15640317	18144616	1	mm10	2
PRI	12	18144616	18737849	1	mm10	2
PRI	12	18737849	34601048	1	mm10	6
PRI	12	34601048	36263046	-1	mm10	6
PRI	12	36263046	38163539	1	mm10	6
PRI	12	38163539	54390244	1	mm10	11
PRI	12	54390244	78589464	-1	mm10	17
PRI	12	78589464	81104784	-1	mm10	5
PRI	12	81104784	107584897	1	mm10	12
PRI	12	0	1494400	-1	monDom5	1
PRI	12	1494400	1983777	-1	monDom5	1
PRI	12	1983777	2660530	-1	monDom5	7
PRI	12	2660530	15405151	1	monDom5	7
PRI	12	15405151	17874096	1	monDom5	1
PRI	12	17874096	28386005	1	monDom5	1
PRI	12	28386005	32798951	1	monDom5	1
PRI	12	32798951	33561402	1	monDom5	1
PRI	12	33561402	34487102	1	monDom5	1
PRI	12	34487102	35447256	1	monDom5	1
PRI	12	35447256	36721498	1	monDom5	1
PRI	12	36721498	70043520	1	monDom5	1
PRI	12	70043520	77262917	-1	monDom5	1
PRI	12	77262917	84406529	-1	monDom5	1
PRI	12	84406529	85239909	1	monDom5	1
PRI	12	85239909	86693271	1	monDom5	1
PRI	12	86693271	90054133	-1	monDom5	1
PRI	12	90054133	107584897	1	monDom5	1
PRI	12	0	15579088	-1	oryCun2	2
PRI	12	15579088	84642512	1	oryCun2	2
PRI	12	84642512	107584897	-1	oryCun2	2
PRI	12	0	18737849	1	panTro3	2A
PRI	12	18737849	107584897	-1	panTro3	2A
PRI	12	0	107584897	1	ponAbe2	2a
PRI	12	0	18737849	1	rheMac3	13
PRI	12	18737849	56682920	-1	rheMac3	13
PRI	12	56682920	68307892	-1	rheMac3	13
PRI	12	68307892	107584897	-1	rheMac3	13
PRI	12	0	1018509	-1	rn4	3
PRI	12	1018509	14234786	1	rn4	9
PRI	12	14234786	14981216	-1	rn4	20
PRI	12	14981216	18034115	1	rn4	3
PRI	12	18034115	18737849	1	rn4	3
PRI	12	18737849	35469301	1	rn4	4
PRI	12	35469301	37254710	-1	rn4	4
PRI	12	37254710	39205153	1	rn4	4
PRI	12	39205153	55119270	1	rn4	14
PRI	12	55119270	71953104	-1	rn4	6
PRI	12	71953104	98983601	1	rn4	6
PRI	12	98983601	99895569	-1	rn4	6
PRI	12	99895569	107584897	1	rn4	6
PRI	12	0	800886	1	susScr2	3
PRI	12	800886	1399723	-1	susScr2	3
PRI	12	1399723	16529477	-1	susScr2	3
PRI	12	16529477	18737849	-1	susScr2	3
PRI	12	18737849	75216354	1	susScr2	3
PRI	12	75216354	75581969	-1	susScr2	3
PRI	12	75581969	75645526	1	susScr2	3
PRI	12	75645526	107584897	1	susScr2	3
PRI	12	0	11487843	1	bosTau7	11
PRI	12	11487843	14458366	-1	bosTau7	11
PRI	12	14458366	17390851	-1	bosTau7	11
PRI	12	17390851	32121318	1	bosTau7	11
PRI	12	32121318	37287640	1	bosTau7	11
PRI	12	37287640	46060162	-1	bosTau7	11
PRI	12	46060162	50295533	-1	bosTau7	11
PRI	12	50295533	51000207	1	bosTau7	11
PRI	12	51000207	69288425	-1	bosTau7	11
PRI	12	69288425	70272094	-1	bosTau7	11
PRI	12	70272094	70625112	-1	bosTau7	11
PRI	12	70625112	75924231	-1	bosTau7	11
PRI	12	75924231	107584897	1	bosTau7	11
PRI	12	0	23965517	1	calJac3	14
PRI	12	23965517	24304446	-1	calJac3	14
PRI	12	24304446	75581969	1	calJac3	14
PRI	12	75581969	77262917	-1	calJac3	14
PRI	12	77262917	107584897	1	calJac3	14
PRI	12	0	976835	-1	canFam2	17
PRI	12	976835	15576182	-1	canFam2	10
PRI	12	15576182	36507163	1	canFam2	17
PRI	12	36507163	64622966	-1	canFam2	10
PRI	12	64622966	107584897	-1	canFam2	17
PRI	12	0	11883950	1	capHir1	11
PRI	12	11883950	14702907	-1	capHir1	11
PRI	12	14702907	17242255	-1	capHir1	11
PRI	12	17242255	32115330	1	capHir1	11
PRI	12	32115330	36829956	1	capHir1	11
PRI	12	36829956	45709976	-1	capHir1	11
PRI	12	45709976	75963737	-1	capHir1	11
PRI	12	75963737	105088945	1	capHir1	11
PRI	12	105088945	107584897	1	capHir1	8
PRI	12	0	15644467	-1	equCab2	15
PRI	12	15644467	107584897	1	equCab2	15
PRI	12	0	18737849	1	galGal3	1
PRI	12	18737849	23279450	-1	galGal3	4
PRI	12	23279450	23965517	1	galGal3	4
PRI	12	24304446	37596130	-1	galGal3	3
PRI	12	37596130	50815684	-1	galGal3	3
PRI	12	50815684	58701725	1	galGal3	3
PRI	12	58701725	59433966	-1	galGal3	3
PRI	12	59433966	68307892	-1	galGal3	3
PRI	12	68307892	69710906	-1	galGal3	3
PRI	12	69710906	70604647	-1	galGal3	3
PRI	12	70604647	72593696	1	galGal3	3
PRI	12	72593696	75581969	1	galGal3	3
PRI	12	75581969	77262917	1	galGal3	3
PRI	12	77262917	78764015	1	galGal3	3
PRI	12	78764015	107584897	-1	galGal3	3
PRI	12	0	18737849	1	gorGor3	2A
PRI	12	18737849	107584897	-1	gorGor3	2A
PRI	12	0	18737849	1	hg19	2
PRI	12	18737849	107584897	-1	hg19	2
PRI	12	0	914074	-1	mm10	2
PRI	12	914074	12051220	1	mm10	1
PRI	12	12051220	14212647	-1	mm10	17
PRI	12	14212647	15640317	1	mm10	10
PRI	12	15640317	18144616	1	mm10	2
PRI	12	18144616	18737849	1	mm10	2
PRI	12	18737849	34601048	1	mm10	6
PRI	12	34601048	36263046	-1	mm10	6
PRI	12	36263046	38163539	1	mm10	6
PRI	12	38163539	54390244	1	mm10	11
PRI	12	54390244	78589464	-1	mm10	17
PRI	12	78589464	81104784	-1	mm10	5
PRI	12	81104784	107584897	1	mm10	12
PRI	12	0	1494400	-1	monDom5	1
PRI	12	1494400	1983777	-1	monDom5	1
PRI	12	1983777	2660530	-1	monDom5	7
PRI	12	2660530	15405151	1	monDom5	7
PRI	12	15405151	17874096	1	monDom5	1
PRI	12	17874096	28386005	1	monDom5	1
PRI	12	28386005	32798951	1	monDom5	1
PRI	12	32798951	33561402	1	monDom5	1
PRI	12	33561402	34487102	1	monDom5	1
PRI	12	34487102	35447256	1	monDom5	1
PRI	12	35447256	36721498	1	monDom5	1
PRI	12	36721498	70043520	1	monDom5	1
PRI	12	70043520	77262917	-1	monDom5	1
PRI	12	77262917	84406529	-1	monDom5	1
PRI	12	84406529	85239909	1	monDom5	1
PRI	12	85239909	86693271	1	monDom5	1
PRI	12	86693271	90054133	-1	monDom5	1
PRI	12	90054133	107584897	1	monDom5	1
PRI	12	0	15579088	-1	oryCun2	2
PRI	12	15579088	84642512	1	oryCun2	2
PRI	12	84642512	107584897	-1	oryCun2	2
PRI	12	0	18737849	1	panTro3	2A
PRI	12	18737849	107584897	-1	panTro3	2A
PRI	12	0	107584897	1	ponAbe2	2a
PRI	12	0	18737849	1	rheMac3	13
PRI	12	18737849	56682920	-1	rheMac3	13
PRI	12	56682920	68307892	-1	rheMac3	13
PRI	12	68307892	107584897	-1	rheMac3	13
PRI	12	0	1018509	-1	rn4	3
PRI	12	1018509	14234786	1	rn4	9
PRI	12	14234786	14981216	-1	rn4	20
PRI	12	14981216	18034115	1	rn4	3
PRI	12	18034115	18737849	1	rn4	3
PRI	12	18737849	35469301	1	rn4	4
PRI	12	35469301	37254710	-1	rn4	4
PRI	12	37254710	39205153	1	rn4	4
PRI	12	39205153	55119270	1	rn4	14
PRI	12	55119270	71953104	-1	rn4	6
PRI	12	71953104	98983601	1	rn4	6
PRI	12	98983601	99895569	-1	rn4	6
PRI	12	99895569	107584897	1	rn4	6
PRI	12	0	800886	1	susScr2	3
PRI	12	800886	1399723	-1	susScr2	3
PRI	12	1399723	16529477	-1	susScr2	3
PRI	12	16529477	18737849	-1	susScr2	3
PRI	12	18737849	75216354	1	susScr2	3
PRI	12	75216354	75581969	-1	susScr2	3
PRI	12	75581969	75645526	1	susScr2	3
PRI	12	75645526	107584897	1	susScr2	3
PRI	12	0	11487843	1	bosTau7	11
PRI	12	11487843	14458366	-1	bosTau7	11
PRI	12	14458366	17390851	-1	bosTau7	11
PRI	12	17390851	32121318	1	bosTau7	11
PRI	12	32121318	37287640	1	bosTau7	11
PRI	12	37287640	46060162	-1	bosTau7	11
PRI	12	46060162	50295533	-1	bosTau7	11
PRI	12	50295533	51000207	1	bosTau7	11
PRI	12	51000207	69288425	-1	bosTau7	11
PRI	12	69288425	70272094	-1	bosTau7	11
PRI	12	70272094	70625112	-1	bosTau7	11
PRI	12	70625112	75924231	-1	bosTau7	11
PRI	12	75924231	107584897	1	bosTau7	11
PRI	12	0	23965517	1	calJac3	14
PRI	12	23965517	24304446	-1	calJac3	14
PRI	12	24304446	75581969	1	calJac3	14
PRI	12	75581969	77262917	-1	calJac3	14
PRI	12	77262917	107584897	1	calJac3	14
PRI	12	0	976835	-1	canFam2	17
PRI	12	976835	15576182	-1	canFam2	10
PRI	12	15576182	36507163	1	canFam2	17
PRI	12	36507163	64622966	-1	canFam2	10
PRI	12	64622966	107584897	-1	canFam2	17
PRI	12	0	11883950	1	capHir1	11
PRI	12	11883950	14702907	-1	capHir1	11
PRI	12	14702907	17242255	-1	capHir1	11
PRI	12	17242255	32115330	1	capHir1	11
PRI	12	32115330	36829956	1	capHir1	11
PRI	12	36829956	45709976	-1	capHir1	11
PRI	12	45709976	75963737	-1	capHir1	11
PRI	12	75963737	105088945	1	capHir1	11
PRI	12	105088945	107584897	1	capHir1	8
PRI	12	0	15644467	-1	equCab2	15
PRI	12	15644467	107584897	1	equCab2	15
PRI	12	0	18737849	1	galGal3	1
PRI	12	18737849	23279450	-1	galGal3	4
PRI	12	23279450	23965517	1	galGal3	4
PRI	12	24304446	37596130	-1	galGal3	3
PRI	12	37596130	50815684	-1	galGal3	3
PRI	12	50815684	58701725	1	galGal3	3
PRI	12	58701725	59433966	-1	galGal3	3
PRI	12	59433966	68307892	-1	galGal3	3
PRI	12	68307892	69710906	-1	galGal3	3
PRI	12	69710906	70604647	-1	galGal3	3
PRI	12	70604647	72593696	1	galGal3	3
PRI	12	72593696	75581969	1	galGal3	3
PRI	12	75581969	77262917	1	galGal3	3
PRI	12	77262917	78764015	1	galGal3	3
PRI	12	78764015	107584897	-1	galGal3	3
PRI	12	0	18737849	1	gorGor3	2A
PRI	12	18737849	107584897	-1	gorGor3	2A
PRI	12	0	18737849	1	hg19	2
PRI	12	18737849	107584897	-1	hg19	2
PRI	12	0	914074	-1	mm10	2
PRI	12	914074	12051220	1	mm10	1
PRI	12	12051220	14212647	-1	mm10	17
PRI	12	14212647	15640317	1	mm10	10
PRI	12	15640317	18144616	1	mm10	2
PRI	12	18144616	18737849	1	mm10	2
PRI	12	18737849	34601048	1	mm10	6
PRI	12	34601048	36263046	-1	mm10	6
PRI	12	36263046	38163539	1	mm10	6
PRI	12	38163539	54390244	1	mm10	11
PRI	12	54390244	78589464	-1	mm10	17
PRI	12	78589464	81104784	-1	mm10	5
PRI	12	81104784	107584897	1	mm10	12
PRI	12	0	1494400	-1	monDom5	1
PRI	12	1494400	1983777	-1	monDom5	1
PRI	12	1983777	2660530	-1	monDom5	7
PRI	12	2660530	15405151	1	monDom5	7
PRI	12	15405151	17874096	1	monDom5	1
PRI	12	17874096	28386005	1	monDom5	1
PRI	12	28386005	32798951	1	monDom5	1
PRI	12	32798951	33561402	1	monDom5	1
PRI	12	33561402	34487102	1	monDom5	1
PRI	12	34487102	35447256	1	monDom5	1
PRI	12	35447256	36721498	1	monDom5	1
PRI	12	36721498	70043520	1	monDom5	1
PRI	12	70043520	77262917	-1	monDom5	1
PRI	12	77262917	84406529	-1	monDom5	1
PRI	12	84406529	85239909	1	monDom5	1
PRI	12	85239909	86693271	1	monDom5	1
PRI	12	86693271	90054133	-1	monDom5	1
PRI	12	90054133	107584897	1	monDom5	1
PRI	12	0	15579088	-1	oryCun2	2
PRI	12	15579088	84642512	1	oryCun2	2
PRI	12	84642512	107584897	-1	oryCun2	2
PRI	12	0	18737849	1	panTro3	2A
PRI	12	18737849	107584897	-1	panTro3	2A
PRI	12	0	107584897	1	ponAbe2	2a
PRI	12	0	18737849	1	rheMac3	13
PRI	12	18737849	56682920	-1	rheMac3	13
PRI	12	56682920	68307892	-1	rheMac3	13
PRI	12	68307892	107584897	-1	rheMac3	13
PRI	12	0	1018509	-1	rn4	3
PRI	12	1018509	14234786	1	rn4	9
PRI	12	14234786	14981216	-1	rn4	20
PRI	12	14981216	18034115	1	rn4	3
PRI	12	18034115	18737849	1	rn4	3
PRI	12	18737849	35469301	1	rn4	4
PRI	12	35469301	37254710	-1	rn4	4
PRI	12	37254710	39205153	1	rn4	4
PRI	12	39205153	55119270	1	rn4	14
PRI	12	55119270	71953104	-1	rn4	6
PRI	12	71953104	98983601	1	rn4	6
PRI	12	98983601	99895569	-1	rn4	6
PRI	12	99895569	107584897	1	rn4	6
PRI	12	0	800886	1	susScr2	3
PRI	12	800886	1399723	-1	susScr2	3
PRI	12	1399723	16529477	-1	susScr2	3
PRI	12	16529477	18737849	-1	susScr2	3
PRI	12	18737849	75216354	1	susScr2	3
PRI	12	75216354	75581969	-1	susScr2	3
PRI	12	75581969	75645526	1	susScr2	3
PRI	12	75645526	107584897	1	susScr2	3
PRI	12	0	11487843	1	bosTau7	11
PRI	12	11487843	14458366	-1	bosTau7	11
PRI	12	14458366	17390851	-1	bosTau7	11
PRI	12	17390851	32121318	1	bosTau7	11
PRI	12	32121318	37287640	1	bosTau7	11
PRI	12	37287640	46060162	-1	bosTau7	11
PRI	12	46060162	50295533	-1	bosTau7	11
PRI	12	50295533	51000207	1	bosTau7	11
PRI	12	51000207	69288425	-1	bosTau7	11
PRI	12	69288425	70272094	-1	bosTau7	11
PRI	12	70272094	70625112	-1	bosTau7	11
PRI	12	70625112	75924231	-1	bosTau7	11
PRI	12	75924231	107584897	1	bosTau7	11
PRI	12	0	23965517	1	calJac3	14
PRI	12	23965517	24304446	-1	calJac3	14
PRI	12	24304446	75581969	1	calJac3	14
PRI	12	75581969	77262917	-1	calJac3	14
PRI	12	77262917	107584897	1	calJac3	14
PRI	12	0	976835	-1	canFam2	17
PRI	12	976835	15576182	-1	canFam2	10
PRI	12	15576182	36507163	1	canFam2	17
PRI	12	36507163	64622966	-1	canFam2	10
PRI	12	64622966	107584897	-1	canFam2	17
PRI	12	0	11883950	1	capHir1	11
PRI	12	11883950	14702907	-1	capHir1	11
PRI	12	14702907	17242255	-1	capHir1	11
PRI	12	17242255	32115330	1	capHir1	11
PRI	12	32115330	36829956	1	capHir1	11
PRI	12	36829956	45709976	-1	capHir1	11
PRI	12	45709976	75963737	-1	capHir1	11
PRI	12	75963737	105088945	1	capHir1	11
PRI	12	105088945	107584897	1	capHir1	8
PRI	12	0	15644467	-1	equCab2	15
PRI	12	15644467	107584897	1	equCab2	15
PRI	12	0	18737849	1	galGal3	1
PRI	12	18737849	23279450	-1	galGal3	4
PRI	12	23279450	23965517	1	galGal3	4
PRI	12	24304446	37596130	-1	galGal3	3
PRI	12	37596130	50815684	-1	galGal3	3
PRI	12	50815684	58701725	1	galGal3	3
PRI	12	58701725	59433966	-1	galGal3	3
PRI	12	59433966	68307892	-1	galGal3	3
PRI	12	68307892	69710906	-1	galGal3	3
PRI	12	69710906	70604647	-1	galGal3	3
PRI	12	70604647	72593696	1	galGal3	3
PRI	12	72593696	75581969	1	galGal3	3
PRI	12	75581969	77262917	1	galGal3	3
PRI	12	77262917	78764015	1	galGal3	3
PRI	12	78764015	107584897	-1	galGal3	3
PRI	12	0	18737849	1	gorGor3	2A
PRI	12	18737849	107584897	-1	gorGor3	2A
PRI	12	0	18737849	1	hg19	2
PRI	12	18737849	107584897	-1	hg19	2
PRI	12	0	914074	-1	mm10	2
PRI	12	914074	12051220	1	mm10	1
PRI	12	12051220	14212647	-1	mm10	17
PRI	12	14212647	15640317	1	mm10	10
PRI	12	15640317	18144616	1	mm10	2
PRI	12	18144616	18737849	1	mm10	2
PRI	12	18737849	34601048	1	mm10	6
PRI	12	34601048	36263046	-1	mm10	6
PRI	12	36263046	38163539	1	mm10	6
PRI	12	38163539	54390244	1	mm10	11
PRI	12	54390244	78589464	-1	mm10	17
PRI	12	78589464	81104784	-1	mm10	5
PRI	12	81104784	107584897	1	mm10	12
PRI	12	0	1494400	-1	monDom5	1
PRI	12	1494400	1983777	-1	monDom5	1
PRI	12	1983777	2660530	-1	monDom5	7
PRI	12	2660530	15405151	1	monDom5	7
PRI	12	15405151	17874096	1	monDom5	1
PRI	12	17874096	28386005	1	monDom5	1
PRI	12	28386005	32798951	1	monDom5	1
PRI	12	32798951	33561402	1	monDom5	1
PRI	12	33561402	34487102	1	monDom5	1
PRI	12	34487102	35447256	1	monDom5	1
PRI	12	35447256	36721498	1	monDom5	1
PRI	12	36721498	70043520	1	monDom5	1
PRI	12	70043520	77262917	-1	monDom5	1
PRI	12	77262917	84406529	-1	monDom5	1
PRI	12	84406529	85239909	1	monDom5	1
PRI	12	85239909	86693271	1	monDom5	1
PRI	12	86693271	90054133	-1	monDom5	1
PRI	12	90054133	107584897	1	monDom5	1
PRI	12	0	15579088	-1	oryCun2	2
PRI	12	15579088	84642512	1	oryCun2	2
PRI	12	84642512	107584897	-1	oryCun2	2
PRI	12	0	18737849	1	panTro3	2A
PRI	12	18737849	107584897	-1	panTro3	2A
PRI	12	0	107584897	1	ponAbe2	2a
PRI	12	0	18737849	1	rheMac3	13
PRI	12	18737849	56682920	-1	rheMac3	13
PRI	12	56682920	68307892	-1	rheMac3	13
PRI	12	68307892	107584897	-1	rheMac3	13
PRI	12	0	1018509	-1	rn4	3
PRI	12	1018509	14234786	1	rn4	9
PRI	12	14234786	14981216	-1	rn4	20
PRI	12	14981216	18034115	1	rn4	3
PRI	12	18034115	18737849	1	rn4	3
PRI	12	18737849	35469301	1	rn4	4
PRI	12	35469301	37254710	-1	rn4	4
PRI	12	37254710	39205153	1	rn4	4
PRI	12	39205153	55119270	1	rn4	14
PRI	12	55119270	71953104	-1	rn4	6
PRI	12	71953104	98983601	1	rn4	6
PRI	12	98983601	99895569	-1	rn4	6
PRI	12	99895569	107584897	1	rn4	6
PRI	12	0	800886	1	susScr2	3
PRI	12	800886	1399723	-1	susScr2	3
PRI	12	1399723	16529477	-1	susScr2	3
PRI	12	16529477	18737849	-1	susScr2	3
PRI	12	18737849	75216354	1	susScr2	3
PRI	12	75216354	75581969	-1	susScr2	3
PRI	12	75581969	75645526	1	susScr2	3
PRI	12	75645526	107584897	1	susScr2	3
PRI	12	0	11487843	1	bosTau7	11
PRI	12	11487843	14458366	-1	bosTau7	11
PRI	12	14458366	17390851	-1	bosTau7	11
PRI	12	17390851	32121318	1	bosTau7	11
PRI	12	32121318	37287640	1	bosTau7	11
PRI	12	37287640	46060162	-1	bosTau7	11
PRI	12	46060162	50295533	-1	bosTau7	11
PRI	12	50295533	51000207	1	bosTau7	11
PRI	12	51000207	69288425	-1	bosTau7	11
PRI	12	69288425	70272094	-1	bosTau7	11
PRI	12	70272094	70625112	-1	bosTau7	11
PRI	12	70625112	75924231	-1	bosTau7	11
PRI	12	75924231	107584897	1	bosTau7	11
PRI	12	0	23965517	1	calJac3	14
PRI	12	23965517	24304446	-1	calJac3	14
PRI	12	24304446	75581969	1	calJac3	14
PRI	12	75581969	77262917	-1	calJac3	14
PRI	12	77262917	107584897	1	calJac3	14
PRI	12	0	976835	-1	canFam2	17
PRI	12	976835	15576182	-1	canFam2	10
PRI	12	15576182	36507163	1	canFam2	17
PRI	12	36507163	64622966	-1	canFam2	10
PRI	12	64622966	107584897	-1	canFam2	17
PRI	12	0	11883950	1	capHir1	11
PRI	12	11883950	14702907	-1	capHir1	11
PRI	12	14702907	17242255	-1	capHir1	11
PRI	12	17242255	32115330	1	capHir1	11
PRI	12	32115330	36829956	1	capHir1	11
PRI	12	36829956	45709976	-1	capHir1	11
PRI	12	45709976	75963737	-1	capHir1	11
PRI	12	75963737	105088945	1	capHir1	11
PRI	12	105088945	107584897	1	capHir1	8
PRI	12	0	15644467	-1	equCab2	15
PRI	12	15644467	107584897	1	equCab2	15
PRI	12	0	18737849	1	galGal3	1
PRI	12	18737849	23279450	-1	galGal3	4
PRI	12	23279450	23965517	1	galGal3	4
PRI	12	24304446	37596130	-1	galGal3	3
PRI	12	37596130	50815684	-1	galGal3	3
PRI	12	50815684	58701725	1	galGal3	3
PRI	12	58701725	59433966	-1	galGal3	3
PRI	12	59433966	68307892	-1	galGal3	3
PRI	12	68307892	69710906	-1	galGal3	3
PRI	12	69710906	70604647	-1	galGal3	3
PRI	12	70604647	72593696	1	galGal3	3
PRI	12	72593696	75581969	1	galGal3	3
PRI	12	75581969	77262917	1	galGal3	3
PRI	12	77262917	78764015	1	galGal3	3
PRI	12	78764015	107584897	-1	galGal3	3
PRI	12	0	18737849	1	gorGor3	2A
PRI	12	18737849	107584897	-1	gorGor3	2A
PRI	12	0	18737849	1	hg19	2
PRI	12	18737849	107584897	-1	hg19	2
PRI	12	0	914074	-1	mm10	2
PRI	12	914074	12051220	1	mm10	1
PRI	12	12051220	14212647	-1	mm10	17
PRI	12	14212647	15640317	1	mm10	10
PRI	12	15640317	18144616	1	mm10	2
PRI	12	18144616	18737849	1	mm10	2
PRI	12	18737849	34601048	1	mm10	6
PRI	12	34601048	36263046	-1	mm10	6
PRI	12	36263046	38163539	1	mm10	6
PRI	12	38163539	54390244	1	mm10	11
PRI	12	54390244	78589464	-1	mm10	17
PRI	12	78589464	81104784	-1	mm10	5
PRI	12	81104784	107584897	1	mm10	12
PRI	12	0	1494400	-1	monDom5	1
PRI	12	1494400	1983777	-1	monDom5	1
PRI	12	1983777	2660530	-1	monDom5	7
PRI	12	2660530	15405151	1	monDom5	7
PRI	12	15405151	17874096	1	monDom5	1
PRI	12	17874096	28386005	1	monDom5	1
PRI	12	28386005	32798951	1	monDom5	1
PRI	12	32798951	33561402	1	monDom5	1
PRI	12	33561402	34487102	1	monDom5	1
PRI	12	34487102	35447256	1	monDom5	1
PRI	12	35447256	36721498	1	monDom5	1
PRI	12	36721498	70043520	1	monDom5	1
PRI	12	70043520	77262917	-1	monDom5	1
PRI	12	77262917	84406529	-1	monDom5	1
PRI	12	84406529	85239909	1	monDom5	1
PRI	12	85239909	86693271	1	monDom5	1
PRI	12	86693271	90054133	-1	monDom5	1
PRI	12	90054133	107584897	1	monDom5	1
PRI	12	0	15579088	-1	oryCun2	2
PRI	12	15579088	84642512	1	oryCun2	2
PRI	12	84642512	107584897	-1	oryCun2	2
PRI	12	0	18737849	1	panTro3	2A
PRI	12	18737849	107584897	-1	panTro3	2A
PRI	12	0	107584897	1	ponAbe2	2a
PRI	12	0	18737849	1	rheMac3	13
PRI	12	18737849	56682920	-1	rheMac3	13
PRI	12	56682920	68307892	-1	rheMac3	13
PRI	12	68307892	107584897	-1	rheMac3	13
PRI	12	0	1018509	-1	rn4	3
PRI	12	1018509	14234786	1	rn4	9
PRI	12	14234786	14981216	-1	rn4	20
PRI	12	14981216	18034115	1	rn4	3
PRI	12	18034115	18737849	1	rn4	3
PRI	12	18737849	35469301	1	rn4	4
PRI	12	35469301	37254710	-1	rn4	4
PRI	12	37254710	39205153	1	rn4	4
PRI	12	39205153	55119270	1	rn4	14
PRI	12	55119270	71953104	-1	rn4	6
PRI	12	71953104	98983601	1	rn4	6
PRI	12	98983601	99895569	-1	rn4	6
PRI	12	99895569	107584897	1	rn4	6
PRI	12	0	800886	1	susScr2	3
PRI	12	800886	1399723	-1	susScr2	3
PRI	12	1399723	16529477	-1	susScr2	3
PRI	12	16529477	18737849	-1	susScr2	3
PRI	12	18737849	75216354	1	susScr2	3
PRI	12	75216354	75581969	-1	susScr2	3
PRI	12	75581969	75645526	1	susScr2	3
PRI	12	75645526	107584897	1	susScr2	3
