PRI	8	0	3105665	1	bosTau7	29
PRI	8	3105665	4070728	-1	bosTau7	29
PRI	8	4070728	10609197	-1	bosTau7	29
PRI	8	10609197	27638710	-1	bosTau7	15
PRI	8	27638710	28418778	1	bosTau7	15
PRI	8	28418778	40111042	1	bosTau7	15
PRI	8	40111042	40391819	-1	bosTau7	15
PRI	8	40391819	58094061	1	bosTau7	29
PRI	8	58094061	77550839	-1	bosTau7	15
PRI	8	77550839	85837911	-1	bosTau7	29
PRI	8	85837911	116961013	1	bosTau7	15
PRI	8	116961013	133581883	1	bosTau7	29
PRI	8	0	24033263	-1	calJac3	11
PRI	8	24033263	24342700	1	calJac3	11
PRI	8	24342700	32257182	-1	calJac3	11
PRI	8	32257182	133581883	1	calJac3	11
PRI	8	0	33037436	1	canFam2	5
PRI	8	33037436	91116890	1	canFam2	21
PRI	8	91116890	107020113	-1	canFam2	18
PRI	8	107020113	118455692	-1	canFam2	18
PRI	8	118455692	132987345	-1	canFam2	18
PRI	8	132987345	133581883	-1	canFam2	18
PRI	8	0	2642779	1	capHir1	29
PRI	8	2642779	12102626	-1	capHir1	29
PRI	8	12102626	24342700	-1	capHir1	15
PRI	8	24342700	28055208	-1	capHir1	15
PRI	8	28055208	28875166	1	capHir1	15
PRI	8	28875166	40497179	1	capHir1	15
PRI	8	40497179	58009405	1	capHir1	29
PRI	8	58009405	77565579	-1	capHir1	15
PRI	8	77565579	86344008	-1	capHir1	29
PRI	8	86344008	117431063	1	capHir1	15
PRI	8	117431063	133581883	1	capHir1	29
PRI	8	0	40412741	-1	equCab2	7
PRI	8	40412741	95200558	1	equCab2	7
PRI	8	95200558	130247160	1	equCab2	12
PRI	8	130247160	131908091	-1	equCab2	12
PRI	8	131908091	133173604	-1	equCab2	12
PRI	8	133173604	133581883	1	equCab2	12
PRI	8	0	62840348	-1	gorGor3	11
PRI	8	62840348	130247160	1	gorGor3	11
PRI	8	130247160	133581883	-1	gorGor3	11
PRI	8	0	62840348	-1	hg19	11
PRI	8	62840348	130247160	1	hg19	11
PRI	8	130247160	133581883	-1	hg19	11
PRI	8	0	27119970	1	mm10	9
PRI	8	27119970	44759989	1	mm10	9
PRI	8	44759989	76779758	1	mm10	7
PRI	8	76779758	86154531	1	mm10	7
PRI	8	86154531	117174051	-1	mm10	2
PRI	8	117174051	127801909	-1	mm10	19
PRI	8	127801909	133581883	-1	mm10	7
PRI	8	0	10718083	-1	monDom5	4
PRI	8	10718083	30799442	1	monDom5	4
PRI	8	30799442	36681294	-1	monDom5	4
PRI	8	36681294	36865663	1	monDom5	4
PRI	8	36865663	37764055	-1	monDom5	4
PRI	8	37764055	44876648	1	monDom5	4
PRI	8	44876648	47387342	1	monDom5	4
PRI	8	47387342	58161510	1	monDom5	4
PRI	8	58161510	66286979	1	monDom5	4
PRI	8	66286979	66841061	1	monDom5	4
PRI	8	66841061	67178806	-1	monDom5	5
PRI	8	67178806	67370636	1	monDom5	5
PRI	8	67370636	73122159	1	monDom5	5
PRI	8	73122159	73524659	-1	monDom5	5
PRI	8	73524659	78083878	-1	monDom5	5
PRI	8	78083878	124266932	1	monDom5	5
PRI	8	124266932	126705557	-1	monDom5	8
PRI	8	126705557	129138571	1	monDom5	5
PRI	8	129138571	133581883	-1	monDom5	5
PRI	8	0	126705557	1	oryCun2	1
PRI	8	0	62840348	-1	panTro3	11
PRI	8	62840348	130247160	1	panTro3	11
PRI	8	130247160	133581883	-1	panTro3	11
PRI	8	0	133581883	-1	ponAbe2	11
PRI	8	0	42317009	-1	rheMac3	14
PRI	8	42317009	43110458	-1	rheMac3	14
PRI	8	43110458	48204083	-1	rheMac3	14
PRI	8	48204083	67750893	-1	rheMac3	14
PRI	8	67750893	69150458	1	rheMac3	8
PRI	8	69150458	78083878	-1	rheMac3	14
PRI	8	78083878	78561083	-1	rheMac3	14
PRI	8	78561083	126705557	-1	rheMac3	14
PRI	8	126705557	133581883	-1	rheMac3	14
PRI	8	0	27198319	1	rn4	8
PRI	8	27198319	44909525	1	rn4	8
PRI	8	44909525	76817071	1	rn4	1
PRI	8	76817071	86930998	1	rn4	1
PRI	8	86930998	117731488	-1	rn4	3
PRI	8	117731488	133581883	-1	rn4	1
PRI	8	0	27310690	-1	susScr2	9
PRI	8	27310690	28542893	1	susScr2	9
PRI	8	28542893	68390612	-1	susScr2	9
PRI	8	68390612	131790676	-1	susScr2	2
PRI	8	131790676	133581883	1	susScr2	2
PRI	8	0	3105665	1	bosTau7	29
PRI	8	3105665	4070728	-1	bosTau7	29
PRI	8	4070728	10609197	-1	bosTau7	29
PRI	8	10609197	27638710	-1	bosTau7	15
PRI	8	27638710	28418778	1	bosTau7	15
PRI	8	28418778	40111042	1	bosTau7	15
PRI	8	40111042	40391819	-1	bosTau7	15
PRI	8	40391819	58094061	1	bosTau7	29
PRI	8	58094061	77550839	-1	bosTau7	15
PRI	8	77550839	85837911	-1	bosTau7	29
PRI	8	85837911	116961013	1	bosTau7	15
PRI	8	116961013	133581883	1	bosTau7	29
PRI	8	0	24033263	-1	calJac3	11
PRI	8	24033263	24342700	1	calJac3	11
PRI	8	24342700	32257182	-1	calJac3	11
PRI	8	32257182	133581883	1	calJac3	11
PRI	8	0	33037436	1	canFam2	5
PRI	8	33037436	91116890	1	canFam2	21
PRI	8	91116890	107020113	-1	canFam2	18
PRI	8	107020113	118455692	-1	canFam2	18
PRI	8	118455692	132987345	-1	canFam2	18
PRI	8	132987345	133581883	-1	canFam2	18
PRI	8	0	2642779	1	capHir1	29
PRI	8	2642779	12102626	-1	capHir1	29
PRI	8	12102626	24342700	-1	capHir1	15
PRI	8	24342700	28055208	-1	capHir1	15
PRI	8	28055208	28875166	1	capHir1	15
PRI	8	28875166	40497179	1	capHir1	15
PRI	8	40497179	58009405	1	capHir1	29
PRI	8	58009405	77565579	-1	capHir1	15
PRI	8	77565579	86344008	-1	capHir1	29
PRI	8	86344008	117431063	1	capHir1	15
PRI	8	117431063	133581883	1	capHir1	29
PRI	8	0	40412741	-1	equCab2	7
PRI	8	40412741	95200558	1	equCab2	7
PRI	8	95200558	130247160	1	equCab2	12
PRI	8	130247160	131908091	-1	equCab2	12
PRI	8	131908091	133173604	-1	equCab2	12
PRI	8	133173604	133581883	1	equCab2	12
PRI	8	0	62840348	-1	gorGor3	11
PRI	8	62840348	130247160	1	gorGor3	11
PRI	8	130247160	133581883	-1	gorGor3	11
PRI	8	0	62840348	-1	hg19	11
PRI	8	62840348	130247160	1	hg19	11
PRI	8	130247160	133581883	-1	hg19	11
PRI	8	0	27119970	1	mm10	9
PRI	8	27119970	44759989	1	mm10	9
PRI	8	44759989	76779758	1	mm10	7
PRI	8	76779758	86154531	1	mm10	7
PRI	8	86154531	117174051	-1	mm10	2
PRI	8	117174051	127801909	-1	mm10	19
PRI	8	127801909	133581883	-1	mm10	7
PRI	8	0	10718083	-1	monDom5	4
PRI	8	10718083	30799442	1	monDom5	4
PRI	8	30799442	36681294	-1	monDom5	4
PRI	8	36681294	36865663	1	monDom5	4
PRI	8	36865663	37764055	-1	monDom5	4
PRI	8	37764055	44876648	1	monDom5	4
PRI	8	44876648	47387342	1	monDom5	4
PRI	8	47387342	58161510	1	monDom5	4
PRI	8	58161510	66286979	1	monDom5	4
PRI	8	66286979	66841061	1	monDom5	4
PRI	8	66841061	67178806	-1	monDom5	5
PRI	8	67178806	67370636	1	monDom5	5
PRI	8	67370636	73122159	1	monDom5	5
PRI	8	73122159	73524659	-1	monDom5	5
PRI	8	73524659	78083878	-1	monDom5	5
PRI	8	78083878	124266932	1	monDom5	5
PRI	8	124266932	126705557	-1	monDom5	8
PRI	8	126705557	129138571	1	monDom5	5
PRI	8	129138571	133581883	-1	monDom5	5
PRI	8	0	126705557	1	oryCun2	1
PRI	8	0	62840348	-1	panTro3	11
PRI	8	62840348	130247160	1	panTro3	11
PRI	8	130247160	133581883	-1	panTro3	11
PRI	8	0	133581883	-1	ponAbe2	11
PRI	8	0	42317009	-1	rheMac3	14
PRI	8	42317009	43110458	-1	rheMac3	14
PRI	8	43110458	48204083	-1	rheMac3	14
PRI	8	48204083	67750893	-1	rheMac3	14
PRI	8	67750893	69150458	1	rheMac3	8
PRI	8	69150458	78083878	-1	rheMac3	14
PRI	8	78083878	78561083	-1	rheMac3	14
PRI	8	78561083	126705557	-1	rheMac3	14
PRI	8	126705557	133581883	-1	rheMac3	14
PRI	8	0	27198319	1	rn4	8
PRI	8	27198319	44909525	1	rn4	8
PRI	8	44909525	76817071	1	rn4	1
PRI	8	76817071	86930998	1	rn4	1
PRI	8	86930998	117731488	-1	rn4	3
PRI	8	117731488	133581883	-1	rn4	1
PRI	8	0	27310690	-1	susScr2	9
PRI	8	27310690	28542893	1	susScr2	9
PRI	8	28542893	68390612	-1	susScr2	9
PRI	8	68390612	131790676	-1	susScr2	2
PRI	8	131790676	133581883	1	susScr2	2
PRI	8	0	3105665	1	bosTau7	29
PRI	8	3105665	4070728	-1	bosTau7	29
PRI	8	4070728	10609197	-1	bosTau7	29
PRI	8	10609197	27638710	-1	bosTau7	15
PRI	8	27638710	28418778	1	bosTau7	15
PRI	8	28418778	40111042	1	bosTau7	15
PRI	8	40111042	40391819	-1	bosTau7	15
PRI	8	40391819	58094061	1	bosTau7	29
PRI	8	58094061	77550839	-1	bosTau7	15
PRI	8	77550839	85837911	-1	bosTau7	29
PRI	8	85837911	116961013	1	bosTau7	15
PRI	8	116961013	133581883	1	bosTau7	29
PRI	8	0	24033263	-1	calJac3	11
PRI	8	24033263	24342700	1	calJac3	11
PRI	8	24342700	32257182	-1	calJac3	11
PRI	8	32257182	133581883	1	calJac3	11
PRI	8	0	33037436	1	canFam2	5
PRI	8	33037436	91116890	1	canFam2	21
PRI	8	91116890	107020113	-1	canFam2	18
PRI	8	107020113	118455692	-1	canFam2	18
PRI	8	118455692	132987345	-1	canFam2	18
PRI	8	132987345	133581883	-1	canFam2	18
PRI	8	0	2642779	1	capHir1	29
PRI	8	2642779	12102626	-1	capHir1	29
PRI	8	12102626	24342700	-1	capHir1	15
PRI	8	24342700	28055208	-1	capHir1	15
PRI	8	28055208	28875166	1	capHir1	15
PRI	8	28875166	40497179	1	capHir1	15
PRI	8	40497179	58009405	1	capHir1	29
PRI	8	58009405	77565579	-1	capHir1	15
PRI	8	77565579	86344008	-1	capHir1	29
PRI	8	86344008	117431063	1	capHir1	15
PRI	8	117431063	133581883	1	capHir1	29
PRI	8	0	40412741	-1	equCab2	7
PRI	8	40412741	95200558	1	equCab2	7
PRI	8	95200558	130247160	1	equCab2	12
PRI	8	130247160	131908091	-1	equCab2	12
PRI	8	131908091	133173604	-1	equCab2	12
PRI	8	133173604	133581883	1	equCab2	12
PRI	8	0	62840348	-1	gorGor3	11
PRI	8	62840348	130247160	1	gorGor3	11
PRI	8	130247160	133581883	-1	gorGor3	11
PRI	8	0	62840348	-1	hg19	11
PRI	8	62840348	130247160	1	hg19	11
PRI	8	130247160	133581883	-1	hg19	11
PRI	8	0	27119970	1	mm10	9
PRI	8	27119970	44759989	1	mm10	9
PRI	8	44759989	76779758	1	mm10	7
PRI	8	76779758	86154531	1	mm10	7
PRI	8	86154531	117174051	-1	mm10	2
PRI	8	117174051	127801909	-1	mm10	19
PRI	8	127801909	133581883	-1	mm10	7
PRI	8	0	10718083	-1	monDom5	4
PRI	8	10718083	30799442	1	monDom5	4
PRI	8	30799442	36681294	-1	monDom5	4
PRI	8	36681294	36865663	1	monDom5	4
PRI	8	36865663	37764055	-1	monDom5	4
PRI	8	37764055	44876648	1	monDom5	4
PRI	8	44876648	47387342	1	monDom5	4
PRI	8	47387342	58161510	1	monDom5	4
PRI	8	58161510	66286979	1	monDom5	4
PRI	8	66286979	66841061	1	monDom5	4
PRI	8	66841061	67178806	-1	monDom5	5
PRI	8	67178806	67370636	1	monDom5	5
PRI	8	67370636	73122159	1	monDom5	5
PRI	8	73122159	73524659	-1	monDom5	5
PRI	8	73524659	78083878	-1	monDom5	5
PRI	8	78083878	124266932	1	monDom5	5
PRI	8	124266932	126705557	-1	monDom5	8
PRI	8	126705557	129138571	1	monDom5	5
PRI	8	129138571	133581883	-1	monDom5	5
PRI	8	0	126705557	1	oryCun2	1
PRI	8	0	62840348	-1	panTro3	11
PRI	8	62840348	130247160	1	panTro3	11
PRI	8	130247160	133581883	-1	panTro3	11
PRI	8	0	133581883	-1	ponAbe2	11
PRI	8	0	42317009	-1	rheMac3	14
PRI	8	42317009	43110458	-1	rheMac3	14
PRI	8	43110458	48204083	-1	rheMac3	14
PRI	8	48204083	67750893	-1	rheMac3	14
PRI	8	67750893	69150458	1	rheMac3	8
PRI	8	69150458	78083878	-1	rheMac3	14
PRI	8	78083878	78561083	-1	rheMac3	14
PRI	8	78561083	126705557	-1	rheMac3	14
PRI	8	126705557	133581883	-1	rheMac3	14
PRI	8	0	27198319	1	rn4	8
PRI	8	27198319	44909525	1	rn4	8
PRI	8	44909525	76817071	1	rn4	1
PRI	8	76817071	86930998	1	rn4	1
PRI	8	86930998	117731488	-1	rn4	3
PRI	8	117731488	133581883	-1	rn4	1
PRI	8	0	27310690	-1	susScr2	9
PRI	8	27310690	28542893	1	susScr2	9
PRI	8	28542893	68390612	-1	susScr2	9
PRI	8	68390612	131790676	-1	susScr2	2
PRI	8	131790676	133581883	1	susScr2	2
PRI	8	0	3105665	1	bosTau7	29
PRI	8	3105665	4070728	-1	bosTau7	29
PRI	8	4070728	10609197	-1	bosTau7	29
PRI	8	10609197	27638710	-1	bosTau7	15
PRI	8	27638710	28418778	1	bosTau7	15
PRI	8	28418778	40111042	1	bosTau7	15
PRI	8	40111042	40391819	-1	bosTau7	15
PRI	8	40391819	58094061	1	bosTau7	29
PRI	8	58094061	77550839	-1	bosTau7	15
PRI	8	77550839	85837911	-1	bosTau7	29
PRI	8	85837911	116961013	1	bosTau7	15
PRI	8	116961013	133581883	1	bosTau7	29
PRI	8	0	24033263	-1	calJac3	11
PRI	8	24033263	24342700	1	calJac3	11
PRI	8	24342700	32257182	-1	calJac3	11
PRI	8	32257182	133581883	1	calJac3	11
PRI	8	0	33037436	1	canFam2	5
PRI	8	33037436	91116890	1	canFam2	21
PRI	8	91116890	107020113	-1	canFam2	18
PRI	8	107020113	118455692	-1	canFam2	18
PRI	8	118455692	132987345	-1	canFam2	18
PRI	8	132987345	133581883	-1	canFam2	18
PRI	8	0	2642779	1	capHir1	29
PRI	8	2642779	12102626	-1	capHir1	29
PRI	8	12102626	24342700	-1	capHir1	15
PRI	8	24342700	28055208	-1	capHir1	15
PRI	8	28055208	28875166	1	capHir1	15
PRI	8	28875166	40497179	1	capHir1	15
PRI	8	40497179	58009405	1	capHir1	29
PRI	8	58009405	77565579	-1	capHir1	15
PRI	8	77565579	86344008	-1	capHir1	29
PRI	8	86344008	117431063	1	capHir1	15
PRI	8	117431063	133581883	1	capHir1	29
PRI	8	0	40412741	-1	equCab2	7
PRI	8	40412741	95200558	1	equCab2	7
PRI	8	95200558	130247160	1	equCab2	12
PRI	8	130247160	131908091	-1	equCab2	12
PRI	8	131908091	133173604	-1	equCab2	12
PRI	8	133173604	133581883	1	equCab2	12
PRI	8	0	62840348	-1	gorGor3	11
PRI	8	62840348	130247160	1	gorGor3	11
PRI	8	130247160	133581883	-1	gorGor3	11
PRI	8	0	62840348	-1	hg19	11
PRI	8	62840348	130247160	1	hg19	11
PRI	8	130247160	133581883	-1	hg19	11
PRI	8	0	27119970	1	mm10	9
PRI	8	27119970	44759989	1	mm10	9
PRI	8	44759989	76779758	1	mm10	7
PRI	8	76779758	86154531	1	mm10	7
PRI	8	86154531	117174051	-1	mm10	2
PRI	8	117174051	127801909	-1	mm10	19
PRI	8	127801909	133581883	-1	mm10	7
PRI	8	0	10718083	-1	monDom5	4
PRI	8	10718083	30799442	1	monDom5	4
PRI	8	30799442	36681294	-1	monDom5	4
PRI	8	36681294	36865663	1	monDom5	4
PRI	8	36865663	37764055	-1	monDom5	4
PRI	8	37764055	44876648	1	monDom5	4
PRI	8	44876648	47387342	1	monDom5	4
PRI	8	47387342	58161510	1	monDom5	4
PRI	8	58161510	66286979	1	monDom5	4
PRI	8	66286979	66841061	1	monDom5	4
PRI	8	66841061	67178806	-1	monDom5	5
PRI	8	67178806	67370636	1	monDom5	5
PRI	8	67370636	73122159	1	monDom5	5
PRI	8	73122159	73524659	-1	monDom5	5
PRI	8	73524659	78083878	-1	monDom5	5
PRI	8	78083878	124266932	1	monDom5	5
PRI	8	124266932	126705557	-1	monDom5	8
PRI	8	126705557	129138571	1	monDom5	5
PRI	8	129138571	133581883	-1	monDom5	5
PRI	8	0	126705557	1	oryCun2	1
PRI	8	0	62840348	-1	panTro3	11
PRI	8	62840348	130247160	1	panTro3	11
PRI	8	130247160	133581883	-1	panTro3	11
PRI	8	0	133581883	-1	ponAbe2	11
PRI	8	0	42317009	-1	rheMac3	14
PRI	8	42317009	43110458	-1	rheMac3	14
PRI	8	43110458	48204083	-1	rheMac3	14
PRI	8	48204083	67750893	-1	rheMac3	14
PRI	8	67750893	69150458	1	rheMac3	8
PRI	8	69150458	78083878	-1	rheMac3	14
PRI	8	78083878	78561083	-1	rheMac3	14
PRI	8	78561083	126705557	-1	rheMac3	14
PRI	8	126705557	133581883	-1	rheMac3	14
PRI	8	0	27198319	1	rn4	8
PRI	8	27198319	44909525	1	rn4	8
PRI	8	44909525	76817071	1	rn4	1
PRI	8	76817071	86930998	1	rn4	1
PRI	8	86930998	117731488	-1	rn4	3
PRI	8	117731488	133581883	-1	rn4	1
PRI	8	0	27310690	-1	susScr2	9
PRI	8	27310690	28542893	1	susScr2	9
PRI	8	28542893	68390612	-1	susScr2	9
PRI	8	68390612	131790676	-1	susScr2	2
PRI	8	131790676	133581883	1	susScr2	2
PRI	8	0	3105665	1	bosTau7	29
PRI	8	3105665	4070728	-1	bosTau7	29
PRI	8	4070728	10609197	-1	bosTau7	29
PRI	8	10609197	27638710	-1	bosTau7	15
PRI	8	27638710	28418778	1	bosTau7	15
PRI	8	28418778	40111042	1	bosTau7	15
PRI	8	40111042	40391819	-1	bosTau7	15
PRI	8	40391819	58094061	1	bosTau7	29
PRI	8	58094061	77550839	-1	bosTau7	15
PRI	8	77550839	85837911	-1	bosTau7	29
PRI	8	85837911	116961013	1	bosTau7	15
PRI	8	116961013	133581883	1	bosTau7	29
PRI	8	0	24033263	-1	calJac3	11
PRI	8	24033263	24342700	1	calJac3	11
PRI	8	24342700	32257182	-1	calJac3	11
PRI	8	32257182	133581883	1	calJac3	11
PRI	8	0	33037436	1	canFam2	5
PRI	8	33037436	91116890	1	canFam2	21
PRI	8	91116890	107020113	-1	canFam2	18
PRI	8	107020113	118455692	-1	canFam2	18
PRI	8	118455692	132987345	-1	canFam2	18
PRI	8	132987345	133581883	-1	canFam2	18
PRI	8	0	2642779	1	capHir1	29
PRI	8	2642779	12102626	-1	capHir1	29
PRI	8	12102626	24342700	-1	capHir1	15
PRI	8	24342700	28055208	-1	capHir1	15
PRI	8	28055208	28875166	1	capHir1	15
PRI	8	28875166	40497179	1	capHir1	15
PRI	8	40497179	58009405	1	capHir1	29
PRI	8	58009405	77565579	-1	capHir1	15
PRI	8	77565579	86344008	-1	capHir1	29
PRI	8	86344008	117431063	1	capHir1	15
PRI	8	117431063	133581883	1	capHir1	29
PRI	8	0	40412741	-1	equCab2	7
PRI	8	40412741	95200558	1	equCab2	7
PRI	8	95200558	130247160	1	equCab2	12
PRI	8	130247160	131908091	-1	equCab2	12
PRI	8	131908091	133173604	-1	equCab2	12
PRI	8	133173604	133581883	1	equCab2	12
PRI	8	0	62840348	-1	gorGor3	11
PRI	8	62840348	130247160	1	gorGor3	11
PRI	8	130247160	133581883	-1	gorGor3	11
PRI	8	0	62840348	-1	hg19	11
PRI	8	62840348	130247160	1	hg19	11
PRI	8	130247160	133581883	-1	hg19	11
PRI	8	0	27119970	1	mm10	9
PRI	8	27119970	44759989	1	mm10	9
PRI	8	44759989	76779758	1	mm10	7
PRI	8	76779758	86154531	1	mm10	7
PRI	8	86154531	117174051	-1	mm10	2
PRI	8	117174051	127801909	-1	mm10	19
PRI	8	127801909	133581883	-1	mm10	7
PRI	8	0	10718083	-1	monDom5	4
PRI	8	10718083	30799442	1	monDom5	4
PRI	8	30799442	36681294	-1	monDom5	4
PRI	8	36681294	36865663	1	monDom5	4
PRI	8	36865663	37764055	-1	monDom5	4
PRI	8	37764055	44876648	1	monDom5	4
PRI	8	44876648	47387342	1	monDom5	4
PRI	8	47387342	58161510	1	monDom5	4
PRI	8	58161510	66286979	1	monDom5	4
PRI	8	66286979	66841061	1	monDom5	4
PRI	8	66841061	67178806	-1	monDom5	5
PRI	8	67178806	67370636	1	monDom5	5
PRI	8	67370636	73122159	1	monDom5	5
PRI	8	73122159	73524659	-1	monDom5	5
PRI	8	73524659	78083878	-1	monDom5	5
PRI	8	78083878	124266932	1	monDom5	5
PRI	8	124266932	126705557	-1	monDom5	8
PRI	8	126705557	129138571	1	monDom5	5
PRI	8	129138571	133581883	-1	monDom5	5
PRI	8	0	126705557	1	oryCun2	1
PRI	8	0	62840348	-1	panTro3	11
PRI	8	62840348	130247160	1	panTro3	11
PRI	8	130247160	133581883	-1	panTro3	11
PRI	8	0	133581883	-1	ponAbe2	11
PRI	8	0	42317009	-1	rheMac3	14
PRI	8	42317009	43110458	-1	rheMac3	14
PRI	8	43110458	48204083	-1	rheMac3	14
PRI	8	48204083	67750893	-1	rheMac3	14
PRI	8	67750893	69150458	1	rheMac3	8
PRI	8	69150458	78083878	-1	rheMac3	14
PRI	8	78083878	78561083	-1	rheMac3	14
PRI	8	78561083	126705557	-1	rheMac3	14
PRI	8	126705557	133581883	-1	rheMac3	14
PRI	8	0	27198319	1	rn4	8
PRI	8	27198319	44909525	1	rn4	8
PRI	8	44909525	76817071	1	rn4	1
PRI	8	76817071	86930998	1	rn4	1
PRI	8	86930998	117731488	-1	rn4	3
PRI	8	117731488	133581883	-1	rn4	1
PRI	8	0	27310690	-1	susScr2	9
PRI	8	27310690	28542893	1	susScr2	9
PRI	8	28542893	68390612	-1	susScr2	9
PRI	8	68390612	131790676	-1	susScr2	2
PRI	8	131790676	133581883	1	susScr2	2
PRI	8	0	3105665	1	bosTau7	29
PRI	8	3105665	4070728	-1	bosTau7	29
PRI	8	4070728	10609197	-1	bosTau7	29
PRI	8	10609197	27638710	-1	bosTau7	15
PRI	8	27638710	28418778	1	bosTau7	15
PRI	8	28418778	40111042	1	bosTau7	15
PRI	8	40111042	40391819	-1	bosTau7	15
PRI	8	40391819	58094061	1	bosTau7	29
PRI	8	58094061	77550839	-1	bosTau7	15
PRI	8	77550839	85837911	-1	bosTau7	29
PRI	8	85837911	116961013	1	bosTau7	15
PRI	8	116961013	133581883	1	bosTau7	29
PRI	8	0	24033263	-1	calJac3	11
PRI	8	24033263	24342700	1	calJac3	11
PRI	8	24342700	32257182	-1	calJac3	11
PRI	8	32257182	133581883	1	calJac3	11
PRI	8	0	33037436	1	canFam2	5
PRI	8	33037436	91116890	1	canFam2	21
PRI	8	91116890	107020113	-1	canFam2	18
PRI	8	107020113	118455692	-1	canFam2	18
PRI	8	118455692	132987345	-1	canFam2	18
PRI	8	132987345	133581883	-1	canFam2	18
PRI	8	0	2642779	1	capHir1	29
PRI	8	2642779	12102626	-1	capHir1	29
PRI	8	12102626	24342700	-1	capHir1	15
PRI	8	24342700	28055208	-1	capHir1	15
PRI	8	28055208	28875166	1	capHir1	15
PRI	8	28875166	40497179	1	capHir1	15
PRI	8	40497179	58009405	1	capHir1	29
PRI	8	58009405	77565579	-1	capHir1	15
PRI	8	77565579	86344008	-1	capHir1	29
PRI	8	86344008	117431063	1	capHir1	15
PRI	8	117431063	133581883	1	capHir1	29
PRI	8	0	40412741	-1	equCab2	7
PRI	8	40412741	95200558	1	equCab2	7
PRI	8	95200558	130247160	1	equCab2	12
PRI	8	130247160	131908091	-1	equCab2	12
PRI	8	131908091	133173604	-1	equCab2	12
PRI	8	133173604	133581883	1	equCab2	12
PRI	8	0	62840348	-1	gorGor3	11
PRI	8	62840348	130247160	1	gorGor3	11
PRI	8	130247160	133581883	-1	gorGor3	11
PRI	8	0	62840348	-1	hg19	11
PRI	8	62840348	130247160	1	hg19	11
PRI	8	130247160	133581883	-1	hg19	11
PRI	8	0	27119970	1	mm10	9
PRI	8	27119970	44759989	1	mm10	9
PRI	8	44759989	76779758	1	mm10	7
PRI	8	76779758	86154531	1	mm10	7
PRI	8	86154531	117174051	-1	mm10	2
PRI	8	117174051	127801909	-1	mm10	19
PRI	8	127801909	133581883	-1	mm10	7
PRI	8	0	10718083	-1	monDom5	4
PRI	8	10718083	30799442	1	monDom5	4
PRI	8	30799442	36681294	-1	monDom5	4
PRI	8	36681294	36865663	1	monDom5	4
PRI	8	36865663	37764055	-1	monDom5	4
PRI	8	37764055	44876648	1	monDom5	4
PRI	8	44876648	47387342	1	monDom5	4
PRI	8	47387342	58161510	1	monDom5	4
PRI	8	58161510	66286979	1	monDom5	4
PRI	8	66286979	66841061	1	monDom5	4
PRI	8	66841061	67178806	-1	monDom5	5
PRI	8	67178806	67370636	1	monDom5	5
PRI	8	67370636	73122159	1	monDom5	5
PRI	8	73122159	73524659	-1	monDom5	5
PRI	8	73524659	78083878	-1	monDom5	5
PRI	8	78083878	124266932	1	monDom5	5
PRI	8	124266932	126705557	-1	monDom5	8
PRI	8	126705557	129138571	1	monDom5	5
PRI	8	129138571	133581883	-1	monDom5	5
PRI	8	0	126705557	1	oryCun2	1
PRI	8	0	62840348	-1	panTro3	11
PRI	8	62840348	130247160	1	panTro3	11
PRI	8	130247160	133581883	-1	panTro3	11
PRI	8	0	133581883	-1	ponAbe2	11
PRI	8	0	42317009	-1	rheMac3	14
PRI	8	42317009	43110458	-1	rheMac3	14
PRI	8	43110458	48204083	-1	rheMac3	14
PRI	8	48204083	67750893	-1	rheMac3	14
PRI	8	67750893	69150458	1	rheMac3	8
PRI	8	69150458	78083878	-1	rheMac3	14
PRI	8	78083878	78561083	-1	rheMac3	14
PRI	8	78561083	126705557	-1	rheMac3	14
PRI	8	126705557	133581883	-1	rheMac3	14
PRI	8	0	27198319	1	rn4	8
PRI	8	27198319	44909525	1	rn4	8
PRI	8	44909525	76817071	1	rn4	1
PRI	8	76817071	86930998	1	rn4	1
PRI	8	86930998	117731488	-1	rn4	3
PRI	8	117731488	133581883	-1	rn4	1
PRI	8	0	27310690	-1	susScr2	9
PRI	8	27310690	28542893	1	susScr2	9
PRI	8	28542893	68390612	-1	susScr2	9
PRI	8	68390612	131790676	-1	susScr2	2
PRI	8	131790676	133581883	1	susScr2	2
PRI	8	0	3105665	1	bosTau7	29
PRI	8	3105665	4070728	-1	bosTau7	29
PRI	8	4070728	10609197	-1	bosTau7	29
PRI	8	10609197	27638710	-1	bosTau7	15
PRI	8	27638710	28418778	1	bosTau7	15
PRI	8	28418778	40111042	1	bosTau7	15
PRI	8	40111042	40391819	-1	bosTau7	15
PRI	8	40391819	58094061	1	bosTau7	29
PRI	8	58094061	77550839	-1	bosTau7	15
PRI	8	77550839	85837911	-1	bosTau7	29
PRI	8	85837911	116961013	1	bosTau7	15
PRI	8	116961013	133581883	1	bosTau7	29
PRI	8	0	24033263	-1	calJac3	11
PRI	8	24033263	24342700	1	calJac3	11
PRI	8	24342700	32257182	-1	calJac3	11
PRI	8	32257182	133581883	1	calJac3	11
PRI	8	0	33037436	1	canFam2	5
PRI	8	33037436	91116890	1	canFam2	21
PRI	8	91116890	107020113	-1	canFam2	18
PRI	8	107020113	118455692	-1	canFam2	18
PRI	8	118455692	132987345	-1	canFam2	18
PRI	8	132987345	133581883	-1	canFam2	18
PRI	8	0	2642779	1	capHir1	29
PRI	8	2642779	12102626	-1	capHir1	29
PRI	8	12102626	24342700	-1	capHir1	15
PRI	8	24342700	28055208	-1	capHir1	15
PRI	8	28055208	28875166	1	capHir1	15
PRI	8	28875166	40497179	1	capHir1	15
PRI	8	40497179	58009405	1	capHir1	29
PRI	8	58009405	77565579	-1	capHir1	15
PRI	8	77565579	86344008	-1	capHir1	29
PRI	8	86344008	117431063	1	capHir1	15
PRI	8	117431063	133581883	1	capHir1	29
PRI	8	0	40412741	-1	equCab2	7
PRI	8	40412741	95200558	1	equCab2	7
PRI	8	95200558	130247160	1	equCab2	12
PRI	8	130247160	131908091	-1	equCab2	12
PRI	8	131908091	133173604	-1	equCab2	12
PRI	8	133173604	133581883	1	equCab2	12
PRI	8	0	62840348	-1	gorGor3	11
PRI	8	62840348	130247160	1	gorGor3	11
PRI	8	130247160	133581883	-1	gorGor3	11
PRI	8	0	62840348	-1	hg19	11
PRI	8	62840348	130247160	1	hg19	11
PRI	8	130247160	133581883	-1	hg19	11
PRI	8	0	27119970	1	mm10	9
PRI	8	27119970	44759989	1	mm10	9
PRI	8	44759989	76779758	1	mm10	7
PRI	8	76779758	86154531	1	mm10	7
PRI	8	86154531	117174051	-1	mm10	2
PRI	8	117174051	127801909	-1	mm10	19
PRI	8	127801909	133581883	-1	mm10	7
PRI	8	0	10718083	-1	monDom5	4
PRI	8	10718083	30799442	1	monDom5	4
PRI	8	30799442	36681294	-1	monDom5	4
PRI	8	36681294	36865663	1	monDom5	4
PRI	8	36865663	37764055	-1	monDom5	4
PRI	8	37764055	44876648	1	monDom5	4
PRI	8	44876648	47387342	1	monDom5	4
PRI	8	47387342	58161510	1	monDom5	4
PRI	8	58161510	66286979	1	monDom5	4
PRI	8	66286979	66841061	1	monDom5	4
PRI	8	66841061	67178806	-1	monDom5	5
PRI	8	67178806	67370636	1	monDom5	5
PRI	8	67370636	73122159	1	monDom5	5
PRI	8	73122159	73524659	-1	monDom5	5
PRI	8	73524659	78083878	-1	monDom5	5
PRI	8	78083878	124266932	1	monDom5	5
PRI	8	124266932	126705557	-1	monDom5	8
PRI	8	126705557	129138571	1	monDom5	5
PRI	8	129138571	133581883	-1	monDom5	5
PRI	8	0	126705557	1	oryCun2	1
PRI	8	0	62840348	-1	panTro3	11
PRI	8	62840348	130247160	1	panTro3	11
PRI	8	130247160	133581883	-1	panTro3	11
PRI	8	0	133581883	-1	ponAbe2	11
PRI	8	0	42317009	-1	rheMac3	14
PRI	8	42317009	43110458	-1	rheMac3	14
PRI	8	43110458	48204083	-1	rheMac3	14
PRI	8	48204083	67750893	-1	rheMac3	14
PRI	8	67750893	69150458	1	rheMac3	8
PRI	8	69150458	78083878	-1	rheMac3	14
PRI	8	78083878	78561083	-1	rheMac3	14
PRI	8	78561083	126705557	-1	rheMac3	14
PRI	8	126705557	133581883	-1	rheMac3	14
PRI	8	0	27198319	1	rn4	8
PRI	8	27198319	44909525	1	rn4	8
PRI	8	44909525	76817071	1	rn4	1
PRI	8	76817071	86930998	1	rn4	1
PRI	8	86930998	117731488	-1	rn4	3
PRI	8	117731488	133581883	-1	rn4	1
PRI	8	0	27310690	-1	susScr2	9
PRI	8	27310690	28542893	1	susScr2	9
PRI	8	28542893	68390612	-1	susScr2	9
PRI	8	68390612	131790676	-1	susScr2	2
PRI	8	131790676	133581883	1	susScr2	2
PRI	8	0	3105665	1	bosTau7	29
PRI	8	3105665	4070728	-1	bosTau7	29
PRI	8	4070728	10609197	-1	bosTau7	29
PRI	8	10609197	27638710	-1	bosTau7	15
PRI	8	27638710	28418778	1	bosTau7	15
PRI	8	28418778	40111042	1	bosTau7	15
PRI	8	40111042	40391819	-1	bosTau7	15
PRI	8	40391819	58094061	1	bosTau7	29
PRI	8	58094061	77550839	-1	bosTau7	15
PRI	8	77550839	85837911	-1	bosTau7	29
PRI	8	85837911	116961013	1	bosTau7	15
PRI	8	116961013	133581883	1	bosTau7	29
PRI	8	0	24033263	-1	calJac3	11
PRI	8	24033263	24342700	1	calJac3	11
PRI	8	24342700	32257182	-1	calJac3	11
PRI	8	32257182	133581883	1	calJac3	11
PRI	8	0	33037436	1	canFam2	5
PRI	8	33037436	91116890	1	canFam2	21
PRI	8	91116890	107020113	-1	canFam2	18
PRI	8	107020113	118455692	-1	canFam2	18
PRI	8	118455692	132987345	-1	canFam2	18
PRI	8	132987345	133581883	-1	canFam2	18
PRI	8	0	2642779	1	capHir1	29
PRI	8	2642779	12102626	-1	capHir1	29
PRI	8	12102626	24342700	-1	capHir1	15
PRI	8	24342700	28055208	-1	capHir1	15
PRI	8	28055208	28875166	1	capHir1	15
PRI	8	28875166	40497179	1	capHir1	15
PRI	8	40497179	58009405	1	capHir1	29
PRI	8	58009405	77565579	-1	capHir1	15
PRI	8	77565579	86344008	-1	capHir1	29
PRI	8	86344008	117431063	1	capHir1	15
PRI	8	117431063	133581883	1	capHir1	29
PRI	8	0	40412741	-1	equCab2	7
PRI	8	40412741	95200558	1	equCab2	7
PRI	8	95200558	130247160	1	equCab2	12
PRI	8	130247160	131908091	-1	equCab2	12
PRI	8	131908091	133173604	-1	equCab2	12
PRI	8	133173604	133581883	1	equCab2	12
PRI	8	0	62840348	-1	gorGor3	11
PRI	8	62840348	130247160	1	gorGor3	11
PRI	8	130247160	133581883	-1	gorGor3	11
PRI	8	0	62840348	-1	hg19	11
PRI	8	62840348	130247160	1	hg19	11
PRI	8	130247160	133581883	-1	hg19	11
PRI	8	0	27119970	1	mm10	9
PRI	8	27119970	44759989	1	mm10	9
PRI	8	44759989	76779758	1	mm10	7
PRI	8	76779758	86154531	1	mm10	7
PRI	8	86154531	117174051	-1	mm10	2
PRI	8	117174051	127801909	-1	mm10	19
PRI	8	127801909	133581883	-1	mm10	7
PRI	8	0	10718083	-1	monDom5	4
PRI	8	10718083	30799442	1	monDom5	4
PRI	8	30799442	36681294	-1	monDom5	4
PRI	8	36681294	36865663	1	monDom5	4
PRI	8	36865663	37764055	-1	monDom5	4
PRI	8	37764055	44876648	1	monDom5	4
PRI	8	44876648	47387342	1	monDom5	4
PRI	8	47387342	58161510	1	monDom5	4
PRI	8	58161510	66286979	1	monDom5	4
PRI	8	66286979	66841061	1	monDom5	4
PRI	8	66841061	67178806	-1	monDom5	5
PRI	8	67178806	67370636	1	monDom5	5
PRI	8	67370636	73122159	1	monDom5	5
PRI	8	73122159	73524659	-1	monDom5	5
PRI	8	73524659	78083878	-1	monDom5	5
PRI	8	78083878	124266932	1	monDom5	5
PRI	8	124266932	126705557	-1	monDom5	8
PRI	8	126705557	129138571	1	monDom5	5
PRI	8	129138571	133581883	-1	monDom5	5
PRI	8	0	126705557	1	oryCun2	1
PRI	8	0	62840348	-1	panTro3	11
PRI	8	62840348	130247160	1	panTro3	11
PRI	8	130247160	133581883	-1	panTro3	11
PRI	8	0	133581883	-1	ponAbe2	11
PRI	8	0	42317009	-1	rheMac3	14
PRI	8	42317009	43110458	-1	rheMac3	14
PRI	8	43110458	48204083	-1	rheMac3	14
PRI	8	48204083	67750893	-1	rheMac3	14
PRI	8	67750893	69150458	1	rheMac3	8
PRI	8	69150458	78083878	-1	rheMac3	14
PRI	8	78083878	78561083	-1	rheMac3	14
PRI	8	78561083	126705557	-1	rheMac3	14
PRI	8	126705557	133581883	-1	rheMac3	14
PRI	8	0	27198319	1	rn4	8
PRI	8	27198319	44909525	1	rn4	8
PRI	8	44909525	76817071	1	rn4	1
PRI	8	76817071	86930998	1	rn4	1
PRI	8	86930998	117731488	-1	rn4	3
PRI	8	117731488	133581883	-1	rn4	1
PRI	8	0	27310690	-1	susScr2	9
PRI	8	27310690	28542893	1	susScr2	9
PRI	8	28542893	68390612	-1	susScr2	9
PRI	8	68390612	131790676	-1	susScr2	2
PRI	8	131790676	133581883	1	susScr2	2
PRI	8	0	3105665	1	bosTau7	29
PRI	8	3105665	4070728	-1	bosTau7	29
PRI	8	4070728	10609197	-1	bosTau7	29
PRI	8	10609197	27638710	-1	bosTau7	15
PRI	8	27638710	28418778	1	bosTau7	15
PRI	8	28418778	40111042	1	bosTau7	15
PRI	8	40111042	40391819	-1	bosTau7	15
PRI	8	40391819	58094061	1	bosTau7	29
PRI	8	58094061	77550839	-1	bosTau7	15
PRI	8	77550839	85837911	-1	bosTau7	29
PRI	8	85837911	116961013	1	bosTau7	15
PRI	8	116961013	133581883	1	bosTau7	29
PRI	8	0	24033263	-1	calJac3	11
PRI	8	24033263	24342700	1	calJac3	11
PRI	8	24342700	32257182	-1	calJac3	11
PRI	8	32257182	133581883	1	calJac3	11
PRI	8	0	33037436	1	canFam2	5
PRI	8	33037436	91116890	1	canFam2	21
PRI	8	91116890	107020113	-1	canFam2	18
PRI	8	107020113	118455692	-1	canFam2	18
PRI	8	118455692	132987345	-1	canFam2	18
PRI	8	132987345	133581883	-1	canFam2	18
PRI	8	0	2642779	1	capHir1	29
PRI	8	2642779	12102626	-1	capHir1	29
PRI	8	12102626	24342700	-1	capHir1	15
PRI	8	24342700	28055208	-1	capHir1	15
PRI	8	28055208	28875166	1	capHir1	15
PRI	8	28875166	40497179	1	capHir1	15
PRI	8	40497179	58009405	1	capHir1	29
PRI	8	58009405	77565579	-1	capHir1	15
PRI	8	77565579	86344008	-1	capHir1	29
PRI	8	86344008	117431063	1	capHir1	15
PRI	8	117431063	133581883	1	capHir1	29
PRI	8	0	40412741	-1	equCab2	7
PRI	8	40412741	95200558	1	equCab2	7
PRI	8	95200558	130247160	1	equCab2	12
PRI	8	130247160	131908091	-1	equCab2	12
PRI	8	131908091	133173604	-1	equCab2	12
PRI	8	133173604	133581883	1	equCab2	12
PRI	8	0	62840348	-1	gorGor3	11
PRI	8	62840348	130247160	1	gorGor3	11
PRI	8	130247160	133581883	-1	gorGor3	11
PRI	8	0	62840348	-1	hg19	11
PRI	8	62840348	130247160	1	hg19	11
PRI	8	130247160	133581883	-1	hg19	11
PRI	8	0	27119970	1	mm10	9
PRI	8	27119970	44759989	1	mm10	9
PRI	8	44759989	76779758	1	mm10	7
PRI	8	76779758	86154531	1	mm10	7
PRI	8	86154531	117174051	-1	mm10	2
PRI	8	117174051	127801909	-1	mm10	19
PRI	8	127801909	133581883	-1	mm10	7
PRI	8	0	10718083	-1	monDom5	4
PRI	8	10718083	30799442	1	monDom5	4
PRI	8	30799442	36681294	-1	monDom5	4
PRI	8	36681294	36865663	1	monDom5	4
PRI	8	36865663	37764055	-1	monDom5	4
PRI	8	37764055	44876648	1	monDom5	4
PRI	8	44876648	47387342	1	monDom5	4
PRI	8	47387342	58161510	1	monDom5	4
PRI	8	58161510	66286979	1	monDom5	4
PRI	8	66286979	66841061	1	monDom5	4
PRI	8	66841061	67178806	-1	monDom5	5
PRI	8	67178806	67370636	1	monDom5	5
PRI	8	67370636	73122159	1	monDom5	5
PRI	8	73122159	73524659	-1	monDom5	5
PRI	8	73524659	78083878	-1	monDom5	5
PRI	8	78083878	124266932	1	monDom5	5
PRI	8	124266932	126705557	-1	monDom5	8
PRI	8	126705557	129138571	1	monDom5	5
PRI	8	129138571	133581883	-1	monDom5	5
PRI	8	0	126705557	1	oryCun2	1
PRI	8	0	62840348	-1	panTro3	11
PRI	8	62840348	130247160	1	panTro3	11
PRI	8	130247160	133581883	-1	panTro3	11
PRI	8	0	133581883	-1	ponAbe2	11
PRI	8	0	42317009	-1	rheMac3	14
PRI	8	42317009	43110458	-1	rheMac3	14
PRI	8	43110458	48204083	-1	rheMac3	14
PRI	8	48204083	67750893	-1	rheMac3	14
PRI	8	67750893	69150458	1	rheMac3	8
PRI	8	69150458	78083878	-1	rheMac3	14
PRI	8	78083878	78561083	-1	rheMac3	14
PRI	8	78561083	126705557	-1	rheMac3	14
PRI	8	126705557	133581883	-1	rheMac3	14
PRI	8	0	27198319	1	rn4	8
PRI	8	27198319	44909525	1	rn4	8
PRI	8	44909525	76817071	1	rn4	1
PRI	8	76817071	86930998	1	rn4	1
PRI	8	86930998	117731488	-1	rn4	3
PRI	8	117731488	133581883	-1	rn4	1
PRI	8	0	27310690	-1	susScr2	9
PRI	8	27310690	28542893	1	susScr2	9
PRI	8	28542893	68390612	-1	susScr2	9
PRI	8	68390612	131790676	-1	susScr2	2
PRI	8	131790676	133581883	1	susScr2	2
PRI	8	0	3105665	1	bosTau7	29
PRI	8	3105665	4070728	-1	bosTau7	29
PRI	8	4070728	10609197	-1	bosTau7	29
PRI	8	10609197	27638710	-1	bosTau7	15
PRI	8	27638710	28418778	1	bosTau7	15
PRI	8	28418778	40111042	1	bosTau7	15
PRI	8	40111042	40391819	-1	bosTau7	15
PRI	8	40391819	58094061	1	bosTau7	29
PRI	8	58094061	77550839	-1	bosTau7	15
PRI	8	77550839	85837911	-1	bosTau7	29
PRI	8	85837911	116961013	1	bosTau7	15
PRI	8	116961013	133581883	1	bosTau7	29
PRI	8	0	24033263	-1	calJac3	11
PRI	8	24033263	24342700	1	calJac3	11
PRI	8	24342700	32257182	-1	calJac3	11
PRI	8	32257182	133581883	1	calJac3	11
PRI	8	0	33037436	1	canFam2	5
PRI	8	33037436	91116890	1	canFam2	21
PRI	8	91116890	107020113	-1	canFam2	18
PRI	8	107020113	118455692	-1	canFam2	18
PRI	8	118455692	132987345	-1	canFam2	18
PRI	8	132987345	133581883	-1	canFam2	18
PRI	8	0	2642779	1	capHir1	29
PRI	8	2642779	12102626	-1	capHir1	29
PRI	8	12102626	24342700	-1	capHir1	15
PRI	8	24342700	28055208	-1	capHir1	15
PRI	8	28055208	28875166	1	capHir1	15
PRI	8	28875166	40497179	1	capHir1	15
PRI	8	40497179	58009405	1	capHir1	29
PRI	8	58009405	77565579	-1	capHir1	15
PRI	8	77565579	86344008	-1	capHir1	29
PRI	8	86344008	117431063	1	capHir1	15
PRI	8	117431063	133581883	1	capHir1	29
PRI	8	0	40412741	-1	equCab2	7
PRI	8	40412741	95200558	1	equCab2	7
PRI	8	95200558	130247160	1	equCab2	12
PRI	8	130247160	131908091	-1	equCab2	12
PRI	8	131908091	133173604	-1	equCab2	12
PRI	8	133173604	133581883	1	equCab2	12
PRI	8	0	62840348	-1	gorGor3	11
PRI	8	62840348	130247160	1	gorGor3	11
PRI	8	130247160	133581883	-1	gorGor3	11
PRI	8	0	62840348	-1	hg19	11
PRI	8	62840348	130247160	1	hg19	11
PRI	8	130247160	133581883	-1	hg19	11
PRI	8	0	27119970	1	mm10	9
PRI	8	27119970	44759989	1	mm10	9
PRI	8	44759989	76779758	1	mm10	7
PRI	8	76779758	86154531	1	mm10	7
PRI	8	86154531	117174051	-1	mm10	2
PRI	8	117174051	127801909	-1	mm10	19
PRI	8	127801909	133581883	-1	mm10	7
PRI	8	0	10718083	-1	monDom5	4
PRI	8	10718083	30799442	1	monDom5	4
PRI	8	30799442	36681294	-1	monDom5	4
PRI	8	36681294	36865663	1	monDom5	4
PRI	8	36865663	37764055	-1	monDom5	4
PRI	8	37764055	44876648	1	monDom5	4
PRI	8	44876648	47387342	1	monDom5	4
PRI	8	47387342	58161510	1	monDom5	4
PRI	8	58161510	66286979	1	monDom5	4
PRI	8	66286979	66841061	1	monDom5	4
PRI	8	66841061	67178806	-1	monDom5	5
PRI	8	67178806	67370636	1	monDom5	5
PRI	8	67370636	73122159	1	monDom5	5
PRI	8	73122159	73524659	-1	monDom5	5
PRI	8	73524659	78083878	-1	monDom5	5
PRI	8	78083878	124266932	1	monDom5	5
PRI	8	124266932	126705557	-1	monDom5	8
PRI	8	126705557	129138571	1	monDom5	5
PRI	8	129138571	133581883	-1	monDom5	5
PRI	8	0	126705557	1	oryCun2	1
PRI	8	0	62840348	-1	panTro3	11
PRI	8	62840348	130247160	1	panTro3	11
PRI	8	130247160	133581883	-1	panTro3	11
PRI	8	0	133581883	-1	ponAbe2	11
PRI	8	0	42317009	-1	rheMac3	14
PRI	8	42317009	43110458	-1	rheMac3	14
PRI	8	43110458	48204083	-1	rheMac3	14
PRI	8	48204083	67750893	-1	rheMac3	14
PRI	8	67750893	69150458	1	rheMac3	8
PRI	8	69150458	78083878	-1	rheMac3	14
PRI	8	78083878	78561083	-1	rheMac3	14
PRI	8	78561083	126705557	-1	rheMac3	14
PRI	8	126705557	133581883	-1	rheMac3	14
PRI	8	0	27198319	1	rn4	8
PRI	8	27198319	44909525	1	rn4	8
PRI	8	44909525	76817071	1	rn4	1
PRI	8	76817071	86930998	1	rn4	1
PRI	8	86930998	117731488	-1	rn4	3
PRI	8	117731488	133581883	-1	rn4	1
PRI	8	0	27310690	-1	susScr2	9
PRI	8	27310690	28542893	1	susScr2	9
PRI	8	28542893	68390612	-1	susScr2	9
PRI	8	68390612	131790676	-1	susScr2	2
PRI	8	131790676	133581883	1	susScr2	2
PRI	8	0	3105665	1	bosTau7	29
PRI	8	3105665	4070728	-1	bosTau7	29
PRI	8	4070728	10609197	-1	bosTau7	29
PRI	8	10609197	27638710	-1	bosTau7	15
PRI	8	27638710	28418778	1	bosTau7	15
PRI	8	28418778	40111042	1	bosTau7	15
PRI	8	40111042	40391819	-1	bosTau7	15
PRI	8	40391819	58094061	1	bosTau7	29
PRI	8	58094061	77550839	-1	bosTau7	15
PRI	8	77550839	85837911	-1	bosTau7	29
PRI	8	85837911	116961013	1	bosTau7	15
PRI	8	116961013	133581883	1	bosTau7	29
PRI	8	0	24033263	-1	calJac3	11
PRI	8	24033263	24342700	1	calJac3	11
PRI	8	24342700	32257182	-1	calJac3	11
PRI	8	32257182	133581883	1	calJac3	11
PRI	8	0	33037436	1	canFam2	5
PRI	8	33037436	91116890	1	canFam2	21
PRI	8	91116890	107020113	-1	canFam2	18
PRI	8	107020113	118455692	-1	canFam2	18
PRI	8	118455692	132987345	-1	canFam2	18
PRI	8	132987345	133581883	-1	canFam2	18
PRI	8	0	2642779	1	capHir1	29
PRI	8	2642779	12102626	-1	capHir1	29
PRI	8	12102626	24342700	-1	capHir1	15
PRI	8	24342700	28055208	-1	capHir1	15
PRI	8	28055208	28875166	1	capHir1	15
PRI	8	28875166	40497179	1	capHir1	15
PRI	8	40497179	58009405	1	capHir1	29
PRI	8	58009405	77565579	-1	capHir1	15
PRI	8	77565579	86344008	-1	capHir1	29
PRI	8	86344008	117431063	1	capHir1	15
PRI	8	117431063	133581883	1	capHir1	29
PRI	8	0	40412741	-1	equCab2	7
PRI	8	40412741	95200558	1	equCab2	7
PRI	8	95200558	130247160	1	equCab2	12
PRI	8	130247160	131908091	-1	equCab2	12
PRI	8	131908091	133173604	-1	equCab2	12
PRI	8	133173604	133581883	1	equCab2	12
PRI	8	0	62840348	-1	gorGor3	11
PRI	8	62840348	130247160	1	gorGor3	11
PRI	8	130247160	133581883	-1	gorGor3	11
PRI	8	0	62840348	-1	hg19	11
PRI	8	62840348	130247160	1	hg19	11
PRI	8	130247160	133581883	-1	hg19	11
PRI	8	0	27119970	1	mm10	9
PRI	8	27119970	44759989	1	mm10	9
PRI	8	44759989	76779758	1	mm10	7
PRI	8	76779758	86154531	1	mm10	7
PRI	8	86154531	117174051	-1	mm10	2
PRI	8	117174051	127801909	-1	mm10	19
PRI	8	127801909	133581883	-1	mm10	7
PRI	8	0	10718083	-1	monDom5	4
PRI	8	10718083	30799442	1	monDom5	4
PRI	8	30799442	36681294	-1	monDom5	4
PRI	8	36681294	36865663	1	monDom5	4
PRI	8	36865663	37764055	-1	monDom5	4
PRI	8	37764055	44876648	1	monDom5	4
PRI	8	44876648	47387342	1	monDom5	4
PRI	8	47387342	58161510	1	monDom5	4
PRI	8	58161510	66286979	1	monDom5	4
PRI	8	66286979	66841061	1	monDom5	4
PRI	8	66841061	67178806	-1	monDom5	5
PRI	8	67178806	67370636	1	monDom5	5
PRI	8	67370636	73122159	1	monDom5	5
PRI	8	73122159	73524659	-1	monDom5	5
PRI	8	73524659	78083878	-1	monDom5	5
PRI	8	78083878	124266932	1	monDom5	5
PRI	8	124266932	126705557	-1	monDom5	8
PRI	8	126705557	129138571	1	monDom5	5
PRI	8	129138571	133581883	-1	monDom5	5
PRI	8	0	126705557	1	oryCun2	1
PRI	8	0	62840348	-1	panTro3	11
PRI	8	62840348	130247160	1	panTro3	11
PRI	8	130247160	133581883	-1	panTro3	11
PRI	8	0	133581883	-1	ponAbe2	11
PRI	8	0	42317009	-1	rheMac3	14
PRI	8	42317009	43110458	-1	rheMac3	14
PRI	8	43110458	48204083	-1	rheMac3	14
PRI	8	48204083	67750893	-1	rheMac3	14
PRI	8	67750893	69150458	1	rheMac3	8
PRI	8	69150458	78083878	-1	rheMac3	14
PRI	8	78083878	78561083	-1	rheMac3	14
PRI	8	78561083	126705557	-1	rheMac3	14
PRI	8	126705557	133581883	-1	rheMac3	14
PRI	8	0	27198319	1	rn4	8
PRI	8	27198319	44909525	1	rn4	8
PRI	8	44909525	76817071	1	rn4	1
PRI	8	76817071	86930998	1	rn4	1
PRI	8	86930998	117731488	-1	rn4	3
PRI	8	117731488	133581883	-1	rn4	1
PRI	8	0	27310690	-1	susScr2	9
PRI	8	27310690	28542893	1	susScr2	9
PRI	8	28542893	68390612	-1	susScr2	9
PRI	8	68390612	131790676	-1	susScr2	2
PRI	8	131790676	133581883	1	susScr2	2
PRI	8	0	3105665	1	bosTau7	29
PRI	8	3105665	4070728	-1	bosTau7	29
PRI	8	4070728	10609197	-1	bosTau7	29
PRI	8	10609197	27638710	-1	bosTau7	15
PRI	8	27638710	28418778	1	bosTau7	15
PRI	8	28418778	40111042	1	bosTau7	15
PRI	8	40111042	40391819	-1	bosTau7	15
PRI	8	40391819	58094061	1	bosTau7	29
PRI	8	58094061	77550839	-1	bosTau7	15
PRI	8	77550839	85837911	-1	bosTau7	29
PRI	8	85837911	116961013	1	bosTau7	15
PRI	8	116961013	133581883	1	bosTau7	29
PRI	8	0	24033263	-1	calJac3	11
PRI	8	24033263	24342700	1	calJac3	11
PRI	8	24342700	32257182	-1	calJac3	11
PRI	8	32257182	133581883	1	calJac3	11
PRI	8	0	33037436	1	canFam2	5
PRI	8	33037436	91116890	1	canFam2	21
PRI	8	91116890	107020113	-1	canFam2	18
PRI	8	107020113	118455692	-1	canFam2	18
PRI	8	118455692	132987345	-1	canFam2	18
PRI	8	132987345	133581883	-1	canFam2	18
PRI	8	0	2642779	1	capHir1	29
PRI	8	2642779	12102626	-1	capHir1	29
PRI	8	12102626	24342700	-1	capHir1	15
PRI	8	24342700	28055208	-1	capHir1	15
PRI	8	28055208	28875166	1	capHir1	15
PRI	8	28875166	40497179	1	capHir1	15
PRI	8	40497179	58009405	1	capHir1	29
PRI	8	58009405	77565579	-1	capHir1	15
PRI	8	77565579	86344008	-1	capHir1	29
PRI	8	86344008	117431063	1	capHir1	15
PRI	8	117431063	133581883	1	capHir1	29
PRI	8	0	40412741	-1	equCab2	7
PRI	8	40412741	95200558	1	equCab2	7
PRI	8	95200558	130247160	1	equCab2	12
PRI	8	130247160	131908091	-1	equCab2	12
PRI	8	131908091	133173604	-1	equCab2	12
PRI	8	133173604	133581883	1	equCab2	12
PRI	8	0	62840348	-1	gorGor3	11
PRI	8	62840348	130247160	1	gorGor3	11
PRI	8	130247160	133581883	-1	gorGor3	11
PRI	8	0	62840348	-1	hg19	11
PRI	8	62840348	130247160	1	hg19	11
PRI	8	130247160	133581883	-1	hg19	11
PRI	8	0	27119970	1	mm10	9
PRI	8	27119970	44759989	1	mm10	9
PRI	8	44759989	76779758	1	mm10	7
PRI	8	76779758	86154531	1	mm10	7
PRI	8	86154531	117174051	-1	mm10	2
PRI	8	117174051	127801909	-1	mm10	19
PRI	8	127801909	133581883	-1	mm10	7
PRI	8	0	10718083	-1	monDom5	4
PRI	8	10718083	30799442	1	monDom5	4
PRI	8	30799442	36681294	-1	monDom5	4
PRI	8	36681294	36865663	1	monDom5	4
PRI	8	36865663	37764055	-1	monDom5	4
PRI	8	37764055	44876648	1	monDom5	4
PRI	8	44876648	47387342	1	monDom5	4
PRI	8	47387342	58161510	1	monDom5	4
PRI	8	58161510	66286979	1	monDom5	4
PRI	8	66286979	66841061	1	monDom5	4
PRI	8	66841061	67178806	-1	monDom5	5
PRI	8	67178806	67370636	1	monDom5	5
PRI	8	67370636	73122159	1	monDom5	5
PRI	8	73122159	73524659	-1	monDom5	5
PRI	8	73524659	78083878	-1	monDom5	5
PRI	8	78083878	124266932	1	monDom5	5
PRI	8	124266932	126705557	-1	monDom5	8
PRI	8	126705557	129138571	1	monDom5	5
PRI	8	129138571	133581883	-1	monDom5	5
PRI	8	0	126705557	1	oryCun2	1
PRI	8	0	62840348	-1	panTro3	11
PRI	8	62840348	130247160	1	panTro3	11
PRI	8	130247160	133581883	-1	panTro3	11
PRI	8	0	133581883	-1	ponAbe2	11
PRI	8	0	42317009	-1	rheMac3	14
PRI	8	42317009	43110458	-1	rheMac3	14
PRI	8	43110458	48204083	-1	rheMac3	14
PRI	8	48204083	67750893	-1	rheMac3	14
PRI	8	67750893	69150458	1	rheMac3	8
PRI	8	69150458	78083878	-1	rheMac3	14
PRI	8	78083878	78561083	-1	rheMac3	14
PRI	8	78561083	126705557	-1	rheMac3	14
PRI	8	126705557	133581883	-1	rheMac3	14
PRI	8	0	27198319	1	rn4	8
PRI	8	27198319	44909525	1	rn4	8
PRI	8	44909525	76817071	1	rn4	1
PRI	8	76817071	86930998	1	rn4	1
PRI	8	86930998	117731488	-1	rn4	3
PRI	8	117731488	133581883	-1	rn4	1
PRI	8	0	27310690	-1	susScr2	9
PRI	8	27310690	28542893	1	susScr2	9
PRI	8	28542893	68390612	-1	susScr2	9
PRI	8	68390612	131790676	-1	susScr2	2
PRI	8	131790676	133581883	1	susScr2	2
PRI	8	0	3105665	1	bosTau7	29
PRI	8	3105665	4070728	-1	bosTau7	29
PRI	8	4070728	10609197	-1	bosTau7	29
PRI	8	10609197	27638710	-1	bosTau7	15
PRI	8	27638710	28418778	1	bosTau7	15
PRI	8	28418778	40111042	1	bosTau7	15
PRI	8	40111042	40391819	-1	bosTau7	15
PRI	8	40391819	58094061	1	bosTau7	29
PRI	8	58094061	77550839	-1	bosTau7	15
PRI	8	77550839	85837911	-1	bosTau7	29
PRI	8	85837911	116961013	1	bosTau7	15
PRI	8	116961013	133581883	1	bosTau7	29
PRI	8	0	24033263	-1	calJac3	11
PRI	8	24033263	24342700	1	calJac3	11
PRI	8	24342700	32257182	-1	calJac3	11
PRI	8	32257182	133581883	1	calJac3	11
PRI	8	0	33037436	1	canFam2	5
PRI	8	33037436	91116890	1	canFam2	21
PRI	8	91116890	107020113	-1	canFam2	18
PRI	8	107020113	118455692	-1	canFam2	18
PRI	8	118455692	132987345	-1	canFam2	18
PRI	8	132987345	133581883	-1	canFam2	18
PRI	8	0	2642779	1	capHir1	29
PRI	8	2642779	12102626	-1	capHir1	29
PRI	8	12102626	24342700	-1	capHir1	15
PRI	8	24342700	28055208	-1	capHir1	15
PRI	8	28055208	28875166	1	capHir1	15
PRI	8	28875166	40497179	1	capHir1	15
PRI	8	40497179	58009405	1	capHir1	29
PRI	8	58009405	77565579	-1	capHir1	15
PRI	8	77565579	86344008	-1	capHir1	29
PRI	8	86344008	117431063	1	capHir1	15
PRI	8	117431063	133581883	1	capHir1	29
PRI	8	0	40412741	-1	equCab2	7
PRI	8	40412741	95200558	1	equCab2	7
PRI	8	95200558	130247160	1	equCab2	12
PRI	8	130247160	131908091	-1	equCab2	12
PRI	8	131908091	133173604	-1	equCab2	12
PRI	8	133173604	133581883	1	equCab2	12
PRI	8	0	62840348	-1	gorGor3	11
PRI	8	62840348	130247160	1	gorGor3	11
PRI	8	130247160	133581883	-1	gorGor3	11
PRI	8	0	62840348	-1	hg19	11
PRI	8	62840348	130247160	1	hg19	11
PRI	8	130247160	133581883	-1	hg19	11
PRI	8	0	27119970	1	mm10	9
PRI	8	27119970	44759989	1	mm10	9
PRI	8	44759989	76779758	1	mm10	7
PRI	8	76779758	86154531	1	mm10	7
PRI	8	86154531	117174051	-1	mm10	2
PRI	8	117174051	127801909	-1	mm10	19
PRI	8	127801909	133581883	-1	mm10	7
PRI	8	0	10718083	-1	monDom5	4
PRI	8	10718083	30799442	1	monDom5	4
PRI	8	30799442	36681294	-1	monDom5	4
PRI	8	36681294	36865663	1	monDom5	4
PRI	8	36865663	37764055	-1	monDom5	4
PRI	8	37764055	44876648	1	monDom5	4
PRI	8	44876648	47387342	1	monDom5	4
PRI	8	47387342	58161510	1	monDom5	4
PRI	8	58161510	66286979	1	monDom5	4
PRI	8	66286979	66841061	1	monDom5	4
PRI	8	66841061	67178806	-1	monDom5	5
PRI	8	67178806	67370636	1	monDom5	5
PRI	8	67370636	73122159	1	monDom5	5
PRI	8	73122159	73524659	-1	monDom5	5
PRI	8	73524659	78083878	-1	monDom5	5
PRI	8	78083878	124266932	1	monDom5	5
PRI	8	124266932	126705557	-1	monDom5	8
PRI	8	126705557	129138571	1	monDom5	5
PRI	8	129138571	133581883	-1	monDom5	5
PRI	8	0	126705557	1	oryCun2	1
PRI	8	0	62840348	-1	panTro3	11
PRI	8	62840348	130247160	1	panTro3	11
PRI	8	130247160	133581883	-1	panTro3	11
PRI	8	0	133581883	-1	ponAbe2	11
PRI	8	0	42317009	-1	rheMac3	14
PRI	8	42317009	43110458	-1	rheMac3	14
PRI	8	43110458	48204083	-1	rheMac3	14
PRI	8	48204083	67750893	-1	rheMac3	14
PRI	8	67750893	69150458	1	rheMac3	8
PRI	8	69150458	78083878	-1	rheMac3	14
PRI	8	78083878	78561083	-1	rheMac3	14
PRI	8	78561083	126705557	-1	rheMac3	14
PRI	8	126705557	133581883	-1	rheMac3	14
PRI	8	0	27198319	1	rn4	8
PRI	8	27198319	44909525	1	rn4	8
PRI	8	44909525	76817071	1	rn4	1
PRI	8	76817071	86930998	1	rn4	1
PRI	8	86930998	117731488	-1	rn4	3
PRI	8	117731488	133581883	-1	rn4	1
PRI	8	0	27310690	-1	susScr2	9
PRI	8	27310690	28542893	1	susScr2	9
PRI	8	28542893	68390612	-1	susScr2	9
PRI	8	68390612	131790676	-1	susScr2	2
PRI	8	131790676	133581883	1	susScr2	2
PRI	8	0	3105665	1	bosTau7	29
PRI	8	3105665	4070728	-1	bosTau7	29
PRI	8	4070728	10609197	-1	bosTau7	29
PRI	8	10609197	27638710	-1	bosTau7	15
PRI	8	27638710	28418778	1	bosTau7	15
PRI	8	28418778	40111042	1	bosTau7	15
PRI	8	40111042	40391819	-1	bosTau7	15
PRI	8	40391819	58094061	1	bosTau7	29
PRI	8	58094061	77550839	-1	bosTau7	15
PRI	8	77550839	85837911	-1	bosTau7	29
PRI	8	85837911	116961013	1	bosTau7	15
PRI	8	116961013	133581883	1	bosTau7	29
PRI	8	0	24033263	-1	calJac3	11
PRI	8	24033263	24342700	1	calJac3	11
PRI	8	24342700	32257182	-1	calJac3	11
PRI	8	32257182	133581883	1	calJac3	11
PRI	8	0	33037436	1	canFam2	5
PRI	8	33037436	91116890	1	canFam2	21
PRI	8	91116890	107020113	-1	canFam2	18
PRI	8	107020113	118455692	-1	canFam2	18
PRI	8	118455692	132987345	-1	canFam2	18
PRI	8	132987345	133581883	-1	canFam2	18
PRI	8	0	2642779	1	capHir1	29
PRI	8	2642779	12102626	-1	capHir1	29
PRI	8	12102626	24342700	-1	capHir1	15
PRI	8	24342700	28055208	-1	capHir1	15
PRI	8	28055208	28875166	1	capHir1	15
PRI	8	28875166	40497179	1	capHir1	15
PRI	8	40497179	58009405	1	capHir1	29
PRI	8	58009405	77565579	-1	capHir1	15
PRI	8	77565579	86344008	-1	capHir1	29
PRI	8	86344008	117431063	1	capHir1	15
PRI	8	117431063	133581883	1	capHir1	29
PRI	8	0	40412741	-1	equCab2	7
PRI	8	40412741	95200558	1	equCab2	7
PRI	8	95200558	130247160	1	equCab2	12
PRI	8	130247160	131908091	-1	equCab2	12
PRI	8	131908091	133173604	-1	equCab2	12
PRI	8	133173604	133581883	1	equCab2	12
PRI	8	0	62840348	-1	gorGor3	11
PRI	8	62840348	130247160	1	gorGor3	11
PRI	8	130247160	133581883	-1	gorGor3	11
PRI	8	0	62840348	-1	hg19	11
PRI	8	62840348	130247160	1	hg19	11
PRI	8	130247160	133581883	-1	hg19	11
PRI	8	0	27119970	1	mm10	9
PRI	8	27119970	44759989	1	mm10	9
PRI	8	44759989	76779758	1	mm10	7
PRI	8	76779758	86154531	1	mm10	7
PRI	8	86154531	117174051	-1	mm10	2
PRI	8	117174051	127801909	-1	mm10	19
PRI	8	127801909	133581883	-1	mm10	7
PRI	8	0	10718083	-1	monDom5	4
PRI	8	10718083	30799442	1	monDom5	4
PRI	8	30799442	36681294	-1	monDom5	4
PRI	8	36681294	36865663	1	monDom5	4
PRI	8	36865663	37764055	-1	monDom5	4
PRI	8	37764055	44876648	1	monDom5	4
PRI	8	44876648	47387342	1	monDom5	4
PRI	8	47387342	58161510	1	monDom5	4
PRI	8	58161510	66286979	1	monDom5	4
PRI	8	66286979	66841061	1	monDom5	4
PRI	8	66841061	67178806	-1	monDom5	5
PRI	8	67178806	67370636	1	monDom5	5
PRI	8	67370636	73122159	1	monDom5	5
PRI	8	73122159	73524659	-1	monDom5	5
PRI	8	73524659	78083878	-1	monDom5	5
PRI	8	78083878	124266932	1	monDom5	5
PRI	8	124266932	126705557	-1	monDom5	8
PRI	8	126705557	129138571	1	monDom5	5
PRI	8	129138571	133581883	-1	monDom5	5
PRI	8	0	126705557	1	oryCun2	1
PRI	8	0	62840348	-1	panTro3	11
PRI	8	62840348	130247160	1	panTro3	11
PRI	8	130247160	133581883	-1	panTro3	11
PRI	8	0	133581883	-1	ponAbe2	11
PRI	8	0	42317009	-1	rheMac3	14
PRI	8	42317009	43110458	-1	rheMac3	14
PRI	8	43110458	48204083	-1	rheMac3	14
PRI	8	48204083	67750893	-1	rheMac3	14
PRI	8	67750893	69150458	1	rheMac3	8
PRI	8	69150458	78083878	-1	rheMac3	14
PRI	8	78083878	78561083	-1	rheMac3	14
PRI	8	78561083	126705557	-1	rheMac3	14
PRI	8	126705557	133581883	-1	rheMac3	14
PRI	8	0	27198319	1	rn4	8
PRI	8	27198319	44909525	1	rn4	8
PRI	8	44909525	76817071	1	rn4	1
PRI	8	76817071	86930998	1	rn4	1
PRI	8	86930998	117731488	-1	rn4	3
PRI	8	117731488	133581883	-1	rn4	1
PRI	8	0	27310690	-1	susScr2	9
PRI	8	27310690	28542893	1	susScr2	9
PRI	8	28542893	68390612	-1	susScr2	9
PRI	8	68390612	131790676	-1	susScr2	2
PRI	8	131790676	133581883	1	susScr2	2
