PRI	24	0	12053537	-1	bosTau7	5
PRI	24	12053537	18789016	-1	bosTau7	5
PRI	24	18789016	25852051	-1	bosTau7	17
PRI	24	25852051	27535195	1	bosTau7	17
PRI	24	27535195	27939236	-1	bosTau7	17
PRI	24	27939236	29072818	1	bosTau7	17
PRI	24	29384361	29814323	1	bosTau7	17
PRI	24	29814323	30469736	-1	bosTau7	17
PRI	24	30469736	32053174	-1	bosTau7	5
PRI	24	0	16158289	-1	calJac3	1
PRI	24	16158289	16850268	1	calJac3	1
PRI	24	16850268	32053174	-1	calJac3	1
PRI	24	0	18380679	1	canFam2	10
PRI	24	18380679	25852051	-1	canFam2	26
PRI	24	25852051	28007630	-1	canFam2	26
PRI	24	28007630	28186658	1	canFam2	26
PRI	24	28186658	29359206	-1	canFam2	26
PRI	24	29359206	29384361	1	canFam2	26
PRI	24	29384361	30867195	1	canFam2	26
PRI	24	30867195	32053174	-1	canFam2	27
PRI	24	0	1901117	-1	capHir1	5
PRI	24	1901117	4720517	-1	capHir1	5
PRI	24	4720517	5219164	1	capHir1	5
PRI	24	5219164	12904556	-1	capHir1	5
PRI	24	12904556	18732994	-1	capHir1	5
PRI	24	18732994	25852051	-1	capHir1	17
PRI	24	25852051	29072818	1	capHir1	17
PRI	24	29384361	30776664	-1	capHir1	17
PRI	24	30776664	32053174	-1	capHir1	5
PRI	24	0	18430796	-1	equCab2	28
PRI	24	18430796	25852051	1	equCab2	8
PRI	24	25852051	27167798	-1	equCab2	8
PRI	24	27167798	28048654	1	equCab2	8
PRI	24	28048654	29384361	-1	equCab2	8
PRI	24	29384361	32053174	1	equCab2	6
PRI	24	0	7004883	-1	galGal3	1
PRI	24	7004883	11424764	-1	galGal3	1
PRI	24	11424764	19216130	1	galGal3	1
PRI	24	19216130	20459107	1	galGal3	15
PRI	24	20459107	22255366	1	galGal3	15
PRI	24	22255366	25852051	-1	galGal3	15
PRI	24	25852051	29072818	1	galGal3	15
PRI	24	29384361	31446193	-1	galGal3	15
PRI	24	31446193	32053174	-1	galGal3	1
PRI	24	0	29072818	-1	gorGor3	22
PRI	24	29072818	29384361	1	gorGor3	22
PRI	24	29384361	32053174	-1	gorGor3	22
PRI	24	0	29072818	-1	hg19	22
PRI	24	29072818	29384361	1	hg19	22
PRI	24	29384361	32053174	-1	hg19	22
PRI	24	0	15155307	-1	mm10	15
PRI	24	15155307	17746698	-1	mm10	8
PRI	24	17746698	18530691	-1	mm10	10
PRI	24	18530691	19099181	-1	mm10	5
PRI	24	19099181	22377593	1	mm10	11
PRI	24	22377593	25852051	1	mm10	5
PRI	24	25852051	27933510	-1	mm10	10
PRI	24	27933510	30868357	1	mm10	16
PRI	24	30868357	32053174	-1	mm10	6
PRI	24	0	1726250	-1	monDom5	8
PRI	24	1726250	7020877	-1	monDom5	8
PRI	24	7020877	8796770	-1	monDom5	8
PRI	24	8796770	9348372	1	monDom5	8
PRI	24	9348372	10103810	-1	monDom5	8
PRI	24	10103810	10677055	1	monDom5	8
PRI	24	10677055	11168729	-1	monDom5	8
PRI	24	11168729	11980910	1	monDom5	8
PRI	24	11980910	18153263	-1	monDom5	8
PRI	24	18153263	19148360	-1	monDom5	3
PRI	24	19148360	23977764	-1	monDom5	3
PRI	24	23977764	25852051	-1	monDom5	3
PRI	24	25852051	29072818	-1	monDom5	3
PRI	24	29072818	29384361	-1	monDom5	3
PRI	24	29384361	30374277	1	monDom5	3
PRI	24	30374277	31080555	-1	monDom5	3
PRI	24	31080555	32053174	-1	monDom5	8
PRI	24	0	21019189	1	oryCun2	4
PRI	24	21019189	25396089	-1	oryCun2	21
PRI	24	25852051	26637686	-1	oryCun2	21
PRI	24	26637686	29072818	-1	oryCun2	21
PRI	24	29384361	32053174	-1	oryCun2	8
PRI	24	0	29072818	-1	panTro3	22
PRI	24	29072818	29384361	1	panTro3	22
PRI	24	29384361	32053174	-1	panTro3	22
PRI	24	0	29072818	-1	ponAbe2	22
PRI	24	29072818	29384361	1	ponAbe2	22
PRI	24	29384361	32053174	-1	ponAbe2	22
PRI	24	0	25396089	-1	rheMac3	10
PRI	24	25396089	25852051	1	rheMac3	10
PRI	24	25852051	32053174	-1	rheMac3	10
PRI	24	0	15191526	-1	rn4	7
PRI	24	15191526	17630726	-1	rn4	19
PRI	24	17630726	18484512	1	rn4	7
PRI	24	18484512	22764874	1	rn4	14
PRI	24	22764874	24806607	-1	rn4	12
PRI	24	24806607	25396089	1	rn4	19
PRI	24	25396089	25852051	-1	rn4	12
PRI	24	25852051	27712994	1	rn4	20
PRI	24	27712994	30713027	-1	rn4	11
PRI	24	30713027	32053174	-1	rn4	4
PRI	24	0	862474	1	susScr2	5
PRI	24	862474	18259400	1	susScr2	5
PRI	24	18259400	25852051	-1	susScr2	14
PRI	24	25852051	26264703	1	susScr2	14
PRI	24	26264703	27638610	-1	susScr2	14
PRI	24	27638610	29384361	1	susScr2	14
PRI	24	29384361	29962702	-1	susScr2	14
PRI	24	29962702	30253414	1	susScr2	14
PRI	24	30253414	30848904	-1	susScr2	14
PRI	24	30848904	32053174	-1	susScr2	5
PRI	24	0	12053537	-1	bosTau7	5
PRI	24	12053537	18789016	-1	bosTau7	5
PRI	24	18789016	25852051	-1	bosTau7	17
PRI	24	25852051	27535195	1	bosTau7	17
PRI	24	27535195	27939236	-1	bosTau7	17
PRI	24	27939236	29072818	1	bosTau7	17
PRI	24	29384361	29814323	1	bosTau7	17
PRI	24	29814323	30469736	-1	bosTau7	17
PRI	24	30469736	32053174	-1	bosTau7	5
PRI	24	0	16158289	-1	calJac3	1
PRI	24	16158289	16850268	1	calJac3	1
PRI	24	16850268	32053174	-1	calJac3	1
PRI	24	0	18380679	1	canFam2	10
PRI	24	18380679	25852051	-1	canFam2	26
PRI	24	25852051	28007630	-1	canFam2	26
PRI	24	28007630	28186658	1	canFam2	26
PRI	24	28186658	29359206	-1	canFam2	26
PRI	24	29359206	29384361	1	canFam2	26
PRI	24	29384361	30867195	1	canFam2	26
PRI	24	30867195	32053174	-1	canFam2	27
PRI	24	0	1901117	-1	capHir1	5
PRI	24	1901117	4720517	-1	capHir1	5
PRI	24	4720517	5219164	1	capHir1	5
PRI	24	5219164	12904556	-1	capHir1	5
PRI	24	12904556	18732994	-1	capHir1	5
PRI	24	18732994	25852051	-1	capHir1	17
PRI	24	25852051	29072818	1	capHir1	17
PRI	24	29384361	30776664	-1	capHir1	17
PRI	24	30776664	32053174	-1	capHir1	5
PRI	24	0	18430796	-1	equCab2	28
PRI	24	18430796	25852051	1	equCab2	8
PRI	24	25852051	27167798	-1	equCab2	8
PRI	24	27167798	28048654	1	equCab2	8
PRI	24	28048654	29384361	-1	equCab2	8
PRI	24	29384361	32053174	1	equCab2	6
PRI	24	0	7004883	-1	galGal3	1
PRI	24	7004883	11424764	-1	galGal3	1
PRI	24	11424764	19216130	1	galGal3	1
PRI	24	19216130	20459107	1	galGal3	15
PRI	24	20459107	22255366	1	galGal3	15
PRI	24	22255366	25852051	-1	galGal3	15
PRI	24	25852051	29072818	1	galGal3	15
PRI	24	29384361	31446193	-1	galGal3	15
PRI	24	31446193	32053174	-1	galGal3	1
PRI	24	0	29072818	-1	gorGor3	22
PRI	24	29072818	29384361	1	gorGor3	22
PRI	24	29384361	32053174	-1	gorGor3	22
PRI	24	0	29072818	-1	hg19	22
PRI	24	29072818	29384361	1	hg19	22
PRI	24	29384361	32053174	-1	hg19	22
PRI	24	0	15155307	-1	mm10	15
PRI	24	15155307	17746698	-1	mm10	8
PRI	24	17746698	18530691	-1	mm10	10
PRI	24	18530691	19099181	-1	mm10	5
PRI	24	19099181	22377593	1	mm10	11
PRI	24	22377593	25852051	1	mm10	5
PRI	24	25852051	27933510	-1	mm10	10
PRI	24	27933510	30868357	1	mm10	16
PRI	24	30868357	32053174	-1	mm10	6
PRI	24	0	1726250	-1	monDom5	8
PRI	24	1726250	7020877	-1	monDom5	8
PRI	24	7020877	8796770	-1	monDom5	8
PRI	24	8796770	9348372	1	monDom5	8
PRI	24	9348372	10103810	-1	monDom5	8
PRI	24	10103810	10677055	1	monDom5	8
PRI	24	10677055	11168729	-1	monDom5	8
PRI	24	11168729	11980910	1	monDom5	8
PRI	24	11980910	18153263	-1	monDom5	8
PRI	24	18153263	19148360	-1	monDom5	3
PRI	24	19148360	23977764	-1	monDom5	3
PRI	24	23977764	25852051	-1	monDom5	3
PRI	24	25852051	29072818	-1	monDom5	3
PRI	24	29072818	29384361	-1	monDom5	3
PRI	24	29384361	30374277	1	monDom5	3
PRI	24	30374277	31080555	-1	monDom5	3
PRI	24	31080555	32053174	-1	monDom5	8
PRI	24	0	21019189	1	oryCun2	4
PRI	24	21019189	25396089	-1	oryCun2	21
PRI	24	25852051	26637686	-1	oryCun2	21
PRI	24	26637686	29072818	-1	oryCun2	21
PRI	24	29384361	32053174	-1	oryCun2	8
PRI	24	0	29072818	-1	panTro3	22
PRI	24	29072818	29384361	1	panTro3	22
PRI	24	29384361	32053174	-1	panTro3	22
PRI	24	0	29072818	-1	ponAbe2	22
PRI	24	29072818	29384361	1	ponAbe2	22
PRI	24	29384361	32053174	-1	ponAbe2	22
PRI	24	0	25396089	-1	rheMac3	10
PRI	24	25396089	25852051	1	rheMac3	10
PRI	24	25852051	32053174	-1	rheMac3	10
PRI	24	0	15191526	-1	rn4	7
PRI	24	15191526	17630726	-1	rn4	19
PRI	24	17630726	18484512	1	rn4	7
PRI	24	18484512	22764874	1	rn4	14
PRI	24	22764874	24806607	-1	rn4	12
PRI	24	24806607	25396089	1	rn4	19
PRI	24	25396089	25852051	-1	rn4	12
PRI	24	25852051	27712994	1	rn4	20
PRI	24	27712994	30713027	-1	rn4	11
PRI	24	30713027	32053174	-1	rn4	4
PRI	24	0	862474	1	susScr2	5
PRI	24	862474	18259400	1	susScr2	5
PRI	24	18259400	25852051	-1	susScr2	14
PRI	24	25852051	26264703	1	susScr2	14
PRI	24	26264703	27638610	-1	susScr2	14
PRI	24	27638610	29384361	1	susScr2	14
PRI	24	29384361	29962702	-1	susScr2	14
PRI	24	29962702	30253414	1	susScr2	14
PRI	24	30253414	30848904	-1	susScr2	14
PRI	24	30848904	32053174	-1	susScr2	5
PRI	24	0	12053537	-1	bosTau7	5
PRI	24	12053537	18789016	-1	bosTau7	5
PRI	24	18789016	25852051	-1	bosTau7	17
PRI	24	25852051	27535195	1	bosTau7	17
PRI	24	27535195	27939236	-1	bosTau7	17
PRI	24	27939236	29072818	1	bosTau7	17
PRI	24	29384361	29814323	1	bosTau7	17
PRI	24	29814323	30469736	-1	bosTau7	17
PRI	24	30469736	32053174	-1	bosTau7	5
PRI	24	0	16158289	-1	calJac3	1
PRI	24	16158289	16850268	1	calJac3	1
PRI	24	16850268	32053174	-1	calJac3	1
PRI	24	0	18380679	1	canFam2	10
PRI	24	18380679	25852051	-1	canFam2	26
PRI	24	25852051	28007630	-1	canFam2	26
PRI	24	28007630	28186658	1	canFam2	26
PRI	24	28186658	29359206	-1	canFam2	26
PRI	24	29359206	29384361	1	canFam2	26
PRI	24	29384361	30867195	1	canFam2	26
PRI	24	30867195	32053174	-1	canFam2	27
PRI	24	0	1901117	-1	capHir1	5
PRI	24	1901117	4720517	-1	capHir1	5
PRI	24	4720517	5219164	1	capHir1	5
PRI	24	5219164	12904556	-1	capHir1	5
PRI	24	12904556	18732994	-1	capHir1	5
PRI	24	18732994	25852051	-1	capHir1	17
PRI	24	25852051	29072818	1	capHir1	17
PRI	24	29384361	30776664	-1	capHir1	17
PRI	24	30776664	32053174	-1	capHir1	5
PRI	24	0	18430796	-1	equCab2	28
PRI	24	18430796	25852051	1	equCab2	8
PRI	24	25852051	27167798	-1	equCab2	8
PRI	24	27167798	28048654	1	equCab2	8
PRI	24	28048654	29384361	-1	equCab2	8
PRI	24	29384361	32053174	1	equCab2	6
PRI	24	0	7004883	-1	galGal3	1
PRI	24	7004883	11424764	-1	galGal3	1
PRI	24	11424764	19216130	1	galGal3	1
PRI	24	19216130	20459107	1	galGal3	15
PRI	24	20459107	22255366	1	galGal3	15
PRI	24	22255366	25852051	-1	galGal3	15
PRI	24	25852051	29072818	1	galGal3	15
PRI	24	29384361	31446193	-1	galGal3	15
PRI	24	31446193	32053174	-1	galGal3	1
PRI	24	0	29072818	-1	gorGor3	22
PRI	24	29072818	29384361	1	gorGor3	22
PRI	24	29384361	32053174	-1	gorGor3	22
PRI	24	0	29072818	-1	hg19	22
PRI	24	29072818	29384361	1	hg19	22
PRI	24	29384361	32053174	-1	hg19	22
PRI	24	0	15155307	-1	mm10	15
PRI	24	15155307	17746698	-1	mm10	8
PRI	24	17746698	18530691	-1	mm10	10
PRI	24	18530691	19099181	-1	mm10	5
PRI	24	19099181	22377593	1	mm10	11
PRI	24	22377593	25852051	1	mm10	5
PRI	24	25852051	27933510	-1	mm10	10
PRI	24	27933510	30868357	1	mm10	16
PRI	24	30868357	32053174	-1	mm10	6
PRI	24	0	1726250	-1	monDom5	8
PRI	24	1726250	7020877	-1	monDom5	8
PRI	24	7020877	8796770	-1	monDom5	8
PRI	24	8796770	9348372	1	monDom5	8
PRI	24	9348372	10103810	-1	monDom5	8
PRI	24	10103810	10677055	1	monDom5	8
PRI	24	10677055	11168729	-1	monDom5	8
PRI	24	11168729	11980910	1	monDom5	8
PRI	24	11980910	18153263	-1	monDom5	8
PRI	24	18153263	19148360	-1	monDom5	3
PRI	24	19148360	23977764	-1	monDom5	3
PRI	24	23977764	25852051	-1	monDom5	3
PRI	24	25852051	29072818	-1	monDom5	3
PRI	24	29072818	29384361	-1	monDom5	3
PRI	24	29384361	30374277	1	monDom5	3
PRI	24	30374277	31080555	-1	monDom5	3
PRI	24	31080555	32053174	-1	monDom5	8
PRI	24	0	21019189	1	oryCun2	4
PRI	24	21019189	25396089	-1	oryCun2	21
PRI	24	25852051	26637686	-1	oryCun2	21
PRI	24	26637686	29072818	-1	oryCun2	21
PRI	24	29384361	32053174	-1	oryCun2	8
PRI	24	0	29072818	-1	panTro3	22
PRI	24	29072818	29384361	1	panTro3	22
PRI	24	29384361	32053174	-1	panTro3	22
PRI	24	0	29072818	-1	ponAbe2	22
PRI	24	29072818	29384361	1	ponAbe2	22
PRI	24	29384361	32053174	-1	ponAbe2	22
PRI	24	0	25396089	-1	rheMac3	10
PRI	24	25396089	25852051	1	rheMac3	10
PRI	24	25852051	32053174	-1	rheMac3	10
PRI	24	0	15191526	-1	rn4	7
PRI	24	15191526	17630726	-1	rn4	19
PRI	24	17630726	18484512	1	rn4	7
PRI	24	18484512	22764874	1	rn4	14
PRI	24	22764874	24806607	-1	rn4	12
PRI	24	24806607	25396089	1	rn4	19
PRI	24	25396089	25852051	-1	rn4	12
PRI	24	25852051	27712994	1	rn4	20
PRI	24	27712994	30713027	-1	rn4	11
PRI	24	30713027	32053174	-1	rn4	4
PRI	24	0	862474	1	susScr2	5
PRI	24	862474	18259400	1	susScr2	5
PRI	24	18259400	25852051	-1	susScr2	14
PRI	24	25852051	26264703	1	susScr2	14
PRI	24	26264703	27638610	-1	susScr2	14
PRI	24	27638610	29384361	1	susScr2	14
PRI	24	29384361	29962702	-1	susScr2	14
PRI	24	29962702	30253414	1	susScr2	14
PRI	24	30253414	30848904	-1	susScr2	14
PRI	24	30848904	32053174	-1	susScr2	5
PRI	24	0	12053537	-1	bosTau7	5
PRI	24	12053537	18789016	-1	bosTau7	5
PRI	24	18789016	25852051	-1	bosTau7	17
PRI	24	25852051	27535195	1	bosTau7	17
PRI	24	27535195	27939236	-1	bosTau7	17
PRI	24	27939236	29072818	1	bosTau7	17
PRI	24	29384361	29814323	1	bosTau7	17
PRI	24	29814323	30469736	-1	bosTau7	17
PRI	24	30469736	32053174	-1	bosTau7	5
PRI	24	0	16158289	-1	calJac3	1
PRI	24	16158289	16850268	1	calJac3	1
PRI	24	16850268	32053174	-1	calJac3	1
PRI	24	0	18380679	1	canFam2	10
PRI	24	18380679	25852051	-1	canFam2	26
PRI	24	25852051	28007630	-1	canFam2	26
PRI	24	28007630	28186658	1	canFam2	26
PRI	24	28186658	29359206	-1	canFam2	26
PRI	24	29359206	29384361	1	canFam2	26
PRI	24	29384361	30867195	1	canFam2	26
PRI	24	30867195	32053174	-1	canFam2	27
PRI	24	0	1901117	-1	capHir1	5
PRI	24	1901117	4720517	-1	capHir1	5
PRI	24	4720517	5219164	1	capHir1	5
PRI	24	5219164	12904556	-1	capHir1	5
PRI	24	12904556	18732994	-1	capHir1	5
PRI	24	18732994	25852051	-1	capHir1	17
PRI	24	25852051	29072818	1	capHir1	17
PRI	24	29384361	30776664	-1	capHir1	17
PRI	24	30776664	32053174	-1	capHir1	5
PRI	24	0	18430796	-1	equCab2	28
PRI	24	18430796	25852051	1	equCab2	8
PRI	24	25852051	27167798	-1	equCab2	8
PRI	24	27167798	28048654	1	equCab2	8
PRI	24	28048654	29384361	-1	equCab2	8
PRI	24	29384361	32053174	1	equCab2	6
PRI	24	0	7004883	-1	galGal3	1
PRI	24	7004883	11424764	-1	galGal3	1
PRI	24	11424764	19216130	1	galGal3	1
PRI	24	19216130	20459107	1	galGal3	15
PRI	24	20459107	22255366	1	galGal3	15
PRI	24	22255366	25852051	-1	galGal3	15
PRI	24	25852051	29072818	1	galGal3	15
PRI	24	29384361	31446193	-1	galGal3	15
PRI	24	31446193	32053174	-1	galGal3	1
PRI	24	0	29072818	-1	gorGor3	22
PRI	24	29072818	29384361	1	gorGor3	22
PRI	24	29384361	32053174	-1	gorGor3	22
PRI	24	0	29072818	-1	hg19	22
PRI	24	29072818	29384361	1	hg19	22
PRI	24	29384361	32053174	-1	hg19	22
PRI	24	0	15155307	-1	mm10	15
PRI	24	15155307	17746698	-1	mm10	8
PRI	24	17746698	18530691	-1	mm10	10
PRI	24	18530691	19099181	-1	mm10	5
PRI	24	19099181	22377593	1	mm10	11
PRI	24	22377593	25852051	1	mm10	5
PRI	24	25852051	27933510	-1	mm10	10
PRI	24	27933510	30868357	1	mm10	16
PRI	24	30868357	32053174	-1	mm10	6
PRI	24	0	1726250	-1	monDom5	8
PRI	24	1726250	7020877	-1	monDom5	8
PRI	24	7020877	8796770	-1	monDom5	8
PRI	24	8796770	9348372	1	monDom5	8
PRI	24	9348372	10103810	-1	monDom5	8
PRI	24	10103810	10677055	1	monDom5	8
PRI	24	10677055	11168729	-1	monDom5	8
PRI	24	11168729	11980910	1	monDom5	8
PRI	24	11980910	18153263	-1	monDom5	8
PRI	24	18153263	19148360	-1	monDom5	3
PRI	24	19148360	23977764	-1	monDom5	3
PRI	24	23977764	25852051	-1	monDom5	3
PRI	24	25852051	29072818	-1	monDom5	3
PRI	24	29072818	29384361	-1	monDom5	3
PRI	24	29384361	30374277	1	monDom5	3
PRI	24	30374277	31080555	-1	monDom5	3
PRI	24	31080555	32053174	-1	monDom5	8
PRI	24	0	21019189	1	oryCun2	4
PRI	24	21019189	25396089	-1	oryCun2	21
PRI	24	25852051	26637686	-1	oryCun2	21
PRI	24	26637686	29072818	-1	oryCun2	21
PRI	24	29384361	32053174	-1	oryCun2	8
PRI	24	0	29072818	-1	panTro3	22
PRI	24	29072818	29384361	1	panTro3	22
PRI	24	29384361	32053174	-1	panTro3	22
PRI	24	0	29072818	-1	ponAbe2	22
PRI	24	29072818	29384361	1	ponAbe2	22
PRI	24	29384361	32053174	-1	ponAbe2	22
PRI	24	0	25396089	-1	rheMac3	10
PRI	24	25396089	25852051	1	rheMac3	10
PRI	24	25852051	32053174	-1	rheMac3	10
PRI	24	0	15191526	-1	rn4	7
PRI	24	15191526	17630726	-1	rn4	19
PRI	24	17630726	18484512	1	rn4	7
PRI	24	18484512	22764874	1	rn4	14
PRI	24	22764874	24806607	-1	rn4	12
PRI	24	24806607	25396089	1	rn4	19
PRI	24	25396089	25852051	-1	rn4	12
PRI	24	25852051	27712994	1	rn4	20
PRI	24	27712994	30713027	-1	rn4	11
PRI	24	30713027	32053174	-1	rn4	4
PRI	24	0	862474	1	susScr2	5
PRI	24	862474	18259400	1	susScr2	5
PRI	24	18259400	25852051	-1	susScr2	14
PRI	24	25852051	26264703	1	susScr2	14
PRI	24	26264703	27638610	-1	susScr2	14
PRI	24	27638610	29384361	1	susScr2	14
PRI	24	29384361	29962702	-1	susScr2	14
PRI	24	29962702	30253414	1	susScr2	14
PRI	24	30253414	30848904	-1	susScr2	14
PRI	24	30848904	32053174	-1	susScr2	5
PRI	24	0	12053537	-1	bosTau7	5
PRI	24	12053537	18789016	-1	bosTau7	5
PRI	24	18789016	25852051	-1	bosTau7	17
PRI	24	25852051	27535195	1	bosTau7	17
PRI	24	27535195	27939236	-1	bosTau7	17
PRI	24	27939236	29072818	1	bosTau7	17
PRI	24	29384361	29814323	1	bosTau7	17
PRI	24	29814323	30469736	-1	bosTau7	17
PRI	24	30469736	32053174	-1	bosTau7	5
PRI	24	0	16158289	-1	calJac3	1
PRI	24	16158289	16850268	1	calJac3	1
PRI	24	16850268	32053174	-1	calJac3	1
PRI	24	0	18380679	1	canFam2	10
PRI	24	18380679	25852051	-1	canFam2	26
PRI	24	25852051	28007630	-1	canFam2	26
PRI	24	28007630	28186658	1	canFam2	26
PRI	24	28186658	29359206	-1	canFam2	26
PRI	24	29359206	29384361	1	canFam2	26
PRI	24	29384361	30867195	1	canFam2	26
PRI	24	30867195	32053174	-1	canFam2	27
PRI	24	0	1901117	-1	capHir1	5
PRI	24	1901117	4720517	-1	capHir1	5
PRI	24	4720517	5219164	1	capHir1	5
PRI	24	5219164	12904556	-1	capHir1	5
PRI	24	12904556	18732994	-1	capHir1	5
PRI	24	18732994	25852051	-1	capHir1	17
PRI	24	25852051	29072818	1	capHir1	17
PRI	24	29384361	30776664	-1	capHir1	17
PRI	24	30776664	32053174	-1	capHir1	5
PRI	24	0	18430796	-1	equCab2	28
PRI	24	18430796	25852051	1	equCab2	8
PRI	24	25852051	27167798	-1	equCab2	8
PRI	24	27167798	28048654	1	equCab2	8
PRI	24	28048654	29384361	-1	equCab2	8
PRI	24	29384361	32053174	1	equCab2	6
PRI	24	0	7004883	-1	galGal3	1
PRI	24	7004883	11424764	-1	galGal3	1
PRI	24	11424764	19216130	1	galGal3	1
PRI	24	19216130	20459107	1	galGal3	15
PRI	24	20459107	22255366	1	galGal3	15
PRI	24	22255366	25852051	-1	galGal3	15
PRI	24	25852051	29072818	1	galGal3	15
PRI	24	29384361	31446193	-1	galGal3	15
PRI	24	31446193	32053174	-1	galGal3	1
PRI	24	0	29072818	-1	gorGor3	22
PRI	24	29072818	29384361	1	gorGor3	22
PRI	24	29384361	32053174	-1	gorGor3	22
PRI	24	0	29072818	-1	hg19	22
PRI	24	29072818	29384361	1	hg19	22
PRI	24	29384361	32053174	-1	hg19	22
PRI	24	0	15155307	-1	mm10	15
PRI	24	15155307	17746698	-1	mm10	8
PRI	24	17746698	18530691	-1	mm10	10
PRI	24	18530691	19099181	-1	mm10	5
PRI	24	19099181	22377593	1	mm10	11
PRI	24	22377593	25852051	1	mm10	5
PRI	24	25852051	27933510	-1	mm10	10
PRI	24	27933510	30868357	1	mm10	16
PRI	24	30868357	32053174	-1	mm10	6
PRI	24	0	1726250	-1	monDom5	8
PRI	24	1726250	7020877	-1	monDom5	8
PRI	24	7020877	8796770	-1	monDom5	8
PRI	24	8796770	9348372	1	monDom5	8
PRI	24	9348372	10103810	-1	monDom5	8
PRI	24	10103810	10677055	1	monDom5	8
PRI	24	10677055	11168729	-1	monDom5	8
PRI	24	11168729	11980910	1	monDom5	8
PRI	24	11980910	18153263	-1	monDom5	8
PRI	24	18153263	19148360	-1	monDom5	3
PRI	24	19148360	23977764	-1	monDom5	3
PRI	24	23977764	25852051	-1	monDom5	3
PRI	24	25852051	29072818	-1	monDom5	3
PRI	24	29072818	29384361	-1	monDom5	3
PRI	24	29384361	30374277	1	monDom5	3
PRI	24	30374277	31080555	-1	monDom5	3
PRI	24	31080555	32053174	-1	monDom5	8
PRI	24	0	21019189	1	oryCun2	4
PRI	24	21019189	25396089	-1	oryCun2	21
PRI	24	25852051	26637686	-1	oryCun2	21
PRI	24	26637686	29072818	-1	oryCun2	21
PRI	24	29384361	32053174	-1	oryCun2	8
PRI	24	0	29072818	-1	panTro3	22
PRI	24	29072818	29384361	1	panTro3	22
PRI	24	29384361	32053174	-1	panTro3	22
PRI	24	0	29072818	-1	ponAbe2	22
PRI	24	29072818	29384361	1	ponAbe2	22
PRI	24	29384361	32053174	-1	ponAbe2	22
PRI	24	0	25396089	-1	rheMac3	10
PRI	24	25396089	25852051	1	rheMac3	10
PRI	24	25852051	32053174	-1	rheMac3	10
PRI	24	0	15191526	-1	rn4	7
PRI	24	15191526	17630726	-1	rn4	19
PRI	24	17630726	18484512	1	rn4	7
PRI	24	18484512	22764874	1	rn4	14
PRI	24	22764874	24806607	-1	rn4	12
PRI	24	24806607	25396089	1	rn4	19
PRI	24	25396089	25852051	-1	rn4	12
PRI	24	25852051	27712994	1	rn4	20
PRI	24	27712994	30713027	-1	rn4	11
PRI	24	30713027	32053174	-1	rn4	4
PRI	24	0	862474	1	susScr2	5
PRI	24	862474	18259400	1	susScr2	5
PRI	24	18259400	25852051	-1	susScr2	14
PRI	24	25852051	26264703	1	susScr2	14
PRI	24	26264703	27638610	-1	susScr2	14
PRI	24	27638610	29384361	1	susScr2	14
PRI	24	29384361	29962702	-1	susScr2	14
PRI	24	29962702	30253414	1	susScr2	14
PRI	24	30253414	30848904	-1	susScr2	14
PRI	24	30848904	32053174	-1	susScr2	5
PRI	24	0	12053537	-1	bosTau7	5
PRI	24	12053537	18789016	-1	bosTau7	5
PRI	24	18789016	25852051	-1	bosTau7	17
PRI	24	25852051	27535195	1	bosTau7	17
PRI	24	27535195	27939236	-1	bosTau7	17
PRI	24	27939236	29072818	1	bosTau7	17
PRI	24	29384361	29814323	1	bosTau7	17
PRI	24	29814323	30469736	-1	bosTau7	17
PRI	24	30469736	32053174	-1	bosTau7	5
PRI	24	0	16158289	-1	calJac3	1
PRI	24	16158289	16850268	1	calJac3	1
PRI	24	16850268	32053174	-1	calJac3	1
PRI	24	0	18380679	1	canFam2	10
PRI	24	18380679	25852051	-1	canFam2	26
PRI	24	25852051	28007630	-1	canFam2	26
PRI	24	28007630	28186658	1	canFam2	26
PRI	24	28186658	29359206	-1	canFam2	26
PRI	24	29359206	29384361	1	canFam2	26
PRI	24	29384361	30867195	1	canFam2	26
PRI	24	30867195	32053174	-1	canFam2	27
PRI	24	0	1901117	-1	capHir1	5
PRI	24	1901117	4720517	-1	capHir1	5
PRI	24	4720517	5219164	1	capHir1	5
PRI	24	5219164	12904556	-1	capHir1	5
PRI	24	12904556	18732994	-1	capHir1	5
PRI	24	18732994	25852051	-1	capHir1	17
PRI	24	25852051	29072818	1	capHir1	17
PRI	24	29384361	30776664	-1	capHir1	17
PRI	24	30776664	32053174	-1	capHir1	5
PRI	24	0	18430796	-1	equCab2	28
PRI	24	18430796	25852051	1	equCab2	8
PRI	24	25852051	27167798	-1	equCab2	8
PRI	24	27167798	28048654	1	equCab2	8
PRI	24	28048654	29384361	-1	equCab2	8
PRI	24	29384361	32053174	1	equCab2	6
PRI	24	0	7004883	-1	galGal3	1
PRI	24	7004883	11424764	-1	galGal3	1
PRI	24	11424764	19216130	1	galGal3	1
PRI	24	19216130	20459107	1	galGal3	15
PRI	24	20459107	22255366	1	galGal3	15
PRI	24	22255366	25852051	-1	galGal3	15
PRI	24	25852051	29072818	1	galGal3	15
PRI	24	29384361	31446193	-1	galGal3	15
PRI	24	31446193	32053174	-1	galGal3	1
PRI	24	0	29072818	-1	gorGor3	22
PRI	24	29072818	29384361	1	gorGor3	22
PRI	24	29384361	32053174	-1	gorGor3	22
PRI	24	0	29072818	-1	hg19	22
PRI	24	29072818	29384361	1	hg19	22
PRI	24	29384361	32053174	-1	hg19	22
PRI	24	0	15155307	-1	mm10	15
PRI	24	15155307	17746698	-1	mm10	8
PRI	24	17746698	18530691	-1	mm10	10
PRI	24	18530691	19099181	-1	mm10	5
PRI	24	19099181	22377593	1	mm10	11
PRI	24	22377593	25852051	1	mm10	5
PRI	24	25852051	27933510	-1	mm10	10
PRI	24	27933510	30868357	1	mm10	16
PRI	24	30868357	32053174	-1	mm10	6
PRI	24	0	1726250	-1	monDom5	8
PRI	24	1726250	7020877	-1	monDom5	8
PRI	24	7020877	8796770	-1	monDom5	8
PRI	24	8796770	9348372	1	monDom5	8
PRI	24	9348372	10103810	-1	monDom5	8
PRI	24	10103810	10677055	1	monDom5	8
PRI	24	10677055	11168729	-1	monDom5	8
PRI	24	11168729	11980910	1	monDom5	8
PRI	24	11980910	18153263	-1	monDom5	8
PRI	24	18153263	19148360	-1	monDom5	3
PRI	24	19148360	23977764	-1	monDom5	3
PRI	24	23977764	25852051	-1	monDom5	3
PRI	24	25852051	29072818	-1	monDom5	3
PRI	24	29072818	29384361	-1	monDom5	3
PRI	24	29384361	30374277	1	monDom5	3
PRI	24	30374277	31080555	-1	monDom5	3
PRI	24	31080555	32053174	-1	monDom5	8
PRI	24	0	21019189	1	oryCun2	4
PRI	24	21019189	25396089	-1	oryCun2	21
PRI	24	25852051	26637686	-1	oryCun2	21
PRI	24	26637686	29072818	-1	oryCun2	21
PRI	24	29384361	32053174	-1	oryCun2	8
PRI	24	0	29072818	-1	panTro3	22
PRI	24	29072818	29384361	1	panTro3	22
PRI	24	29384361	32053174	-1	panTro3	22
PRI	24	0	29072818	-1	ponAbe2	22
PRI	24	29072818	29384361	1	ponAbe2	22
PRI	24	29384361	32053174	-1	ponAbe2	22
PRI	24	0	25396089	-1	rheMac3	10
PRI	24	25396089	25852051	1	rheMac3	10
PRI	24	25852051	32053174	-1	rheMac3	10
PRI	24	0	15191526	-1	rn4	7
PRI	24	15191526	17630726	-1	rn4	19
PRI	24	17630726	18484512	1	rn4	7
PRI	24	18484512	22764874	1	rn4	14
PRI	24	22764874	24806607	-1	rn4	12
PRI	24	24806607	25396089	1	rn4	19
PRI	24	25396089	25852051	-1	rn4	12
PRI	24	25852051	27712994	1	rn4	20
PRI	24	27712994	30713027	-1	rn4	11
PRI	24	30713027	32053174	-1	rn4	4
PRI	24	0	862474	1	susScr2	5
PRI	24	862474	18259400	1	susScr2	5
PRI	24	18259400	25852051	-1	susScr2	14
PRI	24	25852051	26264703	1	susScr2	14
PRI	24	26264703	27638610	-1	susScr2	14
PRI	24	27638610	29384361	1	susScr2	14
PRI	24	29384361	29962702	-1	susScr2	14
PRI	24	29962702	30253414	1	susScr2	14
PRI	24	30253414	30848904	-1	susScr2	14
PRI	24	30848904	32053174	-1	susScr2	5
PRI	24	0	12053537	-1	bosTau7	5
PRI	24	12053537	18789016	-1	bosTau7	5
PRI	24	18789016	25852051	-1	bosTau7	17
PRI	24	25852051	27535195	1	bosTau7	17
PRI	24	27535195	27939236	-1	bosTau7	17
PRI	24	27939236	29072818	1	bosTau7	17
PRI	24	29384361	29814323	1	bosTau7	17
PRI	24	29814323	30469736	-1	bosTau7	17
PRI	24	30469736	32053174	-1	bosTau7	5
PRI	24	0	16158289	-1	calJac3	1
PRI	24	16158289	16850268	1	calJac3	1
PRI	24	16850268	32053174	-1	calJac3	1
PRI	24	0	18380679	1	canFam2	10
PRI	24	18380679	25852051	-1	canFam2	26
PRI	24	25852051	28007630	-1	canFam2	26
PRI	24	28007630	28186658	1	canFam2	26
PRI	24	28186658	29359206	-1	canFam2	26
PRI	24	29359206	29384361	1	canFam2	26
PRI	24	29384361	30867195	1	canFam2	26
PRI	24	30867195	32053174	-1	canFam2	27
PRI	24	0	1901117	-1	capHir1	5
PRI	24	1901117	4720517	-1	capHir1	5
PRI	24	4720517	5219164	1	capHir1	5
PRI	24	5219164	12904556	-1	capHir1	5
PRI	24	12904556	18732994	-1	capHir1	5
PRI	24	18732994	25852051	-1	capHir1	17
PRI	24	25852051	29072818	1	capHir1	17
PRI	24	29384361	30776664	-1	capHir1	17
PRI	24	30776664	32053174	-1	capHir1	5
PRI	24	0	18430796	-1	equCab2	28
PRI	24	18430796	25852051	1	equCab2	8
PRI	24	25852051	27167798	-1	equCab2	8
PRI	24	27167798	28048654	1	equCab2	8
PRI	24	28048654	29384361	-1	equCab2	8
PRI	24	29384361	32053174	1	equCab2	6
PRI	24	0	7004883	-1	galGal3	1
PRI	24	7004883	11424764	-1	galGal3	1
PRI	24	11424764	19216130	1	galGal3	1
PRI	24	19216130	20459107	1	galGal3	15
PRI	24	20459107	22255366	1	galGal3	15
PRI	24	22255366	25852051	-1	galGal3	15
PRI	24	25852051	29072818	1	galGal3	15
PRI	24	29384361	31446193	-1	galGal3	15
PRI	24	31446193	32053174	-1	galGal3	1
PRI	24	0	29072818	-1	gorGor3	22
PRI	24	29072818	29384361	1	gorGor3	22
PRI	24	29384361	32053174	-1	gorGor3	22
PRI	24	0	29072818	-1	hg19	22
PRI	24	29072818	29384361	1	hg19	22
PRI	24	29384361	32053174	-1	hg19	22
PRI	24	0	15155307	-1	mm10	15
PRI	24	15155307	17746698	-1	mm10	8
PRI	24	17746698	18530691	-1	mm10	10
PRI	24	18530691	19099181	-1	mm10	5
PRI	24	19099181	22377593	1	mm10	11
PRI	24	22377593	25852051	1	mm10	5
PRI	24	25852051	27933510	-1	mm10	10
PRI	24	27933510	30868357	1	mm10	16
PRI	24	30868357	32053174	-1	mm10	6
PRI	24	0	1726250	-1	monDom5	8
PRI	24	1726250	7020877	-1	monDom5	8
PRI	24	7020877	8796770	-1	monDom5	8
PRI	24	8796770	9348372	1	monDom5	8
PRI	24	9348372	10103810	-1	monDom5	8
PRI	24	10103810	10677055	1	monDom5	8
PRI	24	10677055	11168729	-1	monDom5	8
PRI	24	11168729	11980910	1	monDom5	8
PRI	24	11980910	18153263	-1	monDom5	8
PRI	24	18153263	19148360	-1	monDom5	3
PRI	24	19148360	23977764	-1	monDom5	3
PRI	24	23977764	25852051	-1	monDom5	3
PRI	24	25852051	29072818	-1	monDom5	3
PRI	24	29072818	29384361	-1	monDom5	3
PRI	24	29384361	30374277	1	monDom5	3
PRI	24	30374277	31080555	-1	monDom5	3
PRI	24	31080555	32053174	-1	monDom5	8
PRI	24	0	21019189	1	oryCun2	4
PRI	24	21019189	25396089	-1	oryCun2	21
PRI	24	25852051	26637686	-1	oryCun2	21
PRI	24	26637686	29072818	-1	oryCun2	21
PRI	24	29384361	32053174	-1	oryCun2	8
PRI	24	0	29072818	-1	panTro3	22
PRI	24	29072818	29384361	1	panTro3	22
PRI	24	29384361	32053174	-1	panTro3	22
PRI	24	0	29072818	-1	ponAbe2	22
PRI	24	29072818	29384361	1	ponAbe2	22
PRI	24	29384361	32053174	-1	ponAbe2	22
PRI	24	0	25396089	-1	rheMac3	10
PRI	24	25396089	25852051	1	rheMac3	10
PRI	24	25852051	32053174	-1	rheMac3	10
PRI	24	0	15191526	-1	rn4	7
PRI	24	15191526	17630726	-1	rn4	19
PRI	24	17630726	18484512	1	rn4	7
PRI	24	18484512	22764874	1	rn4	14
PRI	24	22764874	24806607	-1	rn4	12
PRI	24	24806607	25396089	1	rn4	19
PRI	24	25396089	25852051	-1	rn4	12
PRI	24	25852051	27712994	1	rn4	20
PRI	24	27712994	30713027	-1	rn4	11
PRI	24	30713027	32053174	-1	rn4	4
PRI	24	0	862474	1	susScr2	5
PRI	24	862474	18259400	1	susScr2	5
PRI	24	18259400	25852051	-1	susScr2	14
PRI	24	25852051	26264703	1	susScr2	14
PRI	24	26264703	27638610	-1	susScr2	14
PRI	24	27638610	29384361	1	susScr2	14
PRI	24	29384361	29962702	-1	susScr2	14
PRI	24	29962702	30253414	1	susScr2	14
PRI	24	30253414	30848904	-1	susScr2	14
PRI	24	30848904	32053174	-1	susScr2	5
