HOMINIDAE	5	0	46923299	-1	bosTau7	9
HOMINIDAE	5	46923299	89895223	1	bosTau7	9
HOMINIDAE	5	89895223	113570855	-1	bosTau7	9
HOMINIDAE	5	113570855	118440120	-1	bosTau7	23
HOMINIDAE	5	118440120	140213789	-1	bosTau7	23
HOMINIDAE	5	140213789	170937777	1	bosTau7	23
HOMINIDAE	5	0	144510269	-1	calJac3	4
HOMINIDAE	5	144510269	170937777	1	calJac3	4
HOMINIDAE	5	0	38183084	-1	canFam2	1
HOMINIDAE	5	38183084	53608971	-1	canFam2	1
HOMINIDAE	5	53608971	139851275	-1	canFam2	12
HOMINIDAE	5	139851275	170937777	-1	canFam2	35
HOMINIDAE	5	0	45106183	-1	capHir1	9
HOMINIDAE	5	45106183	95265008	1	capHir1	9
HOMINIDAE	5	95265008	108091800	-1	capHir1	9
HOMINIDAE	5	108091800	117851650	1	capHir1	14
HOMINIDAE	5	117851650	123207558	1	capHir1	23
HOMINIDAE	5	123207558	141721695	-1	capHir1	23
HOMINIDAE	5	141721695	170937777	1	capHir1	23
HOMINIDAE	5	0	12399375	-1	equCab2	31
HOMINIDAE	5	12399375	29720061	1	equCab2	31
HOMINIDAE	5	29720061	97085672	-1	equCab2	10
HOMINIDAE	5	97085672	170937777	-1	equCab2	20
HOMINIDAE	5	0	16606740	1	galGal3	3
HOMINIDAE	5	16606740	36640415	-1	galGal3	3
HOMINIDAE	5	36640415	156974639	1	galGal3	3
HOMINIDAE	5	156974639	170937777	1	galGal3	2
HOMINIDAE	5	0	170937777	-1	gorGor3	6
HOMINIDAE	5	0	170937777	-1	hg19	6
HOMINIDAE	5	0	5684104	1	mm10	17
HOMINIDAE	5	5684104	10290071	-1	mm10	17
HOMINIDAE	5	10290071	15115198	-1	mm10	10
HOMINIDAE	5	15115198	46339002	1	mm10	10
HOMINIDAE	5	46339002	53851402	-1	mm10	10
HOMINIDAE	5	53851402	74730179	1	mm10	10
HOMINIDAE	5	74730179	90876632	1	mm10	4
HOMINIDAE	5	90876632	103011886	-1	mm10	9
HOMINIDAE	5	103011886	118613401	1	mm10	1
HOMINIDAE	5	118613401	129564198	1	mm10	17
HOMINIDAE	5	129564198	134385745	-1	mm10	17
HOMINIDAE	5	134385745	138692482	1	mm10	17
HOMINIDAE	5	138692482	149477010	1	mm10	13
HOMINIDAE	5	149477010	170937777	-1	mm10	13
HOMINIDAE	5	0	144430576	-1	monDom5	2
HOMINIDAE	5	144430576	168181235	1	monDom5	3
HOMINIDAE	5	168181235	170937777	-1	monDom5	3
HOMINIDAE	5	0	152236061	-1	oryCun2	12
HOMINIDAE	5	152236061	160266973	1	oryCun2	12
HOMINIDAE	5	160266973	170937777	-1	oryCun2	12
HOMINIDAE	5	0	170937777	-1	panTro3	6
HOMINIDAE	5	0	170937777	-1	ponAbe2	6
HOMINIDAE	5	0	11854729	-1	rheMac3	4
HOMINIDAE	5	11854729	64193739	1	rheMac3	4
HOMINIDAE	5	64193739	170937777	-1	rheMac3	4
HOMINIDAE	5	0	21934247	-1	rn4	1
HOMINIDAE	5	21934247	37305005	1	rn4	1
HOMINIDAE	5	37305005	45160828	-1	rn4	1
HOMINIDAE	5	45160828	50935658	-1	rn4	1
HOMINIDAE	5	50935658	58376629	-1	rn4	20
HOMINIDAE	5	58376629	76657993	1	rn4	20
HOMINIDAE	5	76657993	93590721	1	rn4	5
HOMINIDAE	5	93590721	104913216	-1	rn4	8
HOMINIDAE	5	104913216	119166853	1	rn4	9
HOMINIDAE	5	119166853	134125501	-1	rn4	9
HOMINIDAE	5	134125501	142788045	-1	rn4	20
HOMINIDAE	5	142788045	151120547	-1	rn4	17
HOMINIDAE	5	151120547	170937777	1	rn4	17
HOMINIDAE	5	0	55704833	1	susScr2	1
HOMINIDAE	5	55704833	93514473	-1	susScr2	1
HOMINIDAE	5	93514473	107977158	1	susScr2	1
HOMINIDAE	5	107977158	118414300	-1	susScr2	1
HOMINIDAE	5	118414300	170937777	-1	susScr2	7
