HOMINIDAE	7	0	5744332	1	bosTau7	27
HOMINIDAE	7	5744332	13182716	-1	bosTau7	27
HOMINIDAE	7	13182716	25601134	1	bosTau7	8
HOMINIDAE	7	25601134	42739467	1	bosTau7	27
HOMINIDAE	7	42739467	71821542	1	bosTau7	14
HOMINIDAE	7	71821542	123516929	-1	bosTau7	14
HOMINIDAE	7	123516929	146288391	-1	bosTau7	14
HOMINIDAE	7	0	6879444	1	calJac3	13
HOMINIDAE	7	6879444	24697221	-1	calJac3	13
HOMINIDAE	7	24697221	40240314	1	calJac3	13
HOMINIDAE	7	40240314	94672043	1	calJac3	16
HOMINIDAE	7	94672043	146288391	-1	calJac3	16
HOMINIDAE	7	0	4551594	1	canFam2	16
HOMINIDAE	7	4551594	11631256	1	canFam2	16
HOMINIDAE	7	11631256	23917883	-1	canFam2	25
HOMINIDAE	7	23917883	36180973	-1	canFam2	16
HOMINIDAE	7	36180973	93644807	1	canFam2	29
HOMINIDAE	7	93644807	146288391	1	canFam2	13
HOMINIDAE	7	0	7311542	1	capHir1	27
HOMINIDAE	7	7311542	13949243	-1	capHir1	27
HOMINIDAE	7	13949243	24930501	1	capHir1	8
HOMINIDAE	7	24930501	40655424	1	capHir1	27
HOMINIDAE	7	40655424	74997826	1	capHir1	14
HOMINIDAE	7	74997826	121528109	-1	capHir1	14
HOMINIDAE	7	121528109	146288391	-1	capHir1	14
HOMINIDAE	7	0	6257598	-1	equCab2	27
HOMINIDAE	7	6257598	12606175	1	equCab2	27
HOMINIDAE	7	12606175	24117684	1	equCab2	2
HOMINIDAE	7	24117684	38751600	-1	equCab2	27
HOMINIDAE	7	38751600	85287829	-1	equCab2	9
HOMINIDAE	7	85287829	146288391	1	equCab2	9
HOMINIDAE	7	0	146288391	1	galGal3	2
HOMINIDAE	7	0	146288391	1	gorGor3	8
HOMINIDAE	7	0	146288391	1	hg19	8
HOMINIDAE	7	0	4819450	1	mm10	8
HOMINIDAE	7	4819450	11338665	1	mm10	8
HOMINIDAE	7	11338665	21130351	-1	mm10	14
HOMINIDAE	7	21130351	34482458	-1	mm10	8
HOMINIDAE	7	34482458	39720312	-1	mm10	1
HOMINIDAE	7	39720312	47560155	1	mm10	4
HOMINIDAE	7	47560155	52221667	1	mm10	3
HOMINIDAE	7	52221667	62817430	1	mm10	1
HOMINIDAE	7	62817430	77802928	1	mm10	3
HOMINIDAE	7	77802928	90636645	-1	mm10	4
HOMINIDAE	7	90636645	146288391	1	mm10	15
HOMINIDAE	7	0	7444967	1	monDom5	1
HOMINIDAE	7	7444967	10043626	-1	monDom5	5
HOMINIDAE	7	10043626	13977040	1	monDom5	1
HOMINIDAE	7	13977040	17917466	-1	monDom5	1
HOMINIDAE	7	17917466	28716703	1	monDom5	1
HOMINIDAE	7	28716703	44753223	-1	monDom5	3
HOMINIDAE	7	44753223	71720911	-1	monDom5	3
HOMINIDAE	7	71720911	141706320	1	monDom5	3
HOMINIDAE	7	141706320	146288391	1	monDom5	3
HOMINIDAE	7	0	146288391	1	panTro3	8
HOMINIDAE	7	0	146288391	1	ponAbe2	8
HOMINIDAE	7	0	55190008	1	rheMac3	8
HOMINIDAE	7	55190008	146288391	1	rheMac3	8
HOMINIDAE	7	0	4223110	-1	rn4	16
HOMINIDAE	7	4223110	10607766	-1	rn4	16
HOMINIDAE	7	10607766	21151334	-1	rn4	15
HOMINIDAE	7	21151334	33981371	1	rn4	16
HOMINIDAE	7	33981371	47360572	1	rn4	5
HOMINIDAE	7	47360572	52187480	1	rn4	2
HOMINIDAE	7	52187480	63061762	-1	rn4	5
HOMINIDAE	7	63061762	78273858	-1	rn4	2
HOMINIDAE	7	78273858	91065053	-1	rn4	5
HOMINIDAE	7	91065053	146288391	1	rn4	7
