HOMINIDAE	22	0	14864468	-1	bosTau7	13
HOMINIDAE	22	14864468	21014387	-1	bosTau7	13
HOMINIDAE	22	21014387	24268025	1	bosTau7	13
HOMINIDAE	22	24268025	51877416	1	bosTau7	13
HOMINIDAE	22	51877416	58926746	-1	bosTau7	13
HOMINIDAE	22	0	31741683	-1	calJac3	5
HOMINIDAE	22	31741683	58926746	1	calJac3	5
HOMINIDAE	22	0	2006839	-1	canFam2	23
HOMINIDAE	22	2006839	58926746	1	canFam2	24
HOMINIDAE	22	0	6020263	-1	capHir1	13
HOMINIDAE	22	6020263	16939784	-1	capHir1	13
HOMINIDAE	22	16939784	21065407	-1	capHir1	13
HOMINIDAE	22	21065407	24199465	1	capHir1	13
HOMINIDAE	22	24199465	52064587	1	capHir1	13
HOMINIDAE	22	52064587	58926746	-1	capHir1	13
HOMINIDAE	22	0	600060	-1	equCab2	22
HOMINIDAE	22	600060	58926746	1	equCab2	22
HOMINIDAE	22	0	2989952	1	galGal3	3
HOMINIDAE	22	2989952	7559878	-1	galGal3	3
HOMINIDAE	22	7559878	20248731	1	galGal3	3
HOMINIDAE	22	20248731	20640084	1	galGal3	22
HOMINIDAE	22	20640084	21434637	1	galGal3	4
HOMINIDAE	22	21434637	25238126	-1	galGal3	4
HOMINIDAE	22	25238126	25709802	1	galGal3	20
HOMINIDAE	22	25709802	29822868	-1	galGal3	20
HOMINIDAE	22	29822868	33477183	1	galGal3	20
HOMINIDAE	22	33477183	36956305	-1	galGal3	20
HOMINIDAE	22	36956305	40589927	1	galGal3	20
HOMINIDAE	22	40589927	50097502	-1	galGal3	20
HOMINIDAE	22	50097502	56916035	1	galGal3	20
HOMINIDAE	22	56916035	58926746	-1	galGal3	20
HOMINIDAE	22	0	25709802	-1	gorGor3	20
HOMINIDAE	22	25709802	58926746	1	gorGor3	20
HOMINIDAE	22	0	25709802	-1	hg19	20
HOMINIDAE	22	25709802	58926746	1	hg19	20
HOMINIDAE	22	0	24359350	-1	mm10	2
HOMINIDAE	22	24359350	58926746	1	mm10	2
HOMINIDAE	22	0	20556806	1	monDom5	1
HOMINIDAE	22	20556806	21265558	1	monDom5	1
HOMINIDAE	22	21265558	22282727	1	monDom5	1
HOMINIDAE	22	22282727	23200314	-1	monDom5	5
HOMINIDAE	22	23200314	23928482	1	monDom5	1
HOMINIDAE	22	23928482	26469194	-1	monDom5	1
HOMINIDAE	22	26469194	29265642	1	monDom5	1
HOMINIDAE	22	29265642	30613151	1	monDom5	1
HOMINIDAE	22	30613151	35928868	-1	monDom5	1
HOMINIDAE	22	35928868	37029920	1	monDom5	1
HOMINIDAE	22	37029920	37617364	1	monDom5	1
HOMINIDAE	22	37617364	58926746	-1	monDom5	1
HOMINIDAE	22	0	18854917	1	oryCun2	4
HOMINIDAE	22	18854917	58926746	-1	oryCun2	4
HOMINIDAE	22	0	25709802	-1	panTro3	20
HOMINIDAE	22	25709802	58926746	1	panTro3	20
HOMINIDAE	22	0	20248731	-1	ponAbe2	20
HOMINIDAE	22	20248731	58926746	1	ponAbe2	20
HOMINIDAE	22	0	58926746	-1	rheMac3	10
HOMINIDAE	22	0	24384378	-1	rn4	3
HOMINIDAE	22	24384378	58926746	1	rn4	3
HOMINIDAE	22	0	20627141	-1	susScr2	17
HOMINIDAE	22	20627141	58926746	1	susScr2	17
HOMINIDAE	22	0	14864468	-1	bosTau7	13
HOMINIDAE	22	14864468	21014387	-1	bosTau7	13
HOMINIDAE	22	21014387	24268025	1	bosTau7	13
HOMINIDAE	22	24268025	51877416	1	bosTau7	13
HOMINIDAE	22	51877416	58926746	-1	bosTau7	13
HOMINIDAE	22	0	31741683	-1	calJac3	5
HOMINIDAE	22	31741683	58926746	1	calJac3	5
HOMINIDAE	22	0	2006839	-1	canFam2	23
HOMINIDAE	22	2006839	58926746	1	canFam2	24
HOMINIDAE	22	0	6020263	-1	capHir1	13
HOMINIDAE	22	6020263	16939784	-1	capHir1	13
HOMINIDAE	22	16939784	21065407	-1	capHir1	13
HOMINIDAE	22	21065407	24199465	1	capHir1	13
HOMINIDAE	22	24199465	52064587	1	capHir1	13
HOMINIDAE	22	52064587	58926746	-1	capHir1	13
HOMINIDAE	22	0	600060	-1	equCab2	22
HOMINIDAE	22	600060	58926746	1	equCab2	22
HOMINIDAE	22	0	2989952	1	galGal3	3
HOMINIDAE	22	2989952	7559878	-1	galGal3	3
HOMINIDAE	22	7559878	20248731	1	galGal3	3
HOMINIDAE	22	20248731	20640084	1	galGal3	22
HOMINIDAE	22	20640084	21434637	1	galGal3	4
HOMINIDAE	22	21434637	25238126	-1	galGal3	4
HOMINIDAE	22	25238126	25709802	1	galGal3	20
HOMINIDAE	22	25709802	29822868	-1	galGal3	20
HOMINIDAE	22	29822868	33477183	1	galGal3	20
HOMINIDAE	22	33477183	36956305	-1	galGal3	20
HOMINIDAE	22	36956305	40589927	1	galGal3	20
HOMINIDAE	22	40589927	50097502	-1	galGal3	20
HOMINIDAE	22	50097502	56916035	1	galGal3	20
HOMINIDAE	22	56916035	58926746	-1	galGal3	20
HOMINIDAE	22	0	25709802	-1	gorGor3	20
HOMINIDAE	22	25709802	58926746	1	gorGor3	20
HOMINIDAE	22	0	25709802	-1	hg19	20
HOMINIDAE	22	25709802	58926746	1	hg19	20
HOMINIDAE	22	0	24359350	-1	mm10	2
HOMINIDAE	22	24359350	58926746	1	mm10	2
HOMINIDAE	22	0	20556806	1	monDom5	1
HOMINIDAE	22	20556806	21265558	1	monDom5	1
HOMINIDAE	22	21265558	22282727	1	monDom5	1
HOMINIDAE	22	22282727	23200314	-1	monDom5	5
HOMINIDAE	22	23200314	23928482	1	monDom5	1
HOMINIDAE	22	23928482	26469194	-1	monDom5	1
HOMINIDAE	22	26469194	29265642	1	monDom5	1
HOMINIDAE	22	29265642	30613151	1	monDom5	1
HOMINIDAE	22	30613151	35928868	-1	monDom5	1
HOMINIDAE	22	35928868	37029920	1	monDom5	1
HOMINIDAE	22	37029920	37617364	1	monDom5	1
HOMINIDAE	22	37617364	58926746	-1	monDom5	1
HOMINIDAE	22	0	18854917	1	oryCun2	4
HOMINIDAE	22	18854917	58926746	-1	oryCun2	4
HOMINIDAE	22	0	25709802	-1	panTro3	20
HOMINIDAE	22	25709802	58926746	1	panTro3	20
HOMINIDAE	22	0	20248731	-1	ponAbe2	20
HOMINIDAE	22	20248731	58926746	1	ponAbe2	20
HOMINIDAE	22	0	58926746	-1	rheMac3	10
HOMINIDAE	22	0	24384378	-1	rn4	3
HOMINIDAE	22	24384378	58926746	1	rn4	3
HOMINIDAE	22	0	20627141	-1	susScr2	17
HOMINIDAE	22	20627141	58926746	1	susScr2	17
HOMINIDAE	22	0	14864468	-1	bosTau7	13
HOMINIDAE	22	14864468	21014387	-1	bosTau7	13
HOMINIDAE	22	21014387	24268025	1	bosTau7	13
HOMINIDAE	22	24268025	51877416	1	bosTau7	13
HOMINIDAE	22	51877416	58926746	-1	bosTau7	13
HOMINIDAE	22	0	31741683	-1	calJac3	5
HOMINIDAE	22	31741683	58926746	1	calJac3	5
HOMINIDAE	22	0	2006839	-1	canFam2	23
HOMINIDAE	22	2006839	58926746	1	canFam2	24
HOMINIDAE	22	0	6020263	-1	capHir1	13
HOMINIDAE	22	6020263	16939784	-1	capHir1	13
HOMINIDAE	22	16939784	21065407	-1	capHir1	13
HOMINIDAE	22	21065407	24199465	1	capHir1	13
HOMINIDAE	22	24199465	52064587	1	capHir1	13
HOMINIDAE	22	52064587	58926746	-1	capHir1	13
HOMINIDAE	22	0	600060	-1	equCab2	22
HOMINIDAE	22	600060	58926746	1	equCab2	22
HOMINIDAE	22	0	2989952	1	galGal3	3
HOMINIDAE	22	2989952	7559878	-1	galGal3	3
HOMINIDAE	22	7559878	20248731	1	galGal3	3
HOMINIDAE	22	20248731	20640084	1	galGal3	22
HOMINIDAE	22	20640084	21434637	1	galGal3	4
HOMINIDAE	22	21434637	25238126	-1	galGal3	4
HOMINIDAE	22	25238126	25709802	1	galGal3	20
HOMINIDAE	22	25709802	29822868	-1	galGal3	20
HOMINIDAE	22	29822868	33477183	1	galGal3	20
HOMINIDAE	22	33477183	36956305	-1	galGal3	20
HOMINIDAE	22	36956305	40589927	1	galGal3	20
HOMINIDAE	22	40589927	50097502	-1	galGal3	20
HOMINIDAE	22	50097502	56916035	1	galGal3	20
HOMINIDAE	22	56916035	58926746	-1	galGal3	20
HOMINIDAE	22	0	25709802	-1	gorGor3	20
HOMINIDAE	22	25709802	58926746	1	gorGor3	20
HOMINIDAE	22	0	25709802	-1	hg19	20
HOMINIDAE	22	25709802	58926746	1	hg19	20
HOMINIDAE	22	0	24359350	-1	mm10	2
HOMINIDAE	22	24359350	58926746	1	mm10	2
HOMINIDAE	22	0	20556806	1	monDom5	1
HOMINIDAE	22	20556806	21265558	1	monDom5	1
HOMINIDAE	22	21265558	22282727	1	monDom5	1
HOMINIDAE	22	22282727	23200314	-1	monDom5	5
HOMINIDAE	22	23200314	23928482	1	monDom5	1
HOMINIDAE	22	23928482	26469194	-1	monDom5	1
HOMINIDAE	22	26469194	29265642	1	monDom5	1
HOMINIDAE	22	29265642	30613151	1	monDom5	1
HOMINIDAE	22	30613151	35928868	-1	monDom5	1
HOMINIDAE	22	35928868	37029920	1	monDom5	1
HOMINIDAE	22	37029920	37617364	1	monDom5	1
HOMINIDAE	22	37617364	58926746	-1	monDom5	1
HOMINIDAE	22	0	18854917	1	oryCun2	4
HOMINIDAE	22	18854917	58926746	-1	oryCun2	4
HOMINIDAE	22	0	25709802	-1	panTro3	20
HOMINIDAE	22	25709802	58926746	1	panTro3	20
HOMINIDAE	22	0	20248731	-1	ponAbe2	20
HOMINIDAE	22	20248731	58926746	1	ponAbe2	20
HOMINIDAE	22	0	58926746	-1	rheMac3	10
HOMINIDAE	22	0	24384378	-1	rn4	3
HOMINIDAE	22	24384378	58926746	1	rn4	3
HOMINIDAE	22	0	20627141	-1	susScr2	17
HOMINIDAE	22	20627141	58926746	1	susScr2	17
