HOMINIDAE	20	0	39423596	-1	bosTau7	24
HOMINIDAE	20	39423596	60420237	1	bosTau7	24
HOMINIDAE	20	60420237	74115921	-1	bosTau7	24
HOMINIDAE	20	0	685980	1	calJac3	13
HOMINIDAE	20	685980	2271007	-1	calJac3	13
HOMINIDAE	20	2271007	74115921	1	calJac3	13
HOMINIDAE	20	0	992261	1	canFam2	1
HOMINIDAE	20	992261	43099978	-1	canFam2	7
HOMINIDAE	20	43099978	45431126	-1	canFam2	7
HOMINIDAE	20	45431126	74115921	-1	canFam2	1
HOMINIDAE	20	0	40169000	-1	capHir1	24
HOMINIDAE	20	40169000	60285433	1	capHir1	24
HOMINIDAE	20	60285433	74115921	-1	capHir1	24
HOMINIDAE	20	0	2157468	1	equCab2	8
HOMINIDAE	20	2157468	4884503	-1	equCab2	8
HOMINIDAE	20	4884503	5317882	1	equCab2	8
HOMINIDAE	20	5317882	8906523	-1	equCab2	8
HOMINIDAE	20	8906523	16269029	-1	equCab2	8
HOMINIDAE	20	16269029	74115921	1	equCab2	8
HOMINIDAE	20	0	30801605	1	galGal3	2
HOMINIDAE	20	30801605	47731619	-1	galGal3	Z
HOMINIDAE	20	47731619	51544811	-1	galGal3	2
HOMINIDAE	20	51544811	69416733	-1	galGal3	2
HOMINIDAE	20	69416733	74115921	-1	galGal3	2
HOMINIDAE	20	0	14620613	-1	gorGor3	18
HOMINIDAE	20	14620613	74115921	1	gorGor3	18
HOMINIDAE	20	0	14620613	-1	hg19	18
HOMINIDAE	20	14620613	74115921	1	hg19	18
HOMINIDAE	20	0	1875643	-1	mm10	18
HOMINIDAE	20	1875643	3198867	-1	mm10	18
HOMINIDAE	20	3198867	11715562	1	mm10	17
HOMINIDAE	20	11715562	13967635	-1	mm10	17
HOMINIDAE	20	13967635	37820449	1	mm10	18
HOMINIDAE	20	37820449	50220098	-1	mm10	18
HOMINIDAE	20	50220098	53849339	1	mm10	18
HOMINIDAE	20	53849339	62776546	1	mm10	1
HOMINIDAE	20	62776546	74115921	-1	mm10	18
HOMINIDAE	20	0	5656771	-1	monDom5	3
HOMINIDAE	20	5656771	5927574	1	monDom5	2
HOMINIDAE	20	5927574	21471835	-1	monDom5	3
HOMINIDAE	20	21471835	26240237	-1	monDom5	3
HOMINIDAE	20	26240237	29633288	-1	monDom5	3
HOMINIDAE	20	29633288	32525498	-1	monDom5	3
HOMINIDAE	20	32525498	39659568	-1	monDom5	3
HOMINIDAE	20	39659568	46256936	1	monDom5	3
HOMINIDAE	20	46256936	48998552	-1	monDom5	3
HOMINIDAE	20	48998552	53248243	-1	monDom5	3
HOMINIDAE	20	53248243	56548998	1	monDom5	3
HOMINIDAE	20	56548998	74115921	1	monDom5	3
HOMINIDAE	20	0	74115921	1	oryCun2	9
HOMINIDAE	20	0	74115921	1	panTro3	18
HOMINIDAE	20	0	74115921	1	ponAbe2	18
HOMINIDAE	20	0	2159336	1	rheMac3	18
HOMINIDAE	20	2159336	3732083	-1	rheMac3	18
HOMINIDAE	20	3732083	13629013	1	rheMac3	18
HOMINIDAE	20	13629013	13955403	-1	rheMac3	14
HOMINIDAE	20	13955403	74115921	1	rheMac3	18
HOMINIDAE	20	0	463158	1	rn4	18
HOMINIDAE	20	463158	1627393	-1	rn4	18
HOMINIDAE	20	1627393	2934043	-1	rn4	18
HOMINIDAE	20	2934043	13972846	1	rn4	9
HOMINIDAE	20	13972846	39959955	1	rn4	18
HOMINIDAE	20	39959955	53227894	-1	rn4	18
HOMINIDAE	20	53227894	55897490	1	rn4	18
HOMINIDAE	20	55897490	64359301	1	rn4	13
HOMINIDAE	20	64359301	74115921	-1	rn4	18
HOMINIDAE	20	0	36073172	1	susScr2	6
HOMINIDAE	20	36073172	51449689	1	susScr2	1
HOMINIDAE	20	51449689	74115921	-1	susScr2	1
HOMINIDAE	20	0	39423596	-1	bosTau7	24
HOMINIDAE	20	39423596	60420237	1	bosTau7	24
HOMINIDAE	20	60420237	74115921	-1	bosTau7	24
HOMINIDAE	20	0	685980	1	calJac3	13
HOMINIDAE	20	685980	2271007	-1	calJac3	13
HOMINIDAE	20	2271007	74115921	1	calJac3	13
HOMINIDAE	20	0	992261	1	canFam2	1
HOMINIDAE	20	992261	43099978	-1	canFam2	7
HOMINIDAE	20	43099978	45431126	-1	canFam2	7
HOMINIDAE	20	45431126	74115921	-1	canFam2	1
HOMINIDAE	20	0	40169000	-1	capHir1	24
HOMINIDAE	20	40169000	60285433	1	capHir1	24
HOMINIDAE	20	60285433	74115921	-1	capHir1	24
HOMINIDAE	20	0	2157468	1	equCab2	8
HOMINIDAE	20	2157468	4884503	-1	equCab2	8
HOMINIDAE	20	4884503	5317882	1	equCab2	8
HOMINIDAE	20	5317882	8906523	-1	equCab2	8
HOMINIDAE	20	8906523	16269029	-1	equCab2	8
HOMINIDAE	20	16269029	74115921	1	equCab2	8
HOMINIDAE	20	0	30801605	1	galGal3	2
HOMINIDAE	20	30801605	47731619	-1	galGal3	Z
HOMINIDAE	20	47731619	51544811	-1	galGal3	2
HOMINIDAE	20	51544811	69416733	-1	galGal3	2
HOMINIDAE	20	69416733	74115921	-1	galGal3	2
HOMINIDAE	20	0	14620613	-1	gorGor3	18
HOMINIDAE	20	14620613	74115921	1	gorGor3	18
HOMINIDAE	20	0	14620613	-1	hg19	18
HOMINIDAE	20	14620613	74115921	1	hg19	18
HOMINIDAE	20	0	1875643	-1	mm10	18
HOMINIDAE	20	1875643	3198867	-1	mm10	18
HOMINIDAE	20	3198867	11715562	1	mm10	17
HOMINIDAE	20	11715562	13967635	-1	mm10	17
HOMINIDAE	20	13967635	37820449	1	mm10	18
HOMINIDAE	20	37820449	50220098	-1	mm10	18
HOMINIDAE	20	50220098	53849339	1	mm10	18
HOMINIDAE	20	53849339	62776546	1	mm10	1
HOMINIDAE	20	62776546	74115921	-1	mm10	18
HOMINIDAE	20	0	5656771	-1	monDom5	3
HOMINIDAE	20	5656771	5927574	1	monDom5	2
HOMINIDAE	20	5927574	21471835	-1	monDom5	3
HOMINIDAE	20	21471835	26240237	-1	monDom5	3
HOMINIDAE	20	26240237	29633288	-1	monDom5	3
HOMINIDAE	20	29633288	32525498	-1	monDom5	3
HOMINIDAE	20	32525498	39659568	-1	monDom5	3
HOMINIDAE	20	39659568	46256936	1	monDom5	3
HOMINIDAE	20	46256936	48998552	-1	monDom5	3
HOMINIDAE	20	48998552	53248243	-1	monDom5	3
HOMINIDAE	20	53248243	56548998	1	monDom5	3
HOMINIDAE	20	56548998	74115921	1	monDom5	3
HOMINIDAE	20	0	74115921	1	oryCun2	9
HOMINIDAE	20	0	74115921	1	panTro3	18
HOMINIDAE	20	0	74115921	1	ponAbe2	18
HOMINIDAE	20	0	2159336	1	rheMac3	18
HOMINIDAE	20	2159336	3732083	-1	rheMac3	18
HOMINIDAE	20	3732083	13629013	1	rheMac3	18
HOMINIDAE	20	13629013	13955403	-1	rheMac3	14
HOMINIDAE	20	13955403	74115921	1	rheMac3	18
HOMINIDAE	20	0	463158	1	rn4	18
HOMINIDAE	20	463158	1627393	-1	rn4	18
HOMINIDAE	20	1627393	2934043	-1	rn4	18
HOMINIDAE	20	2934043	13972846	1	rn4	9
HOMINIDAE	20	13972846	39959955	1	rn4	18
HOMINIDAE	20	39959955	53227894	-1	rn4	18
HOMINIDAE	20	53227894	55897490	1	rn4	18
HOMINIDAE	20	55897490	64359301	1	rn4	13
HOMINIDAE	20	64359301	74115921	-1	rn4	18
HOMINIDAE	20	0	36073172	1	susScr2	6
HOMINIDAE	20	36073172	51449689	1	susScr2	1
HOMINIDAE	20	51449689	74115921	-1	susScr2	1
