HOMINIDAE	9	0	6032653	-1	bosTau7	8
HOMINIDAE	9	6032653	8674416	-1	bosTau7	8
HOMINIDAE	9	8674416	86013159	1	bosTau7	8
HOMINIDAE	9	86013159	91450115	1	bosTau7	8
HOMINIDAE	9	91450115	96778027	-1	bosTau7	8
HOMINIDAE	9	96778027	98721024	1	bosTau7	8
HOMINIDAE	9	98721024	101348532	1	bosTau7	8
HOMINIDAE	9	101348532	103850875	1	bosTau7	8
HOMINIDAE	9	103850875	126998404	1	bosTau7	8
HOMINIDAE	9	126998404	139710911	1	bosTau7	11
HOMINIDAE	9	0	2559057	-1	calJac3	1
HOMINIDAE	9	2559057	89495063	-1	calJac3	1
HOMINIDAE	9	89495063	93811310	1	calJac3	1
HOMINIDAE	9	93811310	139710911	1	calJac3	1
HOMINIDAE	9	0	59009856	-1	canFam2	11
HOMINIDAE	9	59009856	91718863	-1	canFam2	1
HOMINIDAE	9	91718863	95260597	-1	canFam2	1
HOMINIDAE	9	95260597	98227211	-1	canFam2	1
HOMINIDAE	9	98227211	124274395	1	canFam2	11
HOMINIDAE	9	124274395	139710911	-1	canFam2	9
HOMINIDAE	9	0	6022643	-1	capHir1	8
HOMINIDAE	9	6022643	8784820	-1	capHir1	8
HOMINIDAE	9	8784820	86692982	1	capHir1	8
HOMINIDAE	9	86692982	92358864	1	capHir1	8
HOMINIDAE	9	92358864	97448645	-1	capHir1	8
HOMINIDAE	9	97448645	99412425	1	capHir1	8
HOMINIDAE	9	99412425	102303180	1	capHir1	8
HOMINIDAE	9	102303180	126788191	1	capHir1	8
HOMINIDAE	9	126788191	139710911	1	capHir1	11
HOMINIDAE	9	0	6993696	-1	equCab2	25
HOMINIDAE	9	6993696	87944136	-1	equCab2	23
HOMINIDAE	9	87944136	91863431	-1	equCab2	23
HOMINIDAE	9	91863431	93810181	-1	equCab2	23
HOMINIDAE	9	93810181	96921442	-1	equCab2	23
HOMINIDAE	9	96921442	139710911	1	equCab2	25
HOMINIDAE	9	0	10751068	-1	galGal3	Z
HOMINIDAE	9	10751068	21436524	-1	galGal3	Z
HOMINIDAE	9	21436524	69449517	-1	galGal3	Z
HOMINIDAE	9	69449517	103226571	1	galGal3	Z
HOMINIDAE	9	103226571	115237357	1	galGal3	17
HOMINIDAE	9	115237357	126313109	1	galGal3	17
HOMINIDAE	9	126313109	139710911	1	galGal3	17
HOMINIDAE	9	0	69449517	-1	gorGor3	9
HOMINIDAE	9	69449517	139710911	1	gorGor3	9
HOMINIDAE	9	0	69449517	-1	hg19	9
HOMINIDAE	9	69449517	139710911	1	hg19	9
HOMINIDAE	9	0	20546515	-1	mm10	4
HOMINIDAE	9	20546515	59375962	-1	mm10	4
HOMINIDAE	9	59375962	83742066	-1	mm10	19
HOMINIDAE	9	83742066	87872652	1	mm10	4
HOMINIDAE	9	87872652	91269848	1	mm10	13
HOMINIDAE	9	91269848	94247241	1	mm10	13
HOMINIDAE	9	94247241	96182399	1	mm10	13
HOMINIDAE	9	96182399	128519928	1	mm10	4
HOMINIDAE	9	128519928	134317383	1	mm10	2
HOMINIDAE	9	134317383	137642594	-1	mm10	2
HOMINIDAE	9	137642594	139710911	1	mm10	2
HOMINIDAE	9	0	6779173	-1	monDom5	6
HOMINIDAE	9	6779173	10908663	1	monDom5	6
HOMINIDAE	9	10908663	34765381	-1	monDom5	6
HOMINIDAE	9	34765381	64340237	-1	monDom5	6
HOMINIDAE	9	64340237	79406128	-1	monDom5	6
HOMINIDAE	9	79406128	81404208	1	monDom5	6
HOMINIDAE	9	81404208	89474159	-1	monDom5	6
HOMINIDAE	9	89474159	91300284	1	monDom5	6
HOMINIDAE	9	91300284	92635962	-1	monDom5	6
HOMINIDAE	9	92635962	94843173	1	monDom5	6
HOMINIDAE	9	94843173	97189323	-1	monDom5	6
HOMINIDAE	9	97189323	101594588	-1	monDom5	6
HOMINIDAE	9	101594588	102971361	1	monDom5	6
HOMINIDAE	9	102971361	106724143	1	monDom5	6
HOMINIDAE	9	106724143	108164674	1	monDom5	6
HOMINIDAE	9	108164674	110238842	-1	monDom5	6
HOMINIDAE	9	110238842	111650311	-1	monDom5	1
HOMINIDAE	9	111650311	127888830	1	monDom5	1
HOMINIDAE	9	127888830	137813967	1	monDom5	1
HOMINIDAE	9	137813967	139710911	-1	monDom5	1
HOMINIDAE	9	0	100544913	1	oryCun2	1
HOMINIDAE	9	100544913	106717635	-1	oryCun2	1
HOMINIDAE	9	106717635	110799904	1	oryCun2	1
HOMINIDAE	9	110799904	139710911	-1	oryCun2	1
HOMINIDAE	9	0	69449517	-1	panTro3	9
HOMINIDAE	9	69449517	139710911	1	panTro3	9
HOMINIDAE	9	0	139710911	1	ponAbe2	9
HOMINIDAE	9	0	89894408	1	rheMac3	15
HOMINIDAE	9	89894408	97088648	1	rheMac3	15
HOMINIDAE	9	97088648	124736281	-1	rheMac3	15
HOMINIDAE	9	124736281	128830354	-1	rheMac3	15
HOMINIDAE	9	128830354	139710911	-1	rheMac3	15
HOMINIDAE	9	0	18889549	-1	rn4	5
HOMINIDAE	9	18889549	59517527	-1	rn4	5
HOMINIDAE	9	59517527	83566325	-1	rn4	1
HOMINIDAE	9	83566325	87938673	1	rn4	5
HOMINIDAE	9	87938673	91698386	-1	rn4	17
HOMINIDAE	9	91698386	94109122	-1	rn4	17
HOMINIDAE	9	94109122	96000388	-1	rn4	17
HOMINIDAE	9	96000388	128051495	1	rn4	5
HOMINIDAE	9	128051495	134564423	1	rn4	3
HOMINIDAE	9	134564423	137614927	-1	rn4	3
HOMINIDAE	9	137614927	139710911	1	rn4	3
HOMINIDAE	9	0	7534537	-1	susScr2	1
HOMINIDAE	9	7534537	20885403	1	susScr2	10
HOMINIDAE	9	20885403	85718242	1	susScr2	1
HOMINIDAE	9	85718242	89738577	-1	susScr2	10
HOMINIDAE	9	89738577	93867550	1	susScr2	14
HOMINIDAE	9	93867550	95922350	-1	susScr2	10
HOMINIDAE	9	95922350	139710911	1	susScr2	1
HOMINIDAE	9	0	6032653	-1	bosTau7	8
HOMINIDAE	9	6032653	8674416	-1	bosTau7	8
HOMINIDAE	9	8674416	86013159	1	bosTau7	8
HOMINIDAE	9	86013159	91450115	1	bosTau7	8
HOMINIDAE	9	91450115	96778027	-1	bosTau7	8
HOMINIDAE	9	96778027	98721024	1	bosTau7	8
HOMINIDAE	9	98721024	101348532	1	bosTau7	8
HOMINIDAE	9	101348532	103850875	1	bosTau7	8
HOMINIDAE	9	103850875	126998404	1	bosTau7	8
HOMINIDAE	9	126998404	139710911	1	bosTau7	11
HOMINIDAE	9	0	2559057	-1	calJac3	1
HOMINIDAE	9	2559057	89495063	-1	calJac3	1
HOMINIDAE	9	89495063	93811310	1	calJac3	1
HOMINIDAE	9	93811310	139710911	1	calJac3	1
HOMINIDAE	9	0	59009856	-1	canFam2	11
HOMINIDAE	9	59009856	91718863	-1	canFam2	1
HOMINIDAE	9	91718863	95260597	-1	canFam2	1
HOMINIDAE	9	95260597	98227211	-1	canFam2	1
HOMINIDAE	9	98227211	124274395	1	canFam2	11
HOMINIDAE	9	124274395	139710911	-1	canFam2	9
HOMINIDAE	9	0	6022643	-1	capHir1	8
HOMINIDAE	9	6022643	8784820	-1	capHir1	8
HOMINIDAE	9	8784820	86692982	1	capHir1	8
HOMINIDAE	9	86692982	92358864	1	capHir1	8
HOMINIDAE	9	92358864	97448645	-1	capHir1	8
HOMINIDAE	9	97448645	99412425	1	capHir1	8
HOMINIDAE	9	99412425	102303180	1	capHir1	8
HOMINIDAE	9	102303180	126788191	1	capHir1	8
HOMINIDAE	9	126788191	139710911	1	capHir1	11
HOMINIDAE	9	0	6993696	-1	equCab2	25
HOMINIDAE	9	6993696	87944136	-1	equCab2	23
HOMINIDAE	9	87944136	91863431	-1	equCab2	23
HOMINIDAE	9	91863431	93810181	-1	equCab2	23
HOMINIDAE	9	93810181	96921442	-1	equCab2	23
HOMINIDAE	9	96921442	139710911	1	equCab2	25
HOMINIDAE	9	0	10751068	-1	galGal3	Z
HOMINIDAE	9	10751068	21436524	-1	galGal3	Z
HOMINIDAE	9	21436524	69449517	-1	galGal3	Z
HOMINIDAE	9	69449517	103226571	1	galGal3	Z
HOMINIDAE	9	103226571	115237357	1	galGal3	17
HOMINIDAE	9	115237357	126313109	1	galGal3	17
HOMINIDAE	9	126313109	139710911	1	galGal3	17
HOMINIDAE	9	0	69449517	-1	gorGor3	9
HOMINIDAE	9	69449517	139710911	1	gorGor3	9
HOMINIDAE	9	0	69449517	-1	hg19	9
HOMINIDAE	9	69449517	139710911	1	hg19	9
HOMINIDAE	9	0	20546515	-1	mm10	4
HOMINIDAE	9	20546515	59375962	-1	mm10	4
HOMINIDAE	9	59375962	83742066	-1	mm10	19
HOMINIDAE	9	83742066	87872652	1	mm10	4
HOMINIDAE	9	87872652	91269848	1	mm10	13
HOMINIDAE	9	91269848	94247241	1	mm10	13
HOMINIDAE	9	94247241	96182399	1	mm10	13
HOMINIDAE	9	96182399	128519928	1	mm10	4
HOMINIDAE	9	128519928	134317383	1	mm10	2
HOMINIDAE	9	134317383	137642594	-1	mm10	2
HOMINIDAE	9	137642594	139710911	1	mm10	2
HOMINIDAE	9	0	6779173	-1	monDom5	6
HOMINIDAE	9	6779173	10908663	1	monDom5	6
HOMINIDAE	9	10908663	34765381	-1	monDom5	6
HOMINIDAE	9	34765381	64340237	-1	monDom5	6
HOMINIDAE	9	64340237	79406128	-1	monDom5	6
HOMINIDAE	9	79406128	81404208	1	monDom5	6
HOMINIDAE	9	81404208	89474159	-1	monDom5	6
HOMINIDAE	9	89474159	91300284	1	monDom5	6
HOMINIDAE	9	91300284	92635962	-1	monDom5	6
HOMINIDAE	9	92635962	94843173	1	monDom5	6
HOMINIDAE	9	94843173	97189323	-1	monDom5	6
HOMINIDAE	9	97189323	101594588	-1	monDom5	6
HOMINIDAE	9	101594588	102971361	1	monDom5	6
HOMINIDAE	9	102971361	106724143	1	monDom5	6
HOMINIDAE	9	106724143	108164674	1	monDom5	6
HOMINIDAE	9	108164674	110238842	-1	monDom5	6
HOMINIDAE	9	110238842	111650311	-1	monDom5	1
HOMINIDAE	9	111650311	127888830	1	monDom5	1
HOMINIDAE	9	127888830	137813967	1	monDom5	1
HOMINIDAE	9	137813967	139710911	-1	monDom5	1
HOMINIDAE	9	0	100544913	1	oryCun2	1
HOMINIDAE	9	100544913	106717635	-1	oryCun2	1
HOMINIDAE	9	106717635	110799904	1	oryCun2	1
HOMINIDAE	9	110799904	139710911	-1	oryCun2	1
HOMINIDAE	9	0	69449517	-1	panTro3	9
HOMINIDAE	9	69449517	139710911	1	panTro3	9
HOMINIDAE	9	0	139710911	1	ponAbe2	9
HOMINIDAE	9	0	89894408	1	rheMac3	15
HOMINIDAE	9	89894408	97088648	1	rheMac3	15
HOMINIDAE	9	97088648	124736281	-1	rheMac3	15
HOMINIDAE	9	124736281	128830354	-1	rheMac3	15
HOMINIDAE	9	128830354	139710911	-1	rheMac3	15
HOMINIDAE	9	0	18889549	-1	rn4	5
HOMINIDAE	9	18889549	59517527	-1	rn4	5
HOMINIDAE	9	59517527	83566325	-1	rn4	1
HOMINIDAE	9	83566325	87938673	1	rn4	5
HOMINIDAE	9	87938673	91698386	-1	rn4	17
HOMINIDAE	9	91698386	94109122	-1	rn4	17
HOMINIDAE	9	94109122	96000388	-1	rn4	17
HOMINIDAE	9	96000388	128051495	1	rn4	5
HOMINIDAE	9	128051495	134564423	1	rn4	3
HOMINIDAE	9	134564423	137614927	-1	rn4	3
HOMINIDAE	9	137614927	139710911	1	rn4	3
HOMINIDAE	9	0	7534537	-1	susScr2	1
HOMINIDAE	9	7534537	20885403	1	susScr2	10
HOMINIDAE	9	20885403	85718242	1	susScr2	1
HOMINIDAE	9	85718242	89738577	-1	susScr2	10
HOMINIDAE	9	89738577	93867550	1	susScr2	14
HOMINIDAE	9	93867550	95922350	-1	susScr2	10
HOMINIDAE	9	95922350	139710911	1	susScr2	1
