HOMINIDAE	10	0	15319956	-1	bosTau7	29
HOMINIDAE	10	15319956	44417916	-1	bosTau7	15
HOMINIDAE	10	44417916	52177300	1	bosTau7	29
HOMINIDAE	10	52177300	76035348	1	bosTau7	15
HOMINIDAE	10	76035348	95152118	-1	bosTau7	29
HOMINIDAE	10	95152118	108272900	-1	bosTau7	15
HOMINIDAE	10	108272900	125062873	1	bosTau7	15
HOMINIDAE	10	125062873	131380364	1	bosTau7	29
HOMINIDAE	10	131380364	134381072	-1	bosTau7	29
HOMINIDAE	10	0	101989953	-1	calJac3	11
HOMINIDAE	10	101989953	134381072	1	calJac3	11
HOMINIDAE	10	0	594537	1	canFam2	18
HOMINIDAE	10	594537	14359137	1	canFam2	18
HOMINIDAE	10	14359137	24883468	1	canFam2	18
HOMINIDAE	10	24883468	39519438	1	canFam2	18
HOMINIDAE	10	39519438	100573947	-1	canFam2	21
HOMINIDAE	10	100573947	134381072	-1	canFam2	5
HOMINIDAE	10	0	15487365	-1	capHir1	29
HOMINIDAE	10	15487365	44786300	-1	capHir1	15
HOMINIDAE	10	44786300	53066769	1	capHir1	29
HOMINIDAE	10	53066769	75691845	1	capHir1	15
HOMINIDAE	10	75691845	92561968	-1	capHir1	29
HOMINIDAE	10	92561968	105274579	-1	capHir1	15
HOMINIDAE	10	105274579	122010469	1	capHir1	15
HOMINIDAE	10	122010469	131679774	1	capHir1	29
HOMINIDAE	10	131679774	134381072	-1	capHir1	29
HOMINIDAE	10	0	408277	-1	equCab2	12
HOMINIDAE	10	408277	1673790	1	equCab2	12
HOMINIDAE	10	1673790	3334723	1	equCab2	12
HOMINIDAE	10	3334723	35415416	-1	equCab2	12
HOMINIDAE	10	35415416	91913686	-1	equCab2	7
HOMINIDAE	10	91913686	134381072	1	equCab2	7
HOMINIDAE	10	0	3334723	-1	galGal3	5
HOMINIDAE	10	3334723	25334771	-1	galGal3	5
HOMINIDAE	10	25334771	45947593	-1	galGal3	5
HOMINIDAE	10	45947593	57827249	-1	galGal3	5
HOMINIDAE	10	57827249	71055608	1	galGal3	5
HOMINIDAE	10	71055608	83261378	-1	galGal3	1
HOMINIDAE	10	83261378	88663538	1	galGal3	1
HOMINIDAE	10	88663538	118210282	-1	galGal3	1
HOMINIDAE	10	118210282	122442847	1	galGal3	24
HOMINIDAE	10	122442847	126799795	-1	galGal3	24
HOMINIDAE	10	126799795	134381072	1	galGal3	24
HOMINIDAE	10	0	3334723	1	gorGor3	11
HOMINIDAE	10	3334723	71055608	-1	gorGor3	11
HOMINIDAE	10	71055608	134381072	1	gorGor3	11
HOMINIDAE	10	0	3334723	1	hg19	11
HOMINIDAE	10	3334723	71055608	-1	hg19	11
HOMINIDAE	10	71055608	134381072	1	hg19	11
HOMINIDAE	10	0	5042285	1	mm10	7
HOMINIDAE	10	5042285	14914892	1	mm10	19
HOMINIDAE	10	14914892	44502006	1	mm10	2
HOMINIDAE	10	44502006	54883655	-1	mm10	7
HOMINIDAE	10	54883655	87414298	-1	mm10	7
HOMINIDAE	10	87414298	103877102	-1	mm10	9
HOMINIDAE	10	103877102	134381072	-1	mm10	9
HOMINIDAE	10	0	3334723	1	monDom5	5
HOMINIDAE	10	3334723	5867004	1	monDom5	8
HOMINIDAE	10	5867004	53655747	-1	monDom5	5
HOMINIDAE	10	53655747	58254276	1	monDom5	5
HOMINIDAE	10	58254276	65204565	-1	monDom5	5
HOMINIDAE	10	65204565	75020696	-1	monDom5	4
HOMINIDAE	10	75020696	84070352	-1	monDom5	4
HOMINIDAE	10	84070352	85935652	-1	monDom5	4
HOMINIDAE	10	85935652	97342857	-1	monDom5	4
HOMINIDAE	10	97342857	102882824	-1	monDom5	4
HOMINIDAE	10	102882824	107903816	1	monDom5	4
HOMINIDAE	10	107903816	124931461	-1	monDom5	4
HOMINIDAE	10	124931461	134381072	1	monDom5	4
HOMINIDAE	10	3334723	134381072	-1	oryCun2	1
HOMINIDAE	10	0	3334723	1	panTro3	11
HOMINIDAE	10	3334723	71055608	-1	panTro3	11
HOMINIDAE	10	71055608	134381072	1	panTro3	11
HOMINIDAE	10	0	134381072	1	ponAbe2	11
HOMINIDAE	10	0	6870633	1	rheMac3	14
HOMINIDAE	10	6870633	63040174	1	rheMac3	14
HOMINIDAE	10	63040174	64480163	-1	rheMac3	8
HOMINIDAE	10	64480163	91319693	1	rheMac3	14
HOMINIDAE	10	91319693	134381072	1	rheMac3	14
HOMINIDAE	10	0	14618599	1	rn4	1
HOMINIDAE	10	14618599	44839344	1	rn4	3
HOMINIDAE	10	44839344	55222517	-1	rn4	1
HOMINIDAE	10	55222517	87258111	-1	rn4	1
HOMINIDAE	10	87258111	102883526	-1	rn4	8
HOMINIDAE	10	102883526	134381072	-1	rn4	8
HOMINIDAE	10	0	1791206	-1	susScr2	2
HOMINIDAE	10	1791206	63323545	1	susScr2	2
HOMINIDAE	10	63323545	134381072	1	susScr2	9
HOMINIDAE	10	0	15319956	-1	bosTau7	29
HOMINIDAE	10	15319956	44417916	-1	bosTau7	15
HOMINIDAE	10	44417916	52177300	1	bosTau7	29
HOMINIDAE	10	52177300	76035348	1	bosTau7	15
HOMINIDAE	10	76035348	95152118	-1	bosTau7	29
HOMINIDAE	10	95152118	108272900	-1	bosTau7	15
HOMINIDAE	10	108272900	125062873	1	bosTau7	15
HOMINIDAE	10	125062873	131380364	1	bosTau7	29
HOMINIDAE	10	131380364	134381072	-1	bosTau7	29
HOMINIDAE	10	0	101989953	-1	calJac3	11
HOMINIDAE	10	101989953	134381072	1	calJac3	11
HOMINIDAE	10	0	594537	1	canFam2	18
HOMINIDAE	10	594537	14359137	1	canFam2	18
HOMINIDAE	10	14359137	24883468	1	canFam2	18
HOMINIDAE	10	24883468	39519438	1	canFam2	18
HOMINIDAE	10	39519438	100573947	-1	canFam2	21
HOMINIDAE	10	100573947	134381072	-1	canFam2	5
HOMINIDAE	10	0	15487365	-1	capHir1	29
HOMINIDAE	10	15487365	44786300	-1	capHir1	15
HOMINIDAE	10	44786300	53066769	1	capHir1	29
HOMINIDAE	10	53066769	75691845	1	capHir1	15
HOMINIDAE	10	75691845	92561968	-1	capHir1	29
HOMINIDAE	10	92561968	105274579	-1	capHir1	15
HOMINIDAE	10	105274579	122010469	1	capHir1	15
HOMINIDAE	10	122010469	131679774	1	capHir1	29
HOMINIDAE	10	131679774	134381072	-1	capHir1	29
HOMINIDAE	10	0	408277	-1	equCab2	12
HOMINIDAE	10	408277	1673790	1	equCab2	12
HOMINIDAE	10	1673790	3334723	1	equCab2	12
HOMINIDAE	10	3334723	35415416	-1	equCab2	12
HOMINIDAE	10	35415416	91913686	-1	equCab2	7
HOMINIDAE	10	91913686	134381072	1	equCab2	7
HOMINIDAE	10	0	3334723	-1	galGal3	5
HOMINIDAE	10	3334723	25334771	-1	galGal3	5
HOMINIDAE	10	25334771	45947593	-1	galGal3	5
HOMINIDAE	10	45947593	57827249	-1	galGal3	5
HOMINIDAE	10	57827249	71055608	1	galGal3	5
HOMINIDAE	10	71055608	83261378	-1	galGal3	1
HOMINIDAE	10	83261378	88663538	1	galGal3	1
HOMINIDAE	10	88663538	118210282	-1	galGal3	1
HOMINIDAE	10	118210282	122442847	1	galGal3	24
HOMINIDAE	10	122442847	126799795	-1	galGal3	24
HOMINIDAE	10	126799795	134381072	1	galGal3	24
HOMINIDAE	10	0	3334723	1	gorGor3	11
HOMINIDAE	10	3334723	71055608	-1	gorGor3	11
HOMINIDAE	10	71055608	134381072	1	gorGor3	11
HOMINIDAE	10	0	3334723	1	hg19	11
HOMINIDAE	10	3334723	71055608	-1	hg19	11
HOMINIDAE	10	71055608	134381072	1	hg19	11
HOMINIDAE	10	0	5042285	1	mm10	7
HOMINIDAE	10	5042285	14914892	1	mm10	19
HOMINIDAE	10	14914892	44502006	1	mm10	2
HOMINIDAE	10	44502006	54883655	-1	mm10	7
HOMINIDAE	10	54883655	87414298	-1	mm10	7
HOMINIDAE	10	87414298	103877102	-1	mm10	9
HOMINIDAE	10	103877102	134381072	-1	mm10	9
HOMINIDAE	10	0	3334723	1	monDom5	5
HOMINIDAE	10	3334723	5867004	1	monDom5	8
HOMINIDAE	10	5867004	53655747	-1	monDom5	5
HOMINIDAE	10	53655747	58254276	1	monDom5	5
HOMINIDAE	10	58254276	65204565	-1	monDom5	5
HOMINIDAE	10	65204565	75020696	-1	monDom5	4
HOMINIDAE	10	75020696	84070352	-1	monDom5	4
HOMINIDAE	10	84070352	85935652	-1	monDom5	4
HOMINIDAE	10	85935652	97342857	-1	monDom5	4
HOMINIDAE	10	97342857	102882824	-1	monDom5	4
HOMINIDAE	10	102882824	107903816	1	monDom5	4
HOMINIDAE	10	107903816	124931461	-1	monDom5	4
HOMINIDAE	10	124931461	134381072	1	monDom5	4
HOMINIDAE	10	3334723	134381072	-1	oryCun2	1
HOMINIDAE	10	0	3334723	1	panTro3	11
HOMINIDAE	10	3334723	71055608	-1	panTro3	11
HOMINIDAE	10	71055608	134381072	1	panTro3	11
HOMINIDAE	10	0	134381072	1	ponAbe2	11
HOMINIDAE	10	0	6870633	1	rheMac3	14
HOMINIDAE	10	6870633	63040174	1	rheMac3	14
HOMINIDAE	10	63040174	64480163	-1	rheMac3	8
HOMINIDAE	10	64480163	91319693	1	rheMac3	14
HOMINIDAE	10	91319693	134381072	1	rheMac3	14
HOMINIDAE	10	0	14618599	1	rn4	1
HOMINIDAE	10	14618599	44839344	1	rn4	3
HOMINIDAE	10	44839344	55222517	-1	rn4	1
HOMINIDAE	10	55222517	87258111	-1	rn4	1
HOMINIDAE	10	87258111	102883526	-1	rn4	8
HOMINIDAE	10	102883526	134381072	-1	rn4	8
HOMINIDAE	10	0	1791206	-1	susScr2	2
HOMINIDAE	10	1791206	63323545	1	susScr2	2
HOMINIDAE	10	63323545	134381072	1	susScr2	9
HOMINIDAE	10	0	15319956	-1	bosTau7	29
HOMINIDAE	10	15319956	44417916	-1	bosTau7	15
HOMINIDAE	10	44417916	52177300	1	bosTau7	29
HOMINIDAE	10	52177300	76035348	1	bosTau7	15
HOMINIDAE	10	76035348	95152118	-1	bosTau7	29
HOMINIDAE	10	95152118	108272900	-1	bosTau7	15
HOMINIDAE	10	108272900	125062873	1	bosTau7	15
HOMINIDAE	10	125062873	131380364	1	bosTau7	29
HOMINIDAE	10	131380364	134381072	-1	bosTau7	29
HOMINIDAE	10	0	101989953	-1	calJac3	11
HOMINIDAE	10	101989953	134381072	1	calJac3	11
HOMINIDAE	10	0	594537	1	canFam2	18
HOMINIDAE	10	594537	14359137	1	canFam2	18
HOMINIDAE	10	14359137	24883468	1	canFam2	18
HOMINIDAE	10	24883468	39519438	1	canFam2	18
HOMINIDAE	10	39519438	100573947	-1	canFam2	21
HOMINIDAE	10	100573947	134381072	-1	canFam2	5
HOMINIDAE	10	0	15487365	-1	capHir1	29
HOMINIDAE	10	15487365	44786300	-1	capHir1	15
HOMINIDAE	10	44786300	53066769	1	capHir1	29
HOMINIDAE	10	53066769	75691845	1	capHir1	15
HOMINIDAE	10	75691845	92561968	-1	capHir1	29
HOMINIDAE	10	92561968	105274579	-1	capHir1	15
HOMINIDAE	10	105274579	122010469	1	capHir1	15
HOMINIDAE	10	122010469	131679774	1	capHir1	29
HOMINIDAE	10	131679774	134381072	-1	capHir1	29
HOMINIDAE	10	0	408277	-1	equCab2	12
HOMINIDAE	10	408277	1673790	1	equCab2	12
HOMINIDAE	10	1673790	3334723	1	equCab2	12
HOMINIDAE	10	3334723	35415416	-1	equCab2	12
HOMINIDAE	10	35415416	91913686	-1	equCab2	7
HOMINIDAE	10	91913686	134381072	1	equCab2	7
HOMINIDAE	10	0	3334723	-1	galGal3	5
HOMINIDAE	10	3334723	25334771	-1	galGal3	5
HOMINIDAE	10	25334771	45947593	-1	galGal3	5
HOMINIDAE	10	45947593	57827249	-1	galGal3	5
HOMINIDAE	10	57827249	71055608	1	galGal3	5
HOMINIDAE	10	71055608	83261378	-1	galGal3	1
HOMINIDAE	10	83261378	88663538	1	galGal3	1
HOMINIDAE	10	88663538	118210282	-1	galGal3	1
HOMINIDAE	10	118210282	122442847	1	galGal3	24
HOMINIDAE	10	122442847	126799795	-1	galGal3	24
HOMINIDAE	10	126799795	134381072	1	galGal3	24
HOMINIDAE	10	0	3334723	1	gorGor3	11
HOMINIDAE	10	3334723	71055608	-1	gorGor3	11
HOMINIDAE	10	71055608	134381072	1	gorGor3	11
HOMINIDAE	10	0	3334723	1	hg19	11
HOMINIDAE	10	3334723	71055608	-1	hg19	11
HOMINIDAE	10	71055608	134381072	1	hg19	11
HOMINIDAE	10	0	5042285	1	mm10	7
HOMINIDAE	10	5042285	14914892	1	mm10	19
HOMINIDAE	10	14914892	44502006	1	mm10	2
HOMINIDAE	10	44502006	54883655	-1	mm10	7
HOMINIDAE	10	54883655	87414298	-1	mm10	7
HOMINIDAE	10	87414298	103877102	-1	mm10	9
HOMINIDAE	10	103877102	134381072	-1	mm10	9
HOMINIDAE	10	0	3334723	1	monDom5	5
HOMINIDAE	10	3334723	5867004	1	monDom5	8
HOMINIDAE	10	5867004	53655747	-1	monDom5	5
HOMINIDAE	10	53655747	58254276	1	monDom5	5
HOMINIDAE	10	58254276	65204565	-1	monDom5	5
HOMINIDAE	10	65204565	75020696	-1	monDom5	4
HOMINIDAE	10	75020696	84070352	-1	monDom5	4
HOMINIDAE	10	84070352	85935652	-1	monDom5	4
HOMINIDAE	10	85935652	97342857	-1	monDom5	4
HOMINIDAE	10	97342857	102882824	-1	monDom5	4
HOMINIDAE	10	102882824	107903816	1	monDom5	4
HOMINIDAE	10	107903816	124931461	-1	monDom5	4
HOMINIDAE	10	124931461	134381072	1	monDom5	4
HOMINIDAE	10	3334723	134381072	-1	oryCun2	1
HOMINIDAE	10	0	3334723	1	panTro3	11
HOMINIDAE	10	3334723	71055608	-1	panTro3	11
HOMINIDAE	10	71055608	134381072	1	panTro3	11
HOMINIDAE	10	0	134381072	1	ponAbe2	11
HOMINIDAE	10	0	6870633	1	rheMac3	14
HOMINIDAE	10	6870633	63040174	1	rheMac3	14
HOMINIDAE	10	63040174	64480163	-1	rheMac3	8
HOMINIDAE	10	64480163	91319693	1	rheMac3	14
HOMINIDAE	10	91319693	134381072	1	rheMac3	14
HOMINIDAE	10	0	14618599	1	rn4	1
HOMINIDAE	10	14618599	44839344	1	rn4	3
HOMINIDAE	10	44839344	55222517	-1	rn4	1
HOMINIDAE	10	55222517	87258111	-1	rn4	1
HOMINIDAE	10	87258111	102883526	-1	rn4	8
HOMINIDAE	10	102883526	134381072	-1	rn4	8
HOMINIDAE	10	0	1791206	-1	susScr2	2
HOMINIDAE	10	1791206	63323545	1	susScr2	2
HOMINIDAE	10	63323545	134381072	1	susScr2	9
