HOMINIDAE	15	0	59240641	-1	bosTau7	12
HOMINIDAE	15	59240641	71555306	1	bosTau7	12
HOMINIDAE	15	71555306	78907061	-1	bosTau7	12
HOMINIDAE	15	78907061	96081494	1	bosTau7	12
HOMINIDAE	15	0	32466787	-1	calJac3	1
HOMINIDAE	15	32466787	75161711	1	calJac3	1
HOMINIDAE	15	75161711	96081494	-1	calJac3	5
HOMINIDAE	15	0	68467890	-1	canFam2	22
HOMINIDAE	15	68467890	74751868	1	canFam2	22
HOMINIDAE	15	74751868	96081494	1	canFam2	25
HOMINIDAE	15	0	61031844	-1	capHir1	12
HOMINIDAE	15	61031844	72089526	1	capHir1	12
HOMINIDAE	15	72089526	78948139	-1	capHir1	12
HOMINIDAE	15	78948139	96081494	1	capHir1	12
HOMINIDAE	15	0	67559188	-1	equCab2	17
HOMINIDAE	15	67559188	74298502	1	equCab2	17
HOMINIDAE	15	74298502	96081494	-1	equCab2	17
HOMINIDAE	15	0	5014805	-1	galGal3	1
HOMINIDAE	15	5014805	70904486	1	galGal3	1
HOMINIDAE	15	70904486	76580541	-1	galGal3	1
HOMINIDAE	15	76580541	96081494	1	galGal3	1
HOMINIDAE	15	0	96081494	-1	gorGor3	13
HOMINIDAE	15	0	96081494	-1	hg19	13
HOMINIDAE	15	0	12848649	-1	mm10	8
HOMINIDAE	15	12848649	76583792	-1	mm10	14
HOMINIDAE	15	76583792	80080628	1	mm10	14
HOMINIDAE	15	80080628	85252007	1	mm10	3
HOMINIDAE	15	85252007	92634268	-1	mm10	5
HOMINIDAE	15	92634268	96081494	-1	mm10	14
HOMINIDAE	15	0	38681641	1	monDom5	7
HOMINIDAE	15	38681641	56493350	-1	monDom5	7
HOMINIDAE	15	56493350	70414159	1	monDom5	7
HOMINIDAE	15	70414159	76703545	1	monDom5	4
HOMINIDAE	15	76703545	96081494	-1	monDom5	4
HOMINIDAE	15	0	86594144	-1	oryCun2	8
HOMINIDAE	15	86594144	96081494	1	oryCun2	8
HOMINIDAE	15	0	96081494	-1	panTro3	13
HOMINIDAE	15	0	96081494	-1	ponAbe2	13
HOMINIDAE	15	0	96081494	-1	rheMac3	17
HOMINIDAE	15	0	12445885	1	rn4	16
HOMINIDAE	15	12445885	77235704	-1	rn4	15
HOMINIDAE	15	77235704	80832504	1	rn4	15
HOMINIDAE	15	80832504	86038603	1	rn4	2
HOMINIDAE	15	86038603	92757394	1	rn4	12
HOMINIDAE	15	92757394	96081494	-1	rn4	15
HOMINIDAE	15	0	72145781	-1	susScr2	11
HOMINIDAE	15	72145781	76921846	1	susScr2	11
HOMINIDAE	15	76921846	96081494	-1	susScr2	11
