HOMINIDAE	3	0	4142810	1	bosTau7	6
HOMINIDAE	3	4142810	5478909	-1	bosTau7	6
HOMINIDAE	3	5478909	7308240	1	bosTau7	6
HOMINIDAE	3	7308240	7832910	-1	bosTau7	6
HOMINIDAE	3	7832910	16092379	1	bosTau7	6
HOMINIDAE	3	16092379	84133458	1	bosTau7	6
HOMINIDAE	3	84133458	118989077	-1	bosTau7	6
HOMINIDAE	3	118989077	154083394	-1	bosTau7	17
HOMINIDAE	3	154083394	162927232	-1	bosTau7	17
HOMINIDAE	3	162927232	166171817	-1	bosTau7	6
HOMINIDAE	3	166171817	173364747	1	bosTau7	8
HOMINIDAE	3	173364747	186388243	1	bosTau7	27
HOMINIDAE	3	0	186388243	-1	calJac3	3
HOMINIDAE	3	0	726820	-1	canFam2	3
HOMINIDAE	3	726820	6157278	-1	canFam2	3
HOMINIDAE	3	6157278	16490240	-1	canFam2	3
HOMINIDAE	3	16490240	40337728	-1	canFam2	3
HOMINIDAE	3	40337728	70510657	1	canFam2	13
HOMINIDAE	3	70510657	71041065	-1	canFam2	15
HOMINIDAE	3	71041065	116236821	1	canFam2	32
HOMINIDAE	3	116236821	139391266	-1	canFam2	19
HOMINIDAE	3	139391266	163903845	1	canFam2	15
HOMINIDAE	3	163903845	171766679	1	canFam2	25
HOMINIDAE	3	171766679	186388243	-1	canFam2	16
HOMINIDAE	3	0	5774611	-1	capHir1	6
HOMINIDAE	3	5774611	16406619	1	capHir1	6
HOMINIDAE	3	16406619	84231186	1	capHir1	6
HOMINIDAE	3	84231186	118855883	-1	capHir1	6
HOMINIDAE	3	118855883	154959816	-1	capHir1	17
HOMINIDAE	3	154959816	163288992	-1	capHir1	17
HOMINIDAE	3	163288992	166014671	-1	capHir1	6
HOMINIDAE	3	166014671	173353426	1	capHir1	8
HOMINIDAE	3	173353426	186388243	1	capHir1	27
HOMINIDAE	3	0	100387011	-1	equCab2	3
HOMINIDAE	3	100387011	174634876	-1	equCab2	2
HOMINIDAE	3	174634876	186388243	-1	equCab2	27
HOMINIDAE	3	0	4142810	1	gorGor3	4
HOMINIDAE	3	4142810	8311285	-1	gorGor3	4
HOMINIDAE	3	8311285	186388243	1	gorGor3	4
HOMINIDAE	3	0	4142810	1	hg19	4
HOMINIDAE	3	4142810	8311285	-1	hg19	4
HOMINIDAE	3	8311285	186388243	1	hg19	4
HOMINIDAE	3	0	732376	1	mm10	5
HOMINIDAE	3	732376	84124017	1	mm10	5
HOMINIDAE	3	84124017	91575851	1	mm10	6
HOMINIDAE	3	91575851	114791566	-1	mm10	3
HOMINIDAE	3	114791566	133581518	1	mm10	3
HOMINIDAE	3	133581518	143162447	-1	mm10	8
HOMINIDAE	3	143162447	155936472	-1	mm10	3
HOMINIDAE	3	155936472	186388243	-1	mm10	8
HOMINIDAE	3	0	92616	1	monDom5	4
HOMINIDAE	3	92616	403705	-1	monDom5	5
HOMINIDAE	3	403705	65727148	-1	monDom5	5
HOMINIDAE	3	65727148	66114240	1	monDom5	5
HOMINIDAE	3	66114240	70529417	1	monDom5	5
HOMINIDAE	3	70529417	71124213	1	monDom5	5
HOMINIDAE	3	71124213	72376554	-1	monDom5	5
HOMINIDAE	3	72376554	76829340	-1	monDom5	5
HOMINIDAE	3	76829340	79003366	1	monDom5	5
HOMINIDAE	3	79003366	79381021	-1	monDom5	5
HOMINIDAE	3	79381021	81326042	1	monDom5	5
HOMINIDAE	3	81326042	87948429	-1	monDom5	5
HOMINIDAE	3	87948429	100780494	-1	monDom5	5
HOMINIDAE	3	100780494	109673700	1	monDom5	5
HOMINIDAE	3	109673700	117260474	-1	monDom5	5
HOMINIDAE	3	117260474	186388243	-1	monDom5	5
HOMINIDAE	3	4142810	48344854	1	oryCun2	2
HOMINIDAE	3	48344854	79464096	-1	oryCun2	15
HOMINIDAE	3	79464096	83868771	1	oryCun2	15
HOMINIDAE	3	83868771	119207827	-1	oryCun2	15
HOMINIDAE	3	119207827	136087751	1	oryCun2	15
HOMINIDAE	3	136087751	162728252	-1	oryCun2	15
HOMINIDAE	3	162728252	186388243	1	oryCun2	2
HOMINIDAE	3	0	4142810	1	panTro3	4
HOMINIDAE	3	4142810	8311285	-1	panTro3	4
HOMINIDAE	3	8311285	43535035	1	panTro3	4
HOMINIDAE	3	43535035	65235778	-1	panTro3	4
HOMINIDAE	3	65235778	65727148	1	panTro3	4
HOMINIDAE	3	65727148	81326042	-1	panTro3	4
HOMINIDAE	3	81326042	186388243	1	panTro3	4
HOMINIDAE	3	0	48344854	1	ponAbe2	4
HOMINIDAE	3	48344854	65235778	-1	ponAbe2	4
HOMINIDAE	3	65235778	186388243	1	ponAbe2	4
HOMINIDAE	3	0	4142810	-1	rheMac3	1
HOMINIDAE	3	4142810	48344854	1	rheMac3	5
HOMINIDAE	3	48344854	65235778	-1	rheMac3	5
HOMINIDAE	3	65235778	65670611	1	rheMac3	5
HOMINIDAE	3	65670611	81326042	-1	rheMac3	5
HOMINIDAE	3	81326042	186388243	1	rheMac3	5
HOMINIDAE	3	0	887096	-1	rn4	14
HOMINIDAE	3	887096	83886138	-1	rn4	14
HOMINIDAE	3	83886138	91231676	1	rn4	4
HOMINIDAE	3	91231676	113478017	-1	rn4	2
HOMINIDAE	3	113478017	132912003	1	rn4	2
HOMINIDAE	3	132912003	141736571	1	rn4	19
HOMINIDAE	3	141736571	154419077	-1	rn4	2
HOMINIDAE	3	154419077	186388243	1	rn4	16
HOMINIDAE	3	0	4142810	1	susScr2	8
HOMINIDAE	3	4142810	7038925	-1	susScr2	8
HOMINIDAE	3	7038925	8311285	1	susScr2	8
HOMINIDAE	3	8311285	10494575	-1	susScr2	8
HOMINIDAE	3	10494575	51862904	1	susScr2	8
HOMINIDAE	3	51862904	53392995	-1	susScr2	8
HOMINIDAE	3	53392995	74476789	1	susScr2	8
HOMINIDAE	3	74476789	149887084	-1	susScr2	8
HOMINIDAE	3	149887084	160802554	1	susScr2	8
HOMINIDAE	3	160802554	170591004	-1	susScr2	14
HOMINIDAE	3	170591004	183000457	1	susScr2	15
HOMINIDAE	3	183000457	186388243	-1	susScr2	17
HOMINIDAE	3	0	4142810	1	bosTau7	6
HOMINIDAE	3	4142810	5478909	-1	bosTau7	6
HOMINIDAE	3	5478909	7308240	1	bosTau7	6
HOMINIDAE	3	7308240	7832910	-1	bosTau7	6
HOMINIDAE	3	7832910	16092379	1	bosTau7	6
HOMINIDAE	3	16092379	84133458	1	bosTau7	6
HOMINIDAE	3	84133458	118989077	-1	bosTau7	6
HOMINIDAE	3	118989077	154083394	-1	bosTau7	17
HOMINIDAE	3	154083394	162927232	-1	bosTau7	17
HOMINIDAE	3	162927232	166171817	-1	bosTau7	6
HOMINIDAE	3	166171817	173364747	1	bosTau7	8
HOMINIDAE	3	173364747	186388243	1	bosTau7	27
HOMINIDAE	3	0	186388243	-1	calJac3	3
HOMINIDAE	3	0	726820	-1	canFam2	3
HOMINIDAE	3	726820	6157278	-1	canFam2	3
HOMINIDAE	3	6157278	16490240	-1	canFam2	3
HOMINIDAE	3	16490240	40337728	-1	canFam2	3
HOMINIDAE	3	40337728	70510657	1	canFam2	13
HOMINIDAE	3	70510657	71041065	-1	canFam2	15
HOMINIDAE	3	71041065	116236821	1	canFam2	32
HOMINIDAE	3	116236821	139391266	-1	canFam2	19
HOMINIDAE	3	139391266	163903845	1	canFam2	15
HOMINIDAE	3	163903845	171766679	1	canFam2	25
HOMINIDAE	3	171766679	186388243	-1	canFam2	16
HOMINIDAE	3	0	5774611	-1	capHir1	6
HOMINIDAE	3	5774611	16406619	1	capHir1	6
HOMINIDAE	3	16406619	84231186	1	capHir1	6
HOMINIDAE	3	84231186	118855883	-1	capHir1	6
HOMINIDAE	3	118855883	154959816	-1	capHir1	17
HOMINIDAE	3	154959816	163288992	-1	capHir1	17
HOMINIDAE	3	163288992	166014671	-1	capHir1	6
HOMINIDAE	3	166014671	173353426	1	capHir1	8
HOMINIDAE	3	173353426	186388243	1	capHir1	27
HOMINIDAE	3	0	100387011	-1	equCab2	3
HOMINIDAE	3	100387011	174634876	-1	equCab2	2
HOMINIDAE	3	174634876	186388243	-1	equCab2	27
HOMINIDAE	3	0	4142810	1	gorGor3	4
HOMINIDAE	3	4142810	8311285	-1	gorGor3	4
HOMINIDAE	3	8311285	186388243	1	gorGor3	4
HOMINIDAE	3	0	4142810	1	hg19	4
HOMINIDAE	3	4142810	8311285	-1	hg19	4
HOMINIDAE	3	8311285	186388243	1	hg19	4
HOMINIDAE	3	0	732376	1	mm10	5
HOMINIDAE	3	732376	84124017	1	mm10	5
HOMINIDAE	3	84124017	91575851	1	mm10	6
HOMINIDAE	3	91575851	114791566	-1	mm10	3
HOMINIDAE	3	114791566	133581518	1	mm10	3
HOMINIDAE	3	133581518	143162447	-1	mm10	8
HOMINIDAE	3	143162447	155936472	-1	mm10	3
HOMINIDAE	3	155936472	186388243	-1	mm10	8
HOMINIDAE	3	0	92616	1	monDom5	4
HOMINIDAE	3	92616	403705	-1	monDom5	5
HOMINIDAE	3	403705	65727148	-1	monDom5	5
HOMINIDAE	3	65727148	66114240	1	monDom5	5
HOMINIDAE	3	66114240	70529417	1	monDom5	5
HOMINIDAE	3	70529417	71124213	1	monDom5	5
HOMINIDAE	3	71124213	72376554	-1	monDom5	5
HOMINIDAE	3	72376554	76829340	-1	monDom5	5
HOMINIDAE	3	76829340	79003366	1	monDom5	5
HOMINIDAE	3	79003366	79381021	-1	monDom5	5
HOMINIDAE	3	79381021	81326042	1	monDom5	5
HOMINIDAE	3	81326042	87948429	-1	monDom5	5
HOMINIDAE	3	87948429	100780494	-1	monDom5	5
HOMINIDAE	3	100780494	109673700	1	monDom5	5
HOMINIDAE	3	109673700	117260474	-1	monDom5	5
HOMINIDAE	3	117260474	186388243	-1	monDom5	5
HOMINIDAE	3	4142810	48344854	1	oryCun2	2
HOMINIDAE	3	48344854	79464096	-1	oryCun2	15
HOMINIDAE	3	79464096	83868771	1	oryCun2	15
HOMINIDAE	3	83868771	119207827	-1	oryCun2	15
HOMINIDAE	3	119207827	136087751	1	oryCun2	15
HOMINIDAE	3	136087751	162728252	-1	oryCun2	15
HOMINIDAE	3	162728252	186388243	1	oryCun2	2
HOMINIDAE	3	0	4142810	1	panTro3	4
HOMINIDAE	3	4142810	8311285	-1	panTro3	4
HOMINIDAE	3	8311285	43535035	1	panTro3	4
HOMINIDAE	3	43535035	65235778	-1	panTro3	4
HOMINIDAE	3	65235778	65727148	1	panTro3	4
HOMINIDAE	3	65727148	81326042	-1	panTro3	4
HOMINIDAE	3	81326042	186388243	1	panTro3	4
HOMINIDAE	3	0	48344854	1	ponAbe2	4
HOMINIDAE	3	48344854	65235778	-1	ponAbe2	4
HOMINIDAE	3	65235778	186388243	1	ponAbe2	4
HOMINIDAE	3	0	4142810	-1	rheMac3	1
HOMINIDAE	3	4142810	48344854	1	rheMac3	5
HOMINIDAE	3	48344854	65235778	-1	rheMac3	5
HOMINIDAE	3	65235778	65670611	1	rheMac3	5
HOMINIDAE	3	65670611	81326042	-1	rheMac3	5
HOMINIDAE	3	81326042	186388243	1	rheMac3	5
HOMINIDAE	3	0	887096	-1	rn4	14
HOMINIDAE	3	887096	83886138	-1	rn4	14
HOMINIDAE	3	83886138	91231676	1	rn4	4
HOMINIDAE	3	91231676	113478017	-1	rn4	2
HOMINIDAE	3	113478017	132912003	1	rn4	2
HOMINIDAE	3	132912003	141736571	1	rn4	19
HOMINIDAE	3	141736571	154419077	-1	rn4	2
HOMINIDAE	3	154419077	186388243	1	rn4	16
HOMINIDAE	3	0	4142810	1	susScr2	8
HOMINIDAE	3	4142810	7038925	-1	susScr2	8
HOMINIDAE	3	7038925	8311285	1	susScr2	8
HOMINIDAE	3	8311285	10494575	-1	susScr2	8
HOMINIDAE	3	10494575	51862904	1	susScr2	8
HOMINIDAE	3	51862904	53392995	-1	susScr2	8
HOMINIDAE	3	53392995	74476789	1	susScr2	8
HOMINIDAE	3	74476789	149887084	-1	susScr2	8
HOMINIDAE	3	149887084	160802554	1	susScr2	8
HOMINIDAE	3	160802554	170591004	-1	susScr2	14
HOMINIDAE	3	170591004	183000457	1	susScr2	15
HOMINIDAE	3	183000457	186388243	-1	susScr2	17
HOMINIDAE	3	0	4142810	1	bosTau7	6
HOMINIDAE	3	4142810	5478909	-1	bosTau7	6
HOMINIDAE	3	5478909	7308240	1	bosTau7	6
HOMINIDAE	3	7308240	7832910	-1	bosTau7	6
HOMINIDAE	3	7832910	16092379	1	bosTau7	6
HOMINIDAE	3	16092379	84133458	1	bosTau7	6
HOMINIDAE	3	84133458	118989077	-1	bosTau7	6
HOMINIDAE	3	118989077	154083394	-1	bosTau7	17
HOMINIDAE	3	154083394	162927232	-1	bosTau7	17
HOMINIDAE	3	162927232	166171817	-1	bosTau7	6
HOMINIDAE	3	166171817	173364747	1	bosTau7	8
HOMINIDAE	3	173364747	186388243	1	bosTau7	27
HOMINIDAE	3	0	186388243	-1	calJac3	3
HOMINIDAE	3	0	726820	-1	canFam2	3
HOMINIDAE	3	726820	6157278	-1	canFam2	3
HOMINIDAE	3	6157278	16490240	-1	canFam2	3
HOMINIDAE	3	16490240	40337728	-1	canFam2	3
HOMINIDAE	3	40337728	70510657	1	canFam2	13
HOMINIDAE	3	70510657	71041065	-1	canFam2	15
HOMINIDAE	3	71041065	116236821	1	canFam2	32
HOMINIDAE	3	116236821	139391266	-1	canFam2	19
HOMINIDAE	3	139391266	163903845	1	canFam2	15
HOMINIDAE	3	163903845	171766679	1	canFam2	25
HOMINIDAE	3	171766679	186388243	-1	canFam2	16
HOMINIDAE	3	0	5774611	-1	capHir1	6
HOMINIDAE	3	5774611	16406619	1	capHir1	6
HOMINIDAE	3	16406619	84231186	1	capHir1	6
HOMINIDAE	3	84231186	118855883	-1	capHir1	6
HOMINIDAE	3	118855883	154959816	-1	capHir1	17
HOMINIDAE	3	154959816	163288992	-1	capHir1	17
HOMINIDAE	3	163288992	166014671	-1	capHir1	6
HOMINIDAE	3	166014671	173353426	1	capHir1	8
HOMINIDAE	3	173353426	186388243	1	capHir1	27
HOMINIDAE	3	0	100387011	-1	equCab2	3
HOMINIDAE	3	100387011	174634876	-1	equCab2	2
HOMINIDAE	3	174634876	186388243	-1	equCab2	27
HOMINIDAE	3	0	4142810	1	gorGor3	4
HOMINIDAE	3	4142810	8311285	-1	gorGor3	4
HOMINIDAE	3	8311285	186388243	1	gorGor3	4
HOMINIDAE	3	0	4142810	1	hg19	4
HOMINIDAE	3	4142810	8311285	-1	hg19	4
HOMINIDAE	3	8311285	186388243	1	hg19	4
HOMINIDAE	3	0	732376	1	mm10	5
HOMINIDAE	3	732376	84124017	1	mm10	5
HOMINIDAE	3	84124017	91575851	1	mm10	6
HOMINIDAE	3	91575851	114791566	-1	mm10	3
HOMINIDAE	3	114791566	133581518	1	mm10	3
HOMINIDAE	3	133581518	143162447	-1	mm10	8
HOMINIDAE	3	143162447	155936472	-1	mm10	3
HOMINIDAE	3	155936472	186388243	-1	mm10	8
HOMINIDAE	3	0	92616	1	monDom5	4
HOMINIDAE	3	92616	403705	-1	monDom5	5
HOMINIDAE	3	403705	65727148	-1	monDom5	5
HOMINIDAE	3	65727148	66114240	1	monDom5	5
HOMINIDAE	3	66114240	70529417	1	monDom5	5
HOMINIDAE	3	70529417	71124213	1	monDom5	5
HOMINIDAE	3	71124213	72376554	-1	monDom5	5
HOMINIDAE	3	72376554	76829340	-1	monDom5	5
HOMINIDAE	3	76829340	79003366	1	monDom5	5
HOMINIDAE	3	79003366	79381021	-1	monDom5	5
HOMINIDAE	3	79381021	81326042	1	monDom5	5
HOMINIDAE	3	81326042	87948429	-1	monDom5	5
HOMINIDAE	3	87948429	100780494	-1	monDom5	5
HOMINIDAE	3	100780494	109673700	1	monDom5	5
HOMINIDAE	3	109673700	117260474	-1	monDom5	5
HOMINIDAE	3	117260474	186388243	-1	monDom5	5
HOMINIDAE	3	4142810	48344854	1	oryCun2	2
HOMINIDAE	3	48344854	79464096	-1	oryCun2	15
HOMINIDAE	3	79464096	83868771	1	oryCun2	15
HOMINIDAE	3	83868771	119207827	-1	oryCun2	15
HOMINIDAE	3	119207827	136087751	1	oryCun2	15
HOMINIDAE	3	136087751	162728252	-1	oryCun2	15
HOMINIDAE	3	162728252	186388243	1	oryCun2	2
HOMINIDAE	3	0	4142810	1	panTro3	4
HOMINIDAE	3	4142810	8311285	-1	panTro3	4
HOMINIDAE	3	8311285	43535035	1	panTro3	4
HOMINIDAE	3	43535035	65235778	-1	panTro3	4
HOMINIDAE	3	65235778	65727148	1	panTro3	4
HOMINIDAE	3	65727148	81326042	-1	panTro3	4
HOMINIDAE	3	81326042	186388243	1	panTro3	4
HOMINIDAE	3	0	48344854	1	ponAbe2	4
HOMINIDAE	3	48344854	65235778	-1	ponAbe2	4
HOMINIDAE	3	65235778	186388243	1	ponAbe2	4
HOMINIDAE	3	0	4142810	-1	rheMac3	1
HOMINIDAE	3	4142810	48344854	1	rheMac3	5
HOMINIDAE	3	48344854	65235778	-1	rheMac3	5
HOMINIDAE	3	65235778	65670611	1	rheMac3	5
HOMINIDAE	3	65670611	81326042	-1	rheMac3	5
HOMINIDAE	3	81326042	186388243	1	rheMac3	5
HOMINIDAE	3	0	887096	-1	rn4	14
HOMINIDAE	3	887096	83886138	-1	rn4	14
HOMINIDAE	3	83886138	91231676	1	rn4	4
HOMINIDAE	3	91231676	113478017	-1	rn4	2
HOMINIDAE	3	113478017	132912003	1	rn4	2
HOMINIDAE	3	132912003	141736571	1	rn4	19
HOMINIDAE	3	141736571	154419077	-1	rn4	2
HOMINIDAE	3	154419077	186388243	1	rn4	16
HOMINIDAE	3	0	4142810	1	susScr2	8
HOMINIDAE	3	4142810	7038925	-1	susScr2	8
HOMINIDAE	3	7038925	8311285	1	susScr2	8
HOMINIDAE	3	8311285	10494575	-1	susScr2	8
HOMINIDAE	3	10494575	51862904	1	susScr2	8
HOMINIDAE	3	51862904	53392995	-1	susScr2	8
HOMINIDAE	3	53392995	74476789	1	susScr2	8
HOMINIDAE	3	74476789	149887084	-1	susScr2	8
HOMINIDAE	3	149887084	160802554	1	susScr2	8
HOMINIDAE	3	160802554	170591004	-1	susScr2	14
HOMINIDAE	3	170591004	183000457	1	susScr2	15
HOMINIDAE	3	183000457	186388243	-1	susScr2	17
HOMINIDAE	3	0	4142810	1	bosTau7	6
HOMINIDAE	3	4142810	5478909	-1	bosTau7	6
HOMINIDAE	3	5478909	7308240	1	bosTau7	6
HOMINIDAE	3	7308240	7832910	-1	bosTau7	6
HOMINIDAE	3	7832910	16092379	1	bosTau7	6
HOMINIDAE	3	16092379	84133458	1	bosTau7	6
HOMINIDAE	3	84133458	118989077	-1	bosTau7	6
HOMINIDAE	3	118989077	154083394	-1	bosTau7	17
HOMINIDAE	3	154083394	162927232	-1	bosTau7	17
HOMINIDAE	3	162927232	166171817	-1	bosTau7	6
HOMINIDAE	3	166171817	173364747	1	bosTau7	8
HOMINIDAE	3	173364747	186388243	1	bosTau7	27
HOMINIDAE	3	0	186388243	-1	calJac3	3
HOMINIDAE	3	0	726820	-1	canFam2	3
HOMINIDAE	3	726820	6157278	-1	canFam2	3
HOMINIDAE	3	6157278	16490240	-1	canFam2	3
HOMINIDAE	3	16490240	40337728	-1	canFam2	3
HOMINIDAE	3	40337728	70510657	1	canFam2	13
HOMINIDAE	3	70510657	71041065	-1	canFam2	15
HOMINIDAE	3	71041065	116236821	1	canFam2	32
HOMINIDAE	3	116236821	139391266	-1	canFam2	19
HOMINIDAE	3	139391266	163903845	1	canFam2	15
HOMINIDAE	3	163903845	171766679	1	canFam2	25
HOMINIDAE	3	171766679	186388243	-1	canFam2	16
HOMINIDAE	3	0	5774611	-1	capHir1	6
HOMINIDAE	3	5774611	16406619	1	capHir1	6
HOMINIDAE	3	16406619	84231186	1	capHir1	6
HOMINIDAE	3	84231186	118855883	-1	capHir1	6
HOMINIDAE	3	118855883	154959816	-1	capHir1	17
HOMINIDAE	3	154959816	163288992	-1	capHir1	17
HOMINIDAE	3	163288992	166014671	-1	capHir1	6
HOMINIDAE	3	166014671	173353426	1	capHir1	8
HOMINIDAE	3	173353426	186388243	1	capHir1	27
HOMINIDAE	3	0	100387011	-1	equCab2	3
HOMINIDAE	3	100387011	174634876	-1	equCab2	2
HOMINIDAE	3	174634876	186388243	-1	equCab2	27
HOMINIDAE	3	0	4142810	1	gorGor3	4
HOMINIDAE	3	4142810	8311285	-1	gorGor3	4
HOMINIDAE	3	8311285	186388243	1	gorGor3	4
HOMINIDAE	3	0	4142810	1	hg19	4
HOMINIDAE	3	4142810	8311285	-1	hg19	4
HOMINIDAE	3	8311285	186388243	1	hg19	4
HOMINIDAE	3	0	732376	1	mm10	5
HOMINIDAE	3	732376	84124017	1	mm10	5
HOMINIDAE	3	84124017	91575851	1	mm10	6
HOMINIDAE	3	91575851	114791566	-1	mm10	3
HOMINIDAE	3	114791566	133581518	1	mm10	3
HOMINIDAE	3	133581518	143162447	-1	mm10	8
HOMINIDAE	3	143162447	155936472	-1	mm10	3
HOMINIDAE	3	155936472	186388243	-1	mm10	8
HOMINIDAE	3	0	92616	1	monDom5	4
HOMINIDAE	3	92616	403705	-1	monDom5	5
HOMINIDAE	3	403705	65727148	-1	monDom5	5
HOMINIDAE	3	65727148	66114240	1	monDom5	5
HOMINIDAE	3	66114240	70529417	1	monDom5	5
HOMINIDAE	3	70529417	71124213	1	monDom5	5
HOMINIDAE	3	71124213	72376554	-1	monDom5	5
HOMINIDAE	3	72376554	76829340	-1	monDom5	5
HOMINIDAE	3	76829340	79003366	1	monDom5	5
HOMINIDAE	3	79003366	79381021	-1	monDom5	5
HOMINIDAE	3	79381021	81326042	1	monDom5	5
HOMINIDAE	3	81326042	87948429	-1	monDom5	5
HOMINIDAE	3	87948429	100780494	-1	monDom5	5
HOMINIDAE	3	100780494	109673700	1	monDom5	5
HOMINIDAE	3	109673700	117260474	-1	monDom5	5
HOMINIDAE	3	117260474	186388243	-1	monDom5	5
HOMINIDAE	3	4142810	48344854	1	oryCun2	2
HOMINIDAE	3	48344854	79464096	-1	oryCun2	15
HOMINIDAE	3	79464096	83868771	1	oryCun2	15
HOMINIDAE	3	83868771	119207827	-1	oryCun2	15
HOMINIDAE	3	119207827	136087751	1	oryCun2	15
HOMINIDAE	3	136087751	162728252	-1	oryCun2	15
HOMINIDAE	3	162728252	186388243	1	oryCun2	2
HOMINIDAE	3	0	4142810	1	panTro3	4
HOMINIDAE	3	4142810	8311285	-1	panTro3	4
HOMINIDAE	3	8311285	43535035	1	panTro3	4
HOMINIDAE	3	43535035	65235778	-1	panTro3	4
HOMINIDAE	3	65235778	65727148	1	panTro3	4
HOMINIDAE	3	65727148	81326042	-1	panTro3	4
HOMINIDAE	3	81326042	186388243	1	panTro3	4
HOMINIDAE	3	0	48344854	1	ponAbe2	4
HOMINIDAE	3	48344854	65235778	-1	ponAbe2	4
HOMINIDAE	3	65235778	186388243	1	ponAbe2	4
HOMINIDAE	3	0	4142810	-1	rheMac3	1
HOMINIDAE	3	4142810	48344854	1	rheMac3	5
HOMINIDAE	3	48344854	65235778	-1	rheMac3	5
HOMINIDAE	3	65235778	65670611	1	rheMac3	5
HOMINIDAE	3	65670611	81326042	-1	rheMac3	5
HOMINIDAE	3	81326042	186388243	1	rheMac3	5
HOMINIDAE	3	0	887096	-1	rn4	14
HOMINIDAE	3	887096	83886138	-1	rn4	14
HOMINIDAE	3	83886138	91231676	1	rn4	4
HOMINIDAE	3	91231676	113478017	-1	rn4	2
HOMINIDAE	3	113478017	132912003	1	rn4	2
HOMINIDAE	3	132912003	141736571	1	rn4	19
HOMINIDAE	3	141736571	154419077	-1	rn4	2
HOMINIDAE	3	154419077	186388243	1	rn4	16
HOMINIDAE	3	0	4142810	1	susScr2	8
HOMINIDAE	3	4142810	7038925	-1	susScr2	8
HOMINIDAE	3	7038925	8311285	1	susScr2	8
HOMINIDAE	3	8311285	10494575	-1	susScr2	8
HOMINIDAE	3	10494575	51862904	1	susScr2	8
HOMINIDAE	3	51862904	53392995	-1	susScr2	8
HOMINIDAE	3	53392995	74476789	1	susScr2	8
HOMINIDAE	3	74476789	149887084	-1	susScr2	8
HOMINIDAE	3	149887084	160802554	1	susScr2	8
HOMINIDAE	3	160802554	170591004	-1	susScr2	14
HOMINIDAE	3	170591004	183000457	1	susScr2	15
HOMINIDAE	3	183000457	186388243	-1	susScr2	17
HOMINIDAE	3	0	4142810	1	bosTau7	6
HOMINIDAE	3	4142810	5478909	-1	bosTau7	6
HOMINIDAE	3	5478909	7308240	1	bosTau7	6
HOMINIDAE	3	7308240	7832910	-1	bosTau7	6
HOMINIDAE	3	7832910	16092379	1	bosTau7	6
HOMINIDAE	3	16092379	84133458	1	bosTau7	6
HOMINIDAE	3	84133458	118989077	-1	bosTau7	6
HOMINIDAE	3	118989077	154083394	-1	bosTau7	17
HOMINIDAE	3	154083394	162927232	-1	bosTau7	17
HOMINIDAE	3	162927232	166171817	-1	bosTau7	6
HOMINIDAE	3	166171817	173364747	1	bosTau7	8
HOMINIDAE	3	173364747	186388243	1	bosTau7	27
HOMINIDAE	3	0	186388243	-1	calJac3	3
HOMINIDAE	3	0	726820	-1	canFam2	3
HOMINIDAE	3	726820	6157278	-1	canFam2	3
HOMINIDAE	3	6157278	16490240	-1	canFam2	3
HOMINIDAE	3	16490240	40337728	-1	canFam2	3
HOMINIDAE	3	40337728	70510657	1	canFam2	13
HOMINIDAE	3	70510657	71041065	-1	canFam2	15
HOMINIDAE	3	71041065	116236821	1	canFam2	32
HOMINIDAE	3	116236821	139391266	-1	canFam2	19
HOMINIDAE	3	139391266	163903845	1	canFam2	15
HOMINIDAE	3	163903845	171766679	1	canFam2	25
HOMINIDAE	3	171766679	186388243	-1	canFam2	16
HOMINIDAE	3	0	5774611	-1	capHir1	6
HOMINIDAE	3	5774611	16406619	1	capHir1	6
HOMINIDAE	3	16406619	84231186	1	capHir1	6
HOMINIDAE	3	84231186	118855883	-1	capHir1	6
HOMINIDAE	3	118855883	154959816	-1	capHir1	17
HOMINIDAE	3	154959816	163288992	-1	capHir1	17
HOMINIDAE	3	163288992	166014671	-1	capHir1	6
HOMINIDAE	3	166014671	173353426	1	capHir1	8
HOMINIDAE	3	173353426	186388243	1	capHir1	27
HOMINIDAE	3	0	100387011	-1	equCab2	3
HOMINIDAE	3	100387011	174634876	-1	equCab2	2
HOMINIDAE	3	174634876	186388243	-1	equCab2	27
HOMINIDAE	3	0	4142810	1	gorGor3	4
HOMINIDAE	3	4142810	8311285	-1	gorGor3	4
HOMINIDAE	3	8311285	186388243	1	gorGor3	4
HOMINIDAE	3	0	4142810	1	hg19	4
HOMINIDAE	3	4142810	8311285	-1	hg19	4
HOMINIDAE	3	8311285	186388243	1	hg19	4
HOMINIDAE	3	0	732376	1	mm10	5
HOMINIDAE	3	732376	84124017	1	mm10	5
HOMINIDAE	3	84124017	91575851	1	mm10	6
HOMINIDAE	3	91575851	114791566	-1	mm10	3
HOMINIDAE	3	114791566	133581518	1	mm10	3
HOMINIDAE	3	133581518	143162447	-1	mm10	8
HOMINIDAE	3	143162447	155936472	-1	mm10	3
HOMINIDAE	3	155936472	186388243	-1	mm10	8
HOMINIDAE	3	0	92616	1	monDom5	4
HOMINIDAE	3	92616	403705	-1	monDom5	5
HOMINIDAE	3	403705	65727148	-1	monDom5	5
HOMINIDAE	3	65727148	66114240	1	monDom5	5
HOMINIDAE	3	66114240	70529417	1	monDom5	5
HOMINIDAE	3	70529417	71124213	1	monDom5	5
HOMINIDAE	3	71124213	72376554	-1	monDom5	5
HOMINIDAE	3	72376554	76829340	-1	monDom5	5
HOMINIDAE	3	76829340	79003366	1	monDom5	5
HOMINIDAE	3	79003366	79381021	-1	monDom5	5
HOMINIDAE	3	79381021	81326042	1	monDom5	5
HOMINIDAE	3	81326042	87948429	-1	monDom5	5
HOMINIDAE	3	87948429	100780494	-1	monDom5	5
HOMINIDAE	3	100780494	109673700	1	monDom5	5
HOMINIDAE	3	109673700	117260474	-1	monDom5	5
HOMINIDAE	3	117260474	186388243	-1	monDom5	5
HOMINIDAE	3	4142810	48344854	1	oryCun2	2
HOMINIDAE	3	48344854	79464096	-1	oryCun2	15
HOMINIDAE	3	79464096	83868771	1	oryCun2	15
HOMINIDAE	3	83868771	119207827	-1	oryCun2	15
HOMINIDAE	3	119207827	136087751	1	oryCun2	15
HOMINIDAE	3	136087751	162728252	-1	oryCun2	15
HOMINIDAE	3	162728252	186388243	1	oryCun2	2
HOMINIDAE	3	0	4142810	1	panTro3	4
HOMINIDAE	3	4142810	8311285	-1	panTro3	4
HOMINIDAE	3	8311285	43535035	1	panTro3	4
HOMINIDAE	3	43535035	65235778	-1	panTro3	4
HOMINIDAE	3	65235778	65727148	1	panTro3	4
HOMINIDAE	3	65727148	81326042	-1	panTro3	4
HOMINIDAE	3	81326042	186388243	1	panTro3	4
HOMINIDAE	3	0	48344854	1	ponAbe2	4
HOMINIDAE	3	48344854	65235778	-1	ponAbe2	4
HOMINIDAE	3	65235778	186388243	1	ponAbe2	4
HOMINIDAE	3	0	4142810	-1	rheMac3	1
HOMINIDAE	3	4142810	48344854	1	rheMac3	5
HOMINIDAE	3	48344854	65235778	-1	rheMac3	5
HOMINIDAE	3	65235778	65670611	1	rheMac3	5
HOMINIDAE	3	65670611	81326042	-1	rheMac3	5
HOMINIDAE	3	81326042	186388243	1	rheMac3	5
HOMINIDAE	3	0	887096	-1	rn4	14
HOMINIDAE	3	887096	83886138	-1	rn4	14
HOMINIDAE	3	83886138	91231676	1	rn4	4
HOMINIDAE	3	91231676	113478017	-1	rn4	2
HOMINIDAE	3	113478017	132912003	1	rn4	2
HOMINIDAE	3	132912003	141736571	1	rn4	19
HOMINIDAE	3	141736571	154419077	-1	rn4	2
HOMINIDAE	3	154419077	186388243	1	rn4	16
HOMINIDAE	3	0	4142810	1	susScr2	8
HOMINIDAE	3	4142810	7038925	-1	susScr2	8
HOMINIDAE	3	7038925	8311285	1	susScr2	8
HOMINIDAE	3	8311285	10494575	-1	susScr2	8
HOMINIDAE	3	10494575	51862904	1	susScr2	8
HOMINIDAE	3	51862904	53392995	-1	susScr2	8
HOMINIDAE	3	53392995	74476789	1	susScr2	8
HOMINIDAE	3	74476789	149887084	-1	susScr2	8
HOMINIDAE	3	149887084	160802554	1	susScr2	8
HOMINIDAE	3	160802554	170591004	-1	susScr2	14
HOMINIDAE	3	170591004	183000457	1	susScr2	15
HOMINIDAE	3	183000457	186388243	-1	susScr2	17
HOMINIDAE	3	0	4142810	1	bosTau7	6
HOMINIDAE	3	4142810	5478909	-1	bosTau7	6
HOMINIDAE	3	5478909	7308240	1	bosTau7	6
HOMINIDAE	3	7308240	7832910	-1	bosTau7	6
HOMINIDAE	3	7832910	16092379	1	bosTau7	6
HOMINIDAE	3	16092379	84133458	1	bosTau7	6
HOMINIDAE	3	84133458	118989077	-1	bosTau7	6
HOMINIDAE	3	118989077	154083394	-1	bosTau7	17
HOMINIDAE	3	154083394	162927232	-1	bosTau7	17
HOMINIDAE	3	162927232	166171817	-1	bosTau7	6
HOMINIDAE	3	166171817	173364747	1	bosTau7	8
HOMINIDAE	3	173364747	186388243	1	bosTau7	27
HOMINIDAE	3	0	186388243	-1	calJac3	3
HOMINIDAE	3	0	726820	-1	canFam2	3
HOMINIDAE	3	726820	6157278	-1	canFam2	3
HOMINIDAE	3	6157278	16490240	-1	canFam2	3
HOMINIDAE	3	16490240	40337728	-1	canFam2	3
HOMINIDAE	3	40337728	70510657	1	canFam2	13
HOMINIDAE	3	70510657	71041065	-1	canFam2	15
HOMINIDAE	3	71041065	116236821	1	canFam2	32
HOMINIDAE	3	116236821	139391266	-1	canFam2	19
HOMINIDAE	3	139391266	163903845	1	canFam2	15
HOMINIDAE	3	163903845	171766679	1	canFam2	25
HOMINIDAE	3	171766679	186388243	-1	canFam2	16
HOMINIDAE	3	0	5774611	-1	capHir1	6
HOMINIDAE	3	5774611	16406619	1	capHir1	6
HOMINIDAE	3	16406619	84231186	1	capHir1	6
HOMINIDAE	3	84231186	118855883	-1	capHir1	6
HOMINIDAE	3	118855883	154959816	-1	capHir1	17
HOMINIDAE	3	154959816	163288992	-1	capHir1	17
HOMINIDAE	3	163288992	166014671	-1	capHir1	6
HOMINIDAE	3	166014671	173353426	1	capHir1	8
HOMINIDAE	3	173353426	186388243	1	capHir1	27
HOMINIDAE	3	0	100387011	-1	equCab2	3
HOMINIDAE	3	100387011	174634876	-1	equCab2	2
HOMINIDAE	3	174634876	186388243	-1	equCab2	27
HOMINIDAE	3	0	4142810	1	gorGor3	4
HOMINIDAE	3	4142810	8311285	-1	gorGor3	4
HOMINIDAE	3	8311285	186388243	1	gorGor3	4
HOMINIDAE	3	0	4142810	1	hg19	4
HOMINIDAE	3	4142810	8311285	-1	hg19	4
HOMINIDAE	3	8311285	186388243	1	hg19	4
HOMINIDAE	3	0	732376	1	mm10	5
HOMINIDAE	3	732376	84124017	1	mm10	5
HOMINIDAE	3	84124017	91575851	1	mm10	6
HOMINIDAE	3	91575851	114791566	-1	mm10	3
HOMINIDAE	3	114791566	133581518	1	mm10	3
HOMINIDAE	3	133581518	143162447	-1	mm10	8
HOMINIDAE	3	143162447	155936472	-1	mm10	3
HOMINIDAE	3	155936472	186388243	-1	mm10	8
HOMINIDAE	3	0	92616	1	monDom5	4
HOMINIDAE	3	92616	403705	-1	monDom5	5
HOMINIDAE	3	403705	65727148	-1	monDom5	5
HOMINIDAE	3	65727148	66114240	1	monDom5	5
HOMINIDAE	3	66114240	70529417	1	monDom5	5
HOMINIDAE	3	70529417	71124213	1	monDom5	5
HOMINIDAE	3	71124213	72376554	-1	monDom5	5
HOMINIDAE	3	72376554	76829340	-1	monDom5	5
HOMINIDAE	3	76829340	79003366	1	monDom5	5
HOMINIDAE	3	79003366	79381021	-1	monDom5	5
HOMINIDAE	3	79381021	81326042	1	monDom5	5
HOMINIDAE	3	81326042	87948429	-1	monDom5	5
HOMINIDAE	3	87948429	100780494	-1	monDom5	5
HOMINIDAE	3	100780494	109673700	1	monDom5	5
HOMINIDAE	3	109673700	117260474	-1	monDom5	5
HOMINIDAE	3	117260474	186388243	-1	monDom5	5
HOMINIDAE	3	4142810	48344854	1	oryCun2	2
HOMINIDAE	3	48344854	79464096	-1	oryCun2	15
HOMINIDAE	3	79464096	83868771	1	oryCun2	15
HOMINIDAE	3	83868771	119207827	-1	oryCun2	15
HOMINIDAE	3	119207827	136087751	1	oryCun2	15
HOMINIDAE	3	136087751	162728252	-1	oryCun2	15
HOMINIDAE	3	162728252	186388243	1	oryCun2	2
HOMINIDAE	3	0	4142810	1	panTro3	4
HOMINIDAE	3	4142810	8311285	-1	panTro3	4
HOMINIDAE	3	8311285	43535035	1	panTro3	4
HOMINIDAE	3	43535035	65235778	-1	panTro3	4
HOMINIDAE	3	65235778	65727148	1	panTro3	4
HOMINIDAE	3	65727148	81326042	-1	panTro3	4
HOMINIDAE	3	81326042	186388243	1	panTro3	4
HOMINIDAE	3	0	48344854	1	ponAbe2	4
HOMINIDAE	3	48344854	65235778	-1	ponAbe2	4
HOMINIDAE	3	65235778	186388243	1	ponAbe2	4
HOMINIDAE	3	0	4142810	-1	rheMac3	1
HOMINIDAE	3	4142810	48344854	1	rheMac3	5
HOMINIDAE	3	48344854	65235778	-1	rheMac3	5
HOMINIDAE	3	65235778	65670611	1	rheMac3	5
HOMINIDAE	3	65670611	81326042	-1	rheMac3	5
HOMINIDAE	3	81326042	186388243	1	rheMac3	5
HOMINIDAE	3	0	887096	-1	rn4	14
HOMINIDAE	3	887096	83886138	-1	rn4	14
HOMINIDAE	3	83886138	91231676	1	rn4	4
HOMINIDAE	3	91231676	113478017	-1	rn4	2
HOMINIDAE	3	113478017	132912003	1	rn4	2
HOMINIDAE	3	132912003	141736571	1	rn4	19
HOMINIDAE	3	141736571	154419077	-1	rn4	2
HOMINIDAE	3	154419077	186388243	1	rn4	16
HOMINIDAE	3	0	4142810	1	susScr2	8
HOMINIDAE	3	4142810	7038925	-1	susScr2	8
HOMINIDAE	3	7038925	8311285	1	susScr2	8
HOMINIDAE	3	8311285	10494575	-1	susScr2	8
HOMINIDAE	3	10494575	51862904	1	susScr2	8
HOMINIDAE	3	51862904	53392995	-1	susScr2	8
HOMINIDAE	3	53392995	74476789	1	susScr2	8
HOMINIDAE	3	74476789	149887084	-1	susScr2	8
HOMINIDAE	3	149887084	160802554	1	susScr2	8
HOMINIDAE	3	160802554	170591004	-1	susScr2	14
HOMINIDAE	3	170591004	183000457	1	susScr2	15
HOMINIDAE	3	183000457	186388243	-1	susScr2	17
HOMINIDAE	3	0	4142810	1	bosTau7	6
HOMINIDAE	3	4142810	5478909	-1	bosTau7	6
HOMINIDAE	3	5478909	7308240	1	bosTau7	6
HOMINIDAE	3	7308240	7832910	-1	bosTau7	6
HOMINIDAE	3	7832910	16092379	1	bosTau7	6
HOMINIDAE	3	16092379	84133458	1	bosTau7	6
HOMINIDAE	3	84133458	118989077	-1	bosTau7	6
HOMINIDAE	3	118989077	154083394	-1	bosTau7	17
HOMINIDAE	3	154083394	162927232	-1	bosTau7	17
HOMINIDAE	3	162927232	166171817	-1	bosTau7	6
HOMINIDAE	3	166171817	173364747	1	bosTau7	8
HOMINIDAE	3	173364747	186388243	1	bosTau7	27
HOMINIDAE	3	0	186388243	-1	calJac3	3
HOMINIDAE	3	0	726820	-1	canFam2	3
HOMINIDAE	3	726820	6157278	-1	canFam2	3
HOMINIDAE	3	6157278	16490240	-1	canFam2	3
HOMINIDAE	3	16490240	40337728	-1	canFam2	3
HOMINIDAE	3	40337728	70510657	1	canFam2	13
HOMINIDAE	3	70510657	71041065	-1	canFam2	15
HOMINIDAE	3	71041065	116236821	1	canFam2	32
HOMINIDAE	3	116236821	139391266	-1	canFam2	19
HOMINIDAE	3	139391266	163903845	1	canFam2	15
HOMINIDAE	3	163903845	171766679	1	canFam2	25
HOMINIDAE	3	171766679	186388243	-1	canFam2	16
HOMINIDAE	3	0	5774611	-1	capHir1	6
HOMINIDAE	3	5774611	16406619	1	capHir1	6
HOMINIDAE	3	16406619	84231186	1	capHir1	6
HOMINIDAE	3	84231186	118855883	-1	capHir1	6
HOMINIDAE	3	118855883	154959816	-1	capHir1	17
HOMINIDAE	3	154959816	163288992	-1	capHir1	17
HOMINIDAE	3	163288992	166014671	-1	capHir1	6
HOMINIDAE	3	166014671	173353426	1	capHir1	8
HOMINIDAE	3	173353426	186388243	1	capHir1	27
HOMINIDAE	3	0	100387011	-1	equCab2	3
HOMINIDAE	3	100387011	174634876	-1	equCab2	2
HOMINIDAE	3	174634876	186388243	-1	equCab2	27
HOMINIDAE	3	0	4142810	1	gorGor3	4
HOMINIDAE	3	4142810	8311285	-1	gorGor3	4
HOMINIDAE	3	8311285	186388243	1	gorGor3	4
HOMINIDAE	3	0	4142810	1	hg19	4
HOMINIDAE	3	4142810	8311285	-1	hg19	4
HOMINIDAE	3	8311285	186388243	1	hg19	4
HOMINIDAE	3	0	732376	1	mm10	5
HOMINIDAE	3	732376	84124017	1	mm10	5
HOMINIDAE	3	84124017	91575851	1	mm10	6
HOMINIDAE	3	91575851	114791566	-1	mm10	3
HOMINIDAE	3	114791566	133581518	1	mm10	3
HOMINIDAE	3	133581518	143162447	-1	mm10	8
HOMINIDAE	3	143162447	155936472	-1	mm10	3
HOMINIDAE	3	155936472	186388243	-1	mm10	8
HOMINIDAE	3	0	92616	1	monDom5	4
HOMINIDAE	3	92616	403705	-1	monDom5	5
HOMINIDAE	3	403705	65727148	-1	monDom5	5
HOMINIDAE	3	65727148	66114240	1	monDom5	5
HOMINIDAE	3	66114240	70529417	1	monDom5	5
HOMINIDAE	3	70529417	71124213	1	monDom5	5
HOMINIDAE	3	71124213	72376554	-1	monDom5	5
HOMINIDAE	3	72376554	76829340	-1	monDom5	5
HOMINIDAE	3	76829340	79003366	1	monDom5	5
HOMINIDAE	3	79003366	79381021	-1	monDom5	5
HOMINIDAE	3	79381021	81326042	1	monDom5	5
HOMINIDAE	3	81326042	87948429	-1	monDom5	5
HOMINIDAE	3	87948429	100780494	-1	monDom5	5
HOMINIDAE	3	100780494	109673700	1	monDom5	5
HOMINIDAE	3	109673700	117260474	-1	monDom5	5
HOMINIDAE	3	117260474	186388243	-1	monDom5	5
HOMINIDAE	3	4142810	48344854	1	oryCun2	2
HOMINIDAE	3	48344854	79464096	-1	oryCun2	15
HOMINIDAE	3	79464096	83868771	1	oryCun2	15
HOMINIDAE	3	83868771	119207827	-1	oryCun2	15
HOMINIDAE	3	119207827	136087751	1	oryCun2	15
HOMINIDAE	3	136087751	162728252	-1	oryCun2	15
HOMINIDAE	3	162728252	186388243	1	oryCun2	2
HOMINIDAE	3	0	4142810	1	panTro3	4
HOMINIDAE	3	4142810	8311285	-1	panTro3	4
HOMINIDAE	3	8311285	43535035	1	panTro3	4
HOMINIDAE	3	43535035	65235778	-1	panTro3	4
HOMINIDAE	3	65235778	65727148	1	panTro3	4
HOMINIDAE	3	65727148	81326042	-1	panTro3	4
HOMINIDAE	3	81326042	186388243	1	panTro3	4
HOMINIDAE	3	0	48344854	1	ponAbe2	4
HOMINIDAE	3	48344854	65235778	-1	ponAbe2	4
HOMINIDAE	3	65235778	186388243	1	ponAbe2	4
HOMINIDAE	3	0	4142810	-1	rheMac3	1
HOMINIDAE	3	4142810	48344854	1	rheMac3	5
HOMINIDAE	3	48344854	65235778	-1	rheMac3	5
HOMINIDAE	3	65235778	65670611	1	rheMac3	5
HOMINIDAE	3	65670611	81326042	-1	rheMac3	5
HOMINIDAE	3	81326042	186388243	1	rheMac3	5
HOMINIDAE	3	0	887096	-1	rn4	14
HOMINIDAE	3	887096	83886138	-1	rn4	14
HOMINIDAE	3	83886138	91231676	1	rn4	4
HOMINIDAE	3	91231676	113478017	-1	rn4	2
HOMINIDAE	3	113478017	132912003	1	rn4	2
HOMINIDAE	3	132912003	141736571	1	rn4	19
HOMINIDAE	3	141736571	154419077	-1	rn4	2
HOMINIDAE	3	154419077	186388243	1	rn4	16
HOMINIDAE	3	0	4142810	1	susScr2	8
HOMINIDAE	3	4142810	7038925	-1	susScr2	8
HOMINIDAE	3	7038925	8311285	1	susScr2	8
HOMINIDAE	3	8311285	10494575	-1	susScr2	8
HOMINIDAE	3	10494575	51862904	1	susScr2	8
HOMINIDAE	3	51862904	53392995	-1	susScr2	8
HOMINIDAE	3	53392995	74476789	1	susScr2	8
HOMINIDAE	3	74476789	149887084	-1	susScr2	8
HOMINIDAE	3	149887084	160802554	1	susScr2	8
HOMINIDAE	3	160802554	170591004	-1	susScr2	14
HOMINIDAE	3	170591004	183000457	1	susScr2	15
HOMINIDAE	3	183000457	186388243	-1	susScr2	17
HOMINIDAE	3	0	4142810	1	bosTau7	6
HOMINIDAE	3	4142810	5478909	-1	bosTau7	6
HOMINIDAE	3	5478909	7308240	1	bosTau7	6
HOMINIDAE	3	7308240	7832910	-1	bosTau7	6
HOMINIDAE	3	7832910	16092379	1	bosTau7	6
HOMINIDAE	3	16092379	84133458	1	bosTau7	6
HOMINIDAE	3	84133458	118989077	-1	bosTau7	6
HOMINIDAE	3	118989077	154083394	-1	bosTau7	17
HOMINIDAE	3	154083394	162927232	-1	bosTau7	17
HOMINIDAE	3	162927232	166171817	-1	bosTau7	6
HOMINIDAE	3	166171817	173364747	1	bosTau7	8
HOMINIDAE	3	173364747	186388243	1	bosTau7	27
HOMINIDAE	3	0	186388243	-1	calJac3	3
HOMINIDAE	3	0	726820	-1	canFam2	3
HOMINIDAE	3	726820	6157278	-1	canFam2	3
HOMINIDAE	3	6157278	16490240	-1	canFam2	3
HOMINIDAE	3	16490240	40337728	-1	canFam2	3
HOMINIDAE	3	40337728	70510657	1	canFam2	13
HOMINIDAE	3	70510657	71041065	-1	canFam2	15
HOMINIDAE	3	71041065	116236821	1	canFam2	32
HOMINIDAE	3	116236821	139391266	-1	canFam2	19
HOMINIDAE	3	139391266	163903845	1	canFam2	15
HOMINIDAE	3	163903845	171766679	1	canFam2	25
HOMINIDAE	3	171766679	186388243	-1	canFam2	16
HOMINIDAE	3	0	5774611	-1	capHir1	6
HOMINIDAE	3	5774611	16406619	1	capHir1	6
HOMINIDAE	3	16406619	84231186	1	capHir1	6
HOMINIDAE	3	84231186	118855883	-1	capHir1	6
HOMINIDAE	3	118855883	154959816	-1	capHir1	17
HOMINIDAE	3	154959816	163288992	-1	capHir1	17
HOMINIDAE	3	163288992	166014671	-1	capHir1	6
HOMINIDAE	3	166014671	173353426	1	capHir1	8
HOMINIDAE	3	173353426	186388243	1	capHir1	27
HOMINIDAE	3	0	100387011	-1	equCab2	3
HOMINIDAE	3	100387011	174634876	-1	equCab2	2
HOMINIDAE	3	174634876	186388243	-1	equCab2	27
HOMINIDAE	3	0	4142810	1	gorGor3	4
HOMINIDAE	3	4142810	8311285	-1	gorGor3	4
HOMINIDAE	3	8311285	186388243	1	gorGor3	4
HOMINIDAE	3	0	4142810	1	hg19	4
HOMINIDAE	3	4142810	8311285	-1	hg19	4
HOMINIDAE	3	8311285	186388243	1	hg19	4
HOMINIDAE	3	0	732376	1	mm10	5
HOMINIDAE	3	732376	84124017	1	mm10	5
HOMINIDAE	3	84124017	91575851	1	mm10	6
HOMINIDAE	3	91575851	114791566	-1	mm10	3
HOMINIDAE	3	114791566	133581518	1	mm10	3
HOMINIDAE	3	133581518	143162447	-1	mm10	8
HOMINIDAE	3	143162447	155936472	-1	mm10	3
HOMINIDAE	3	155936472	186388243	-1	mm10	8
HOMINIDAE	3	0	92616	1	monDom5	4
HOMINIDAE	3	92616	403705	-1	monDom5	5
HOMINIDAE	3	403705	65727148	-1	monDom5	5
HOMINIDAE	3	65727148	66114240	1	monDom5	5
HOMINIDAE	3	66114240	70529417	1	monDom5	5
HOMINIDAE	3	70529417	71124213	1	monDom5	5
HOMINIDAE	3	71124213	72376554	-1	monDom5	5
HOMINIDAE	3	72376554	76829340	-1	monDom5	5
HOMINIDAE	3	76829340	79003366	1	monDom5	5
HOMINIDAE	3	79003366	79381021	-1	monDom5	5
HOMINIDAE	3	79381021	81326042	1	monDom5	5
HOMINIDAE	3	81326042	87948429	-1	monDom5	5
HOMINIDAE	3	87948429	100780494	-1	monDom5	5
HOMINIDAE	3	100780494	109673700	1	monDom5	5
HOMINIDAE	3	109673700	117260474	-1	monDom5	5
HOMINIDAE	3	117260474	186388243	-1	monDom5	5
HOMINIDAE	3	4142810	48344854	1	oryCun2	2
HOMINIDAE	3	48344854	79464096	-1	oryCun2	15
HOMINIDAE	3	79464096	83868771	1	oryCun2	15
HOMINIDAE	3	83868771	119207827	-1	oryCun2	15
HOMINIDAE	3	119207827	136087751	1	oryCun2	15
HOMINIDAE	3	136087751	162728252	-1	oryCun2	15
HOMINIDAE	3	162728252	186388243	1	oryCun2	2
HOMINIDAE	3	0	4142810	1	panTro3	4
HOMINIDAE	3	4142810	8311285	-1	panTro3	4
HOMINIDAE	3	8311285	43535035	1	panTro3	4
HOMINIDAE	3	43535035	65235778	-1	panTro3	4
HOMINIDAE	3	65235778	65727148	1	panTro3	4
HOMINIDAE	3	65727148	81326042	-1	panTro3	4
HOMINIDAE	3	81326042	186388243	1	panTro3	4
HOMINIDAE	3	0	48344854	1	ponAbe2	4
HOMINIDAE	3	48344854	65235778	-1	ponAbe2	4
HOMINIDAE	3	65235778	186388243	1	ponAbe2	4
HOMINIDAE	3	0	4142810	-1	rheMac3	1
HOMINIDAE	3	4142810	48344854	1	rheMac3	5
HOMINIDAE	3	48344854	65235778	-1	rheMac3	5
HOMINIDAE	3	65235778	65670611	1	rheMac3	5
HOMINIDAE	3	65670611	81326042	-1	rheMac3	5
HOMINIDAE	3	81326042	186388243	1	rheMac3	5
HOMINIDAE	3	0	887096	-1	rn4	14
HOMINIDAE	3	887096	83886138	-1	rn4	14
HOMINIDAE	3	83886138	91231676	1	rn4	4
HOMINIDAE	3	91231676	113478017	-1	rn4	2
HOMINIDAE	3	113478017	132912003	1	rn4	2
HOMINIDAE	3	132912003	141736571	1	rn4	19
HOMINIDAE	3	141736571	154419077	-1	rn4	2
HOMINIDAE	3	154419077	186388243	1	rn4	16
HOMINIDAE	3	0	4142810	1	susScr2	8
HOMINIDAE	3	4142810	7038925	-1	susScr2	8
HOMINIDAE	3	7038925	8311285	1	susScr2	8
HOMINIDAE	3	8311285	10494575	-1	susScr2	8
HOMINIDAE	3	10494575	51862904	1	susScr2	8
HOMINIDAE	3	51862904	53392995	-1	susScr2	8
HOMINIDAE	3	53392995	74476789	1	susScr2	8
HOMINIDAE	3	74476789	149887084	-1	susScr2	8
HOMINIDAE	3	149887084	160802554	1	susScr2	8
HOMINIDAE	3	160802554	170591004	-1	susScr2	14
HOMINIDAE	3	170591004	183000457	1	susScr2	15
HOMINIDAE	3	183000457	186388243	-1	susScr2	17
