HOMINIDAE	25	0	1669214	-1	bosTau7	25
HOMINIDAE	25	1669214	2664912	1	bosTau7	25
HOMINIDAE	25	2664912	3291949	-1	bosTau7	3
HOMINIDAE	25	3291949	8037722	1	bosTau7	25
HOMINIDAE	25	8037722	8077566	1	bosTau7	25
HOMINIDAE	25	8077566	8680874	-1	bosTau7	25
HOMINIDAE	25	8680874	14212964	1	bosTau7	25
HOMINIDAE	25	0	1669214	-1	calJac3	2
HOMINIDAE	25	1669214	7932974	1	calJac3	2
HOMINIDAE	25	7932974	8091274	1	calJac3	2
HOMINIDAE	25	8091274	8680874	-1	calJac3	2
HOMINIDAE	25	8680874	8841313	-1	calJac3	2
HOMINIDAE	25	8841313	11850923	1	calJac3	2
HOMINIDAE	25	11850923	14212964	1	calJac3	2
HOMINIDAE	25	0	1669214	-1	canFam2	6
HOMINIDAE	25	1669214	7932974	1	canFam2	6
HOMINIDAE	25	7932974	8063485	1	canFam2	6
HOMINIDAE	25	8063485	8119034	1	canFam2	6
HOMINIDAE	25	8119034	8680874	-1	canFam2	6
HOMINIDAE	25	8680874	8885246	-1	canFam2	6
HOMINIDAE	25	8885246	14212964	1	canFam2	6
HOMINIDAE	25	0	1669214	-1	capHir1	25
HOMINIDAE	25	1669214	7932974	1	capHir1	25
HOMINIDAE	25	7932974	8680874	-1	capHir1	25
HOMINIDAE	25	8680874	14212964	1	capHir1	25
HOMINIDAE	25	0	87524	1	equCab2	13
HOMINIDAE	25	87524	1669214	1	equCab2	13
HOMINIDAE	25	1669214	6676628	-1	equCab2	13
HOMINIDAE	25	6676628	7932974	1	equCab2	13
HOMINIDAE	25	7932974	8045716	1	equCab2	13
HOMINIDAE	25	8045716	8114432	1	equCab2	13
HOMINIDAE	25	8114432	8680874	-1	equCab2	13
HOMINIDAE	25	8680874	8867986	-1	equCab2	13
HOMINIDAE	25	8867986	14212964	1	equCab2	13
HOMINIDAE	25	0	491494	-1	galGal3	19
HOMINIDAE	25	491494	1669214	-1	galGal3	19
HOMINIDAE	25	1669214	5472974	-1	galGal3	19
HOMINIDAE	25	5472974	6098073	-1	galGal3	14
HOMINIDAE	25	6098073	7932974	-1	galGal3	14
HOMINIDAE	25	8249921	8680874	1	galGal3	14
HOMINIDAE	25	8680874	14212964	-1	galGal3	14
HOMINIDAE	25	0	3291949	1	gorGor3	7
HOMINIDAE	25	3291949	7932974	-1	gorGor3	7
HOMINIDAE	25	7932974	14212964	-1	gorGor3	7
HOMINIDAE	25	0	3291949	1	hg19	7
HOMINIDAE	25	3291949	7932974	-1	hg19	7
HOMINIDAE	25	7932974	14212964	-1	hg19	7
HOMINIDAE	25	0	1669214	-1	mm10	5
HOMINIDAE	25	1669214	5989770	1	mm10	5
HOMINIDAE	25	5989770	7932974	-1	mm10	5
HOMINIDAE	25	7932974	8680874	1	mm10	5
HOMINIDAE	25	8680874	14212964	-1	mm10	5
HOMINIDAE	25	0	1381954	1	monDom5	2
HOMINIDAE	25	1381954	1669214	-1	monDom5	2
HOMINIDAE	25	1669214	2868448	-1	monDom5	2
HOMINIDAE	25	2868448	3291949	-1	monDom5	2
HOMINIDAE	25	3291949	4227321	-1	monDom5	2
HOMINIDAE	25	4227321	4509489	1	monDom5	2
HOMINIDAE	25	4509489	5758187	1	monDom5	2
HOMINIDAE	25	5758187	6220007	-1	monDom5	6
HOMINIDAE	25	6220007	7932974	-1	monDom5	6
HOMINIDAE	25	8249921	8763373	1	monDom5	6
HOMINIDAE	25	8763373	11445027	-1	monDom5	6
HOMINIDAE	25	11445027	11635197	1	monDom5	6
HOMINIDAE	25	11635197	11865750	-1	monDom5	6
HOMINIDAE	25	11865750	14212964	-1	monDom5	6
HOMINIDAE	25	1669214	2512251	-1	oryCun2	6
HOMINIDAE	25	2512251	3291949	-1	oryCun2	13
HOMINIDAE	25	3291949	7932974	1	oryCun2	6
HOMINIDAE	25	0	1669214	-1	panTro3	7
HOMINIDAE	25	1669214	3291949	1	panTro3	7
HOMINIDAE	25	3291949	7932974	-1	panTro3	7
HOMINIDAE	25	7932974	8249921	-1	panTro3	7
HOMINIDAE	25	8249921	8680874	1	panTro3	7
HOMINIDAE	25	8680874	14212964	-1	panTro3	7
HOMINIDAE	25	0	14212964	-1	ponAbe2	7
HOMINIDAE	25	0	75039	1	rheMac3	3
HOMINIDAE	25	75039	1669214	1	rheMac3	3
HOMINIDAE	25	1669214	2994949	-1	rheMac3	3
HOMINIDAE	25	2994949	3291949	1	rheMac3	3
HOMINIDAE	25	3291949	8871198	-1	rheMac3	3
HOMINIDAE	25	8871198	9522114	1	rheMac3	3
HOMINIDAE	25	9522114	14212964	-1	rheMac3	3
HOMINIDAE	25	0	1669214	1	rn4	12
HOMINIDAE	25	1669214	4525210	-1	rn4	12
HOMINIDAE	25	4525210	5117892	1	rn4	12
HOMINIDAE	25	5117892	5787678	-1	rn4	12
HOMINIDAE	25	5787678	7932974	1	rn4	12
HOMINIDAE	25	7932974	8680874	-1	rn4	12
HOMINIDAE	25	8680874	14212964	1	rn4	12
HOMINIDAE	25	0	1669214	1	susScr2	3
HOMINIDAE	25	1669214	7932974	-1	susScr2	3
HOMINIDAE	25	7932974	8249921	1	susScr2	3
HOMINIDAE	25	8249921	8486120	1	susScr2	3
HOMINIDAE	25	8486120	8680874	-1	susScr2	3
HOMINIDAE	25	8680874	14212964	-1	susScr2	3
HOMINIDAE	25	0	1669214	-1	bosTau7	25
HOMINIDAE	25	1669214	2664912	1	bosTau7	25
HOMINIDAE	25	2664912	3291949	-1	bosTau7	3
HOMINIDAE	25	3291949	8037722	1	bosTau7	25
HOMINIDAE	25	8037722	8077566	1	bosTau7	25
HOMINIDAE	25	8077566	8680874	-1	bosTau7	25
HOMINIDAE	25	8680874	14212964	1	bosTau7	25
HOMINIDAE	25	0	1669214	-1	calJac3	2
HOMINIDAE	25	1669214	7932974	1	calJac3	2
HOMINIDAE	25	7932974	8091274	1	calJac3	2
HOMINIDAE	25	8091274	8680874	-1	calJac3	2
HOMINIDAE	25	8680874	8841313	-1	calJac3	2
HOMINIDAE	25	8841313	11850923	1	calJac3	2
HOMINIDAE	25	11850923	14212964	1	calJac3	2
HOMINIDAE	25	0	1669214	-1	canFam2	6
HOMINIDAE	25	1669214	7932974	1	canFam2	6
HOMINIDAE	25	7932974	8063485	1	canFam2	6
HOMINIDAE	25	8063485	8119034	1	canFam2	6
HOMINIDAE	25	8119034	8680874	-1	canFam2	6
HOMINIDAE	25	8680874	8885246	-1	canFam2	6
HOMINIDAE	25	8885246	14212964	1	canFam2	6
HOMINIDAE	25	0	1669214	-1	capHir1	25
HOMINIDAE	25	1669214	7932974	1	capHir1	25
HOMINIDAE	25	7932974	8680874	-1	capHir1	25
HOMINIDAE	25	8680874	14212964	1	capHir1	25
HOMINIDAE	25	0	87524	1	equCab2	13
HOMINIDAE	25	87524	1669214	1	equCab2	13
HOMINIDAE	25	1669214	6676628	-1	equCab2	13
HOMINIDAE	25	6676628	7932974	1	equCab2	13
HOMINIDAE	25	7932974	8045716	1	equCab2	13
HOMINIDAE	25	8045716	8114432	1	equCab2	13
HOMINIDAE	25	8114432	8680874	-1	equCab2	13
HOMINIDAE	25	8680874	8867986	-1	equCab2	13
HOMINIDAE	25	8867986	14212964	1	equCab2	13
HOMINIDAE	25	0	491494	-1	galGal3	19
HOMINIDAE	25	491494	1669214	-1	galGal3	19
HOMINIDAE	25	1669214	5472974	-1	galGal3	19
HOMINIDAE	25	5472974	6098073	-1	galGal3	14
HOMINIDAE	25	6098073	7932974	-1	galGal3	14
HOMINIDAE	25	8249921	8680874	1	galGal3	14
HOMINIDAE	25	8680874	14212964	-1	galGal3	14
HOMINIDAE	25	0	3291949	1	gorGor3	7
HOMINIDAE	25	3291949	7932974	-1	gorGor3	7
HOMINIDAE	25	7932974	14212964	-1	gorGor3	7
HOMINIDAE	25	0	3291949	1	hg19	7
HOMINIDAE	25	3291949	7932974	-1	hg19	7
HOMINIDAE	25	7932974	14212964	-1	hg19	7
HOMINIDAE	25	0	1669214	-1	mm10	5
HOMINIDAE	25	1669214	5989770	1	mm10	5
HOMINIDAE	25	5989770	7932974	-1	mm10	5
HOMINIDAE	25	7932974	8680874	1	mm10	5
HOMINIDAE	25	8680874	14212964	-1	mm10	5
HOMINIDAE	25	0	1381954	1	monDom5	2
HOMINIDAE	25	1381954	1669214	-1	monDom5	2
HOMINIDAE	25	1669214	2868448	-1	monDom5	2
HOMINIDAE	25	2868448	3291949	-1	monDom5	2
HOMINIDAE	25	3291949	4227321	-1	monDom5	2
HOMINIDAE	25	4227321	4509489	1	monDom5	2
HOMINIDAE	25	4509489	5758187	1	monDom5	2
HOMINIDAE	25	5758187	6220007	-1	monDom5	6
HOMINIDAE	25	6220007	7932974	-1	monDom5	6
HOMINIDAE	25	8249921	8763373	1	monDom5	6
HOMINIDAE	25	8763373	11445027	-1	monDom5	6
HOMINIDAE	25	11445027	11635197	1	monDom5	6
HOMINIDAE	25	11635197	11865750	-1	monDom5	6
HOMINIDAE	25	11865750	14212964	-1	monDom5	6
HOMINIDAE	25	1669214	2512251	-1	oryCun2	6
HOMINIDAE	25	2512251	3291949	-1	oryCun2	13
HOMINIDAE	25	3291949	7932974	1	oryCun2	6
HOMINIDAE	25	0	1669214	-1	panTro3	7
HOMINIDAE	25	1669214	3291949	1	panTro3	7
HOMINIDAE	25	3291949	7932974	-1	panTro3	7
HOMINIDAE	25	7932974	8249921	-1	panTro3	7
HOMINIDAE	25	8249921	8680874	1	panTro3	7
HOMINIDAE	25	8680874	14212964	-1	panTro3	7
HOMINIDAE	25	0	14212964	-1	ponAbe2	7
HOMINIDAE	25	0	75039	1	rheMac3	3
HOMINIDAE	25	75039	1669214	1	rheMac3	3
HOMINIDAE	25	1669214	2994949	-1	rheMac3	3
HOMINIDAE	25	2994949	3291949	1	rheMac3	3
HOMINIDAE	25	3291949	8871198	-1	rheMac3	3
HOMINIDAE	25	8871198	9522114	1	rheMac3	3
HOMINIDAE	25	9522114	14212964	-1	rheMac3	3
HOMINIDAE	25	0	1669214	1	rn4	12
HOMINIDAE	25	1669214	4525210	-1	rn4	12
HOMINIDAE	25	4525210	5117892	1	rn4	12
HOMINIDAE	25	5117892	5787678	-1	rn4	12
HOMINIDAE	25	5787678	7932974	1	rn4	12
HOMINIDAE	25	7932974	8680874	-1	rn4	12
HOMINIDAE	25	8680874	14212964	1	rn4	12
HOMINIDAE	25	0	1669214	1	susScr2	3
HOMINIDAE	25	1669214	7932974	-1	susScr2	3
HOMINIDAE	25	7932974	8249921	1	susScr2	3
HOMINIDAE	25	8249921	8486120	1	susScr2	3
HOMINIDAE	25	8486120	8680874	-1	susScr2	3
HOMINIDAE	25	8680874	14212964	-1	susScr2	3
HOMINIDAE	25	0	1669214	-1	bosTau7	25
HOMINIDAE	25	1669214	2664912	1	bosTau7	25
HOMINIDAE	25	2664912	3291949	-1	bosTau7	3
HOMINIDAE	25	3291949	8037722	1	bosTau7	25
HOMINIDAE	25	8037722	8077566	1	bosTau7	25
HOMINIDAE	25	8077566	8680874	-1	bosTau7	25
HOMINIDAE	25	8680874	14212964	1	bosTau7	25
HOMINIDAE	25	0	1669214	-1	calJac3	2
HOMINIDAE	25	1669214	7932974	1	calJac3	2
HOMINIDAE	25	7932974	8091274	1	calJac3	2
HOMINIDAE	25	8091274	8680874	-1	calJac3	2
HOMINIDAE	25	8680874	8841313	-1	calJac3	2
HOMINIDAE	25	8841313	11850923	1	calJac3	2
HOMINIDAE	25	11850923	14212964	1	calJac3	2
HOMINIDAE	25	0	1669214	-1	canFam2	6
HOMINIDAE	25	1669214	7932974	1	canFam2	6
HOMINIDAE	25	7932974	8063485	1	canFam2	6
HOMINIDAE	25	8063485	8119034	1	canFam2	6
HOMINIDAE	25	8119034	8680874	-1	canFam2	6
HOMINIDAE	25	8680874	8885246	-1	canFam2	6
HOMINIDAE	25	8885246	14212964	1	canFam2	6
HOMINIDAE	25	0	1669214	-1	capHir1	25
HOMINIDAE	25	1669214	7932974	1	capHir1	25
HOMINIDAE	25	7932974	8680874	-1	capHir1	25
HOMINIDAE	25	8680874	14212964	1	capHir1	25
HOMINIDAE	25	0	87524	1	equCab2	13
HOMINIDAE	25	87524	1669214	1	equCab2	13
HOMINIDAE	25	1669214	6676628	-1	equCab2	13
HOMINIDAE	25	6676628	7932974	1	equCab2	13
HOMINIDAE	25	7932974	8045716	1	equCab2	13
HOMINIDAE	25	8045716	8114432	1	equCab2	13
HOMINIDAE	25	8114432	8680874	-1	equCab2	13
HOMINIDAE	25	8680874	8867986	-1	equCab2	13
HOMINIDAE	25	8867986	14212964	1	equCab2	13
HOMINIDAE	25	0	491494	-1	galGal3	19
HOMINIDAE	25	491494	1669214	-1	galGal3	19
HOMINIDAE	25	1669214	5472974	-1	galGal3	19
HOMINIDAE	25	5472974	6098073	-1	galGal3	14
HOMINIDAE	25	6098073	7932974	-1	galGal3	14
HOMINIDAE	25	8249921	8680874	1	galGal3	14
HOMINIDAE	25	8680874	14212964	-1	galGal3	14
HOMINIDAE	25	0	3291949	1	gorGor3	7
HOMINIDAE	25	3291949	7932974	-1	gorGor3	7
HOMINIDAE	25	7932974	14212964	-1	gorGor3	7
HOMINIDAE	25	0	3291949	1	hg19	7
HOMINIDAE	25	3291949	7932974	-1	hg19	7
HOMINIDAE	25	7932974	14212964	-1	hg19	7
HOMINIDAE	25	0	1669214	-1	mm10	5
HOMINIDAE	25	1669214	5989770	1	mm10	5
HOMINIDAE	25	5989770	7932974	-1	mm10	5
HOMINIDAE	25	7932974	8680874	1	mm10	5
HOMINIDAE	25	8680874	14212964	-1	mm10	5
HOMINIDAE	25	0	1381954	1	monDom5	2
HOMINIDAE	25	1381954	1669214	-1	monDom5	2
HOMINIDAE	25	1669214	2868448	-1	monDom5	2
HOMINIDAE	25	2868448	3291949	-1	monDom5	2
HOMINIDAE	25	3291949	4227321	-1	monDom5	2
HOMINIDAE	25	4227321	4509489	1	monDom5	2
HOMINIDAE	25	4509489	5758187	1	monDom5	2
HOMINIDAE	25	5758187	6220007	-1	monDom5	6
HOMINIDAE	25	6220007	7932974	-1	monDom5	6
HOMINIDAE	25	8249921	8763373	1	monDom5	6
HOMINIDAE	25	8763373	11445027	-1	monDom5	6
HOMINIDAE	25	11445027	11635197	1	monDom5	6
HOMINIDAE	25	11635197	11865750	-1	monDom5	6
HOMINIDAE	25	11865750	14212964	-1	monDom5	6
HOMINIDAE	25	1669214	2512251	-1	oryCun2	6
HOMINIDAE	25	2512251	3291949	-1	oryCun2	13
HOMINIDAE	25	3291949	7932974	1	oryCun2	6
HOMINIDAE	25	0	1669214	-1	panTro3	7
HOMINIDAE	25	1669214	3291949	1	panTro3	7
HOMINIDAE	25	3291949	7932974	-1	panTro3	7
HOMINIDAE	25	7932974	8249921	-1	panTro3	7
HOMINIDAE	25	8249921	8680874	1	panTro3	7
HOMINIDAE	25	8680874	14212964	-1	panTro3	7
HOMINIDAE	25	0	14212964	-1	ponAbe2	7
HOMINIDAE	25	0	75039	1	rheMac3	3
HOMINIDAE	25	75039	1669214	1	rheMac3	3
HOMINIDAE	25	1669214	2994949	-1	rheMac3	3
HOMINIDAE	25	2994949	3291949	1	rheMac3	3
HOMINIDAE	25	3291949	8871198	-1	rheMac3	3
HOMINIDAE	25	8871198	9522114	1	rheMac3	3
HOMINIDAE	25	9522114	14212964	-1	rheMac3	3
HOMINIDAE	25	0	1669214	1	rn4	12
HOMINIDAE	25	1669214	4525210	-1	rn4	12
HOMINIDAE	25	4525210	5117892	1	rn4	12
HOMINIDAE	25	5117892	5787678	-1	rn4	12
HOMINIDAE	25	5787678	7932974	1	rn4	12
HOMINIDAE	25	7932974	8680874	-1	rn4	12
HOMINIDAE	25	8680874	14212964	1	rn4	12
HOMINIDAE	25	0	1669214	1	susScr2	3
HOMINIDAE	25	1669214	7932974	-1	susScr2	3
HOMINIDAE	25	7932974	8249921	1	susScr2	3
HOMINIDAE	25	8249921	8486120	1	susScr2	3
HOMINIDAE	25	8486120	8680874	-1	susScr2	3
HOMINIDAE	25	8680874	14212964	-1	susScr2	3
HOMINIDAE	25	0	1669214	-1	bosTau7	25
HOMINIDAE	25	1669214	2664912	1	bosTau7	25
HOMINIDAE	25	2664912	3291949	-1	bosTau7	3
HOMINIDAE	25	3291949	8037722	1	bosTau7	25
HOMINIDAE	25	8037722	8077566	1	bosTau7	25
HOMINIDAE	25	8077566	8680874	-1	bosTau7	25
HOMINIDAE	25	8680874	14212964	1	bosTau7	25
HOMINIDAE	25	0	1669214	-1	calJac3	2
HOMINIDAE	25	1669214	7932974	1	calJac3	2
HOMINIDAE	25	7932974	8091274	1	calJac3	2
HOMINIDAE	25	8091274	8680874	-1	calJac3	2
HOMINIDAE	25	8680874	8841313	-1	calJac3	2
HOMINIDAE	25	8841313	11850923	1	calJac3	2
HOMINIDAE	25	11850923	14212964	1	calJac3	2
HOMINIDAE	25	0	1669214	-1	canFam2	6
HOMINIDAE	25	1669214	7932974	1	canFam2	6
HOMINIDAE	25	7932974	8063485	1	canFam2	6
HOMINIDAE	25	8063485	8119034	1	canFam2	6
HOMINIDAE	25	8119034	8680874	-1	canFam2	6
HOMINIDAE	25	8680874	8885246	-1	canFam2	6
HOMINIDAE	25	8885246	14212964	1	canFam2	6
HOMINIDAE	25	0	1669214	-1	capHir1	25
HOMINIDAE	25	1669214	7932974	1	capHir1	25
HOMINIDAE	25	7932974	8680874	-1	capHir1	25
HOMINIDAE	25	8680874	14212964	1	capHir1	25
HOMINIDAE	25	0	87524	1	equCab2	13
HOMINIDAE	25	87524	1669214	1	equCab2	13
HOMINIDAE	25	1669214	6676628	-1	equCab2	13
HOMINIDAE	25	6676628	7932974	1	equCab2	13
HOMINIDAE	25	7932974	8045716	1	equCab2	13
HOMINIDAE	25	8045716	8114432	1	equCab2	13
HOMINIDAE	25	8114432	8680874	-1	equCab2	13
HOMINIDAE	25	8680874	8867986	-1	equCab2	13
HOMINIDAE	25	8867986	14212964	1	equCab2	13
HOMINIDAE	25	0	491494	-1	galGal3	19
HOMINIDAE	25	491494	1669214	-1	galGal3	19
HOMINIDAE	25	1669214	5472974	-1	galGal3	19
HOMINIDAE	25	5472974	6098073	-1	galGal3	14
HOMINIDAE	25	6098073	7932974	-1	galGal3	14
HOMINIDAE	25	8249921	8680874	1	galGal3	14
HOMINIDAE	25	8680874	14212964	-1	galGal3	14
HOMINIDAE	25	0	3291949	1	gorGor3	7
HOMINIDAE	25	3291949	7932974	-1	gorGor3	7
HOMINIDAE	25	7932974	14212964	-1	gorGor3	7
HOMINIDAE	25	0	3291949	1	hg19	7
HOMINIDAE	25	3291949	7932974	-1	hg19	7
HOMINIDAE	25	7932974	14212964	-1	hg19	7
HOMINIDAE	25	0	1669214	-1	mm10	5
HOMINIDAE	25	1669214	5989770	1	mm10	5
HOMINIDAE	25	5989770	7932974	-1	mm10	5
HOMINIDAE	25	7932974	8680874	1	mm10	5
HOMINIDAE	25	8680874	14212964	-1	mm10	5
HOMINIDAE	25	0	1381954	1	monDom5	2
HOMINIDAE	25	1381954	1669214	-1	monDom5	2
HOMINIDAE	25	1669214	2868448	-1	monDom5	2
HOMINIDAE	25	2868448	3291949	-1	monDom5	2
HOMINIDAE	25	3291949	4227321	-1	monDom5	2
HOMINIDAE	25	4227321	4509489	1	monDom5	2
HOMINIDAE	25	4509489	5758187	1	monDom5	2
HOMINIDAE	25	5758187	6220007	-1	monDom5	6
HOMINIDAE	25	6220007	7932974	-1	monDom5	6
HOMINIDAE	25	8249921	8763373	1	monDom5	6
HOMINIDAE	25	8763373	11445027	-1	monDom5	6
HOMINIDAE	25	11445027	11635197	1	monDom5	6
HOMINIDAE	25	11635197	11865750	-1	monDom5	6
HOMINIDAE	25	11865750	14212964	-1	monDom5	6
HOMINIDAE	25	1669214	2512251	-1	oryCun2	6
HOMINIDAE	25	2512251	3291949	-1	oryCun2	13
HOMINIDAE	25	3291949	7932974	1	oryCun2	6
HOMINIDAE	25	0	1669214	-1	panTro3	7
HOMINIDAE	25	1669214	3291949	1	panTro3	7
HOMINIDAE	25	3291949	7932974	-1	panTro3	7
HOMINIDAE	25	7932974	8249921	-1	panTro3	7
HOMINIDAE	25	8249921	8680874	1	panTro3	7
HOMINIDAE	25	8680874	14212964	-1	panTro3	7
HOMINIDAE	25	0	14212964	-1	ponAbe2	7
HOMINIDAE	25	0	75039	1	rheMac3	3
HOMINIDAE	25	75039	1669214	1	rheMac3	3
HOMINIDAE	25	1669214	2994949	-1	rheMac3	3
HOMINIDAE	25	2994949	3291949	1	rheMac3	3
HOMINIDAE	25	3291949	8871198	-1	rheMac3	3
HOMINIDAE	25	8871198	9522114	1	rheMac3	3
HOMINIDAE	25	9522114	14212964	-1	rheMac3	3
HOMINIDAE	25	0	1669214	1	rn4	12
HOMINIDAE	25	1669214	4525210	-1	rn4	12
HOMINIDAE	25	4525210	5117892	1	rn4	12
HOMINIDAE	25	5117892	5787678	-1	rn4	12
HOMINIDAE	25	5787678	7932974	1	rn4	12
HOMINIDAE	25	7932974	8680874	-1	rn4	12
HOMINIDAE	25	8680874	14212964	1	rn4	12
HOMINIDAE	25	0	1669214	1	susScr2	3
HOMINIDAE	25	1669214	7932974	-1	susScr2	3
HOMINIDAE	25	7932974	8249921	1	susScr2	3
HOMINIDAE	25	8249921	8486120	1	susScr2	3
HOMINIDAE	25	8486120	8680874	-1	susScr2	3
HOMINIDAE	25	8680874	14212964	-1	susScr2	3
HOMINIDAE	25	0	1669214	-1	bosTau7	25
HOMINIDAE	25	1669214	2664912	1	bosTau7	25
HOMINIDAE	25	2664912	3291949	-1	bosTau7	3
HOMINIDAE	25	3291949	8037722	1	bosTau7	25
HOMINIDAE	25	8037722	8077566	1	bosTau7	25
HOMINIDAE	25	8077566	8680874	-1	bosTau7	25
HOMINIDAE	25	8680874	14212964	1	bosTau7	25
HOMINIDAE	25	0	1669214	-1	calJac3	2
HOMINIDAE	25	1669214	7932974	1	calJac3	2
HOMINIDAE	25	7932974	8091274	1	calJac3	2
HOMINIDAE	25	8091274	8680874	-1	calJac3	2
HOMINIDAE	25	8680874	8841313	-1	calJac3	2
HOMINIDAE	25	8841313	11850923	1	calJac3	2
HOMINIDAE	25	11850923	14212964	1	calJac3	2
HOMINIDAE	25	0	1669214	-1	canFam2	6
HOMINIDAE	25	1669214	7932974	1	canFam2	6
HOMINIDAE	25	7932974	8063485	1	canFam2	6
HOMINIDAE	25	8063485	8119034	1	canFam2	6
HOMINIDAE	25	8119034	8680874	-1	canFam2	6
HOMINIDAE	25	8680874	8885246	-1	canFam2	6
HOMINIDAE	25	8885246	14212964	1	canFam2	6
HOMINIDAE	25	0	1669214	-1	capHir1	25
HOMINIDAE	25	1669214	7932974	1	capHir1	25
HOMINIDAE	25	7932974	8680874	-1	capHir1	25
HOMINIDAE	25	8680874	14212964	1	capHir1	25
HOMINIDAE	25	0	87524	1	equCab2	13
HOMINIDAE	25	87524	1669214	1	equCab2	13
HOMINIDAE	25	1669214	6676628	-1	equCab2	13
HOMINIDAE	25	6676628	7932974	1	equCab2	13
HOMINIDAE	25	7932974	8045716	1	equCab2	13
HOMINIDAE	25	8045716	8114432	1	equCab2	13
HOMINIDAE	25	8114432	8680874	-1	equCab2	13
HOMINIDAE	25	8680874	8867986	-1	equCab2	13
HOMINIDAE	25	8867986	14212964	1	equCab2	13
HOMINIDAE	25	0	491494	-1	galGal3	19
HOMINIDAE	25	491494	1669214	-1	galGal3	19
HOMINIDAE	25	1669214	5472974	-1	galGal3	19
HOMINIDAE	25	5472974	6098073	-1	galGal3	14
HOMINIDAE	25	6098073	7932974	-1	galGal3	14
HOMINIDAE	25	8249921	8680874	1	galGal3	14
HOMINIDAE	25	8680874	14212964	-1	galGal3	14
HOMINIDAE	25	0	3291949	1	gorGor3	7
HOMINIDAE	25	3291949	7932974	-1	gorGor3	7
HOMINIDAE	25	7932974	14212964	-1	gorGor3	7
HOMINIDAE	25	0	3291949	1	hg19	7
HOMINIDAE	25	3291949	7932974	-1	hg19	7
HOMINIDAE	25	7932974	14212964	-1	hg19	7
HOMINIDAE	25	0	1669214	-1	mm10	5
HOMINIDAE	25	1669214	5989770	1	mm10	5
HOMINIDAE	25	5989770	7932974	-1	mm10	5
HOMINIDAE	25	7932974	8680874	1	mm10	5
HOMINIDAE	25	8680874	14212964	-1	mm10	5
HOMINIDAE	25	0	1381954	1	monDom5	2
HOMINIDAE	25	1381954	1669214	-1	monDom5	2
HOMINIDAE	25	1669214	2868448	-1	monDom5	2
HOMINIDAE	25	2868448	3291949	-1	monDom5	2
HOMINIDAE	25	3291949	4227321	-1	monDom5	2
HOMINIDAE	25	4227321	4509489	1	monDom5	2
HOMINIDAE	25	4509489	5758187	1	monDom5	2
HOMINIDAE	25	5758187	6220007	-1	monDom5	6
HOMINIDAE	25	6220007	7932974	-1	monDom5	6
HOMINIDAE	25	8249921	8763373	1	monDom5	6
HOMINIDAE	25	8763373	11445027	-1	monDom5	6
HOMINIDAE	25	11445027	11635197	1	monDom5	6
HOMINIDAE	25	11635197	11865750	-1	monDom5	6
HOMINIDAE	25	11865750	14212964	-1	monDom5	6
HOMINIDAE	25	1669214	2512251	-1	oryCun2	6
HOMINIDAE	25	2512251	3291949	-1	oryCun2	13
HOMINIDAE	25	3291949	7932974	1	oryCun2	6
HOMINIDAE	25	0	1669214	-1	panTro3	7
HOMINIDAE	25	1669214	3291949	1	panTro3	7
HOMINIDAE	25	3291949	7932974	-1	panTro3	7
HOMINIDAE	25	7932974	8249921	-1	panTro3	7
HOMINIDAE	25	8249921	8680874	1	panTro3	7
HOMINIDAE	25	8680874	14212964	-1	panTro3	7
HOMINIDAE	25	0	14212964	-1	ponAbe2	7
HOMINIDAE	25	0	75039	1	rheMac3	3
HOMINIDAE	25	75039	1669214	1	rheMac3	3
HOMINIDAE	25	1669214	2994949	-1	rheMac3	3
HOMINIDAE	25	2994949	3291949	1	rheMac3	3
HOMINIDAE	25	3291949	8871198	-1	rheMac3	3
HOMINIDAE	25	8871198	9522114	1	rheMac3	3
HOMINIDAE	25	9522114	14212964	-1	rheMac3	3
HOMINIDAE	25	0	1669214	1	rn4	12
HOMINIDAE	25	1669214	4525210	-1	rn4	12
HOMINIDAE	25	4525210	5117892	1	rn4	12
HOMINIDAE	25	5117892	5787678	-1	rn4	12
HOMINIDAE	25	5787678	7932974	1	rn4	12
HOMINIDAE	25	7932974	8680874	-1	rn4	12
HOMINIDAE	25	8680874	14212964	1	rn4	12
HOMINIDAE	25	0	1669214	1	susScr2	3
HOMINIDAE	25	1669214	7932974	-1	susScr2	3
HOMINIDAE	25	7932974	8249921	1	susScr2	3
HOMINIDAE	25	8249921	8486120	1	susScr2	3
HOMINIDAE	25	8486120	8680874	-1	susScr2	3
HOMINIDAE	25	8680874	14212964	-1	susScr2	3
HOMINIDAE	25	0	1669214	-1	bosTau7	25
HOMINIDAE	25	1669214	2664912	1	bosTau7	25
HOMINIDAE	25	2664912	3291949	-1	bosTau7	3
HOMINIDAE	25	3291949	8037722	1	bosTau7	25
HOMINIDAE	25	8037722	8077566	1	bosTau7	25
HOMINIDAE	25	8077566	8680874	-1	bosTau7	25
HOMINIDAE	25	8680874	14212964	1	bosTau7	25
HOMINIDAE	25	0	1669214	-1	calJac3	2
HOMINIDAE	25	1669214	7932974	1	calJac3	2
HOMINIDAE	25	7932974	8091274	1	calJac3	2
HOMINIDAE	25	8091274	8680874	-1	calJac3	2
HOMINIDAE	25	8680874	8841313	-1	calJac3	2
HOMINIDAE	25	8841313	11850923	1	calJac3	2
HOMINIDAE	25	11850923	14212964	1	calJac3	2
HOMINIDAE	25	0	1669214	-1	canFam2	6
HOMINIDAE	25	1669214	7932974	1	canFam2	6
HOMINIDAE	25	7932974	8063485	1	canFam2	6
HOMINIDAE	25	8063485	8119034	1	canFam2	6
HOMINIDAE	25	8119034	8680874	-1	canFam2	6
HOMINIDAE	25	8680874	8885246	-1	canFam2	6
HOMINIDAE	25	8885246	14212964	1	canFam2	6
HOMINIDAE	25	0	1669214	-1	capHir1	25
HOMINIDAE	25	1669214	7932974	1	capHir1	25
HOMINIDAE	25	7932974	8680874	-1	capHir1	25
HOMINIDAE	25	8680874	14212964	1	capHir1	25
HOMINIDAE	25	0	87524	1	equCab2	13
HOMINIDAE	25	87524	1669214	1	equCab2	13
HOMINIDAE	25	1669214	6676628	-1	equCab2	13
HOMINIDAE	25	6676628	7932974	1	equCab2	13
HOMINIDAE	25	7932974	8045716	1	equCab2	13
HOMINIDAE	25	8045716	8114432	1	equCab2	13
HOMINIDAE	25	8114432	8680874	-1	equCab2	13
HOMINIDAE	25	8680874	8867986	-1	equCab2	13
HOMINIDAE	25	8867986	14212964	1	equCab2	13
HOMINIDAE	25	0	491494	-1	galGal3	19
HOMINIDAE	25	491494	1669214	-1	galGal3	19
HOMINIDAE	25	1669214	5472974	-1	galGal3	19
HOMINIDAE	25	5472974	6098073	-1	galGal3	14
HOMINIDAE	25	6098073	7932974	-1	galGal3	14
HOMINIDAE	25	8249921	8680874	1	galGal3	14
HOMINIDAE	25	8680874	14212964	-1	galGal3	14
HOMINIDAE	25	0	3291949	1	gorGor3	7
HOMINIDAE	25	3291949	7932974	-1	gorGor3	7
HOMINIDAE	25	7932974	14212964	-1	gorGor3	7
HOMINIDAE	25	0	3291949	1	hg19	7
HOMINIDAE	25	3291949	7932974	-1	hg19	7
HOMINIDAE	25	7932974	14212964	-1	hg19	7
HOMINIDAE	25	0	1669214	-1	mm10	5
HOMINIDAE	25	1669214	5989770	1	mm10	5
HOMINIDAE	25	5989770	7932974	-1	mm10	5
HOMINIDAE	25	7932974	8680874	1	mm10	5
HOMINIDAE	25	8680874	14212964	-1	mm10	5
HOMINIDAE	25	0	1381954	1	monDom5	2
HOMINIDAE	25	1381954	1669214	-1	monDom5	2
HOMINIDAE	25	1669214	2868448	-1	monDom5	2
HOMINIDAE	25	2868448	3291949	-1	monDom5	2
HOMINIDAE	25	3291949	4227321	-1	monDom5	2
HOMINIDAE	25	4227321	4509489	1	monDom5	2
HOMINIDAE	25	4509489	5758187	1	monDom5	2
HOMINIDAE	25	5758187	6220007	-1	monDom5	6
HOMINIDAE	25	6220007	7932974	-1	monDom5	6
HOMINIDAE	25	8249921	8763373	1	monDom5	6
HOMINIDAE	25	8763373	11445027	-1	monDom5	6
HOMINIDAE	25	11445027	11635197	1	monDom5	6
HOMINIDAE	25	11635197	11865750	-1	monDom5	6
HOMINIDAE	25	11865750	14212964	-1	monDom5	6
HOMINIDAE	25	1669214	2512251	-1	oryCun2	6
HOMINIDAE	25	2512251	3291949	-1	oryCun2	13
HOMINIDAE	25	3291949	7932974	1	oryCun2	6
HOMINIDAE	25	0	1669214	-1	panTro3	7
HOMINIDAE	25	1669214	3291949	1	panTro3	7
HOMINIDAE	25	3291949	7932974	-1	panTro3	7
HOMINIDAE	25	7932974	8249921	-1	panTro3	7
HOMINIDAE	25	8249921	8680874	1	panTro3	7
HOMINIDAE	25	8680874	14212964	-1	panTro3	7
HOMINIDAE	25	0	14212964	-1	ponAbe2	7
HOMINIDAE	25	0	75039	1	rheMac3	3
HOMINIDAE	25	75039	1669214	1	rheMac3	3
HOMINIDAE	25	1669214	2994949	-1	rheMac3	3
HOMINIDAE	25	2994949	3291949	1	rheMac3	3
HOMINIDAE	25	3291949	8871198	-1	rheMac3	3
HOMINIDAE	25	8871198	9522114	1	rheMac3	3
HOMINIDAE	25	9522114	14212964	-1	rheMac3	3
HOMINIDAE	25	0	1669214	1	rn4	12
HOMINIDAE	25	1669214	4525210	-1	rn4	12
HOMINIDAE	25	4525210	5117892	1	rn4	12
HOMINIDAE	25	5117892	5787678	-1	rn4	12
HOMINIDAE	25	5787678	7932974	1	rn4	12
HOMINIDAE	25	7932974	8680874	-1	rn4	12
HOMINIDAE	25	8680874	14212964	1	rn4	12
HOMINIDAE	25	0	1669214	1	susScr2	3
HOMINIDAE	25	1669214	7932974	-1	susScr2	3
HOMINIDAE	25	7932974	8249921	1	susScr2	3
HOMINIDAE	25	8249921	8486120	1	susScr2	3
HOMINIDAE	25	8486120	8680874	-1	susScr2	3
HOMINIDAE	25	8680874	14212964	-1	susScr2	3
