HOMINIDAE	17	0	7530014	1	bosTau7	21
HOMINIDAE	17	7530014	8592656	1	bosTau7	2
HOMINIDAE	17	8592656	10338476	1	bosTau7	21
HOMINIDAE	17	10338476	12495394	-1	bosTau7	10
HOMINIDAE	17	12495394	22415473	1	bosTau7	10
HOMINIDAE	17	22415473	44954140	-1	bosTau7	10
HOMINIDAE	17	44954140	49143439	1	bosTau7	10
HOMINIDAE	17	49143439	55068204	1	bosTau7	10
HOMINIDAE	17	55068204	56891282	-1	bosTau7	21
HOMINIDAE	17	56891282	59178176	1	bosTau7	21
HOMINIDAE	17	59178176	61409991	1	bosTau7	21
HOMINIDAE	17	61409991	68142679	1	bosTau7	21
HOMINIDAE	17	68142679	81108905	-1	bosTau7	21
HOMINIDAE	17	0	10338476	1	calJac3	6
HOMINIDAE	17	10338476	12441019	1	calJac3	10
HOMINIDAE	17	12441019	21785176	-1	calJac3	10
HOMINIDAE	17	21785176	38061193	1	calJac3	10
HOMINIDAE	17	38061193	59237672	1	calJac3	10
HOMINIDAE	17	59237672	81108905	-1	calJac3	6
HOMINIDAE	17	0	613660	-1	canFam2	3
HOMINIDAE	17	613660	8001344	-1	canFam2	3
HOMINIDAE	17	8001344	8592656	1	canFam2	3
HOMINIDAE	17	8592656	10338476	1	canFam2	3
HOMINIDAE	17	10338476	12379122	-1	canFam2	30
HOMINIDAE	17	12379122	58542150	1	canFam2	30
HOMINIDAE	17	58542150	60742556	-1	canFam2	30
HOMINIDAE	17	60742556	63972525	-1	canFam2	3
HOMINIDAE	17	63972525	69467098	1	canFam2	3
HOMINIDAE	17	69467098	81108905	-1	canFam2	3
HOMINIDAE	17	0	6825932	1	capHir1	21
HOMINIDAE	17	6825932	8592656	1	capHir1	2
HOMINIDAE	17	8592656	10338476	1	capHir1	21
HOMINIDAE	17	10338476	12440505	-1	capHir1	10
HOMINIDAE	17	12440505	22399954	1	capHir1	10
HOMINIDAE	17	22399954	45638656	-1	capHir1	10
HOMINIDAE	17	45638656	55678972	1	capHir1	10
HOMINIDAE	17	55678972	57491023	-1	capHir1	21
HOMINIDAE	17	57491023	59514957	1	capHir1	21
HOMINIDAE	17	59514957	61161209	1	capHir1	21
HOMINIDAE	17	61161209	67364282	1	capHir1	21
HOMINIDAE	17	67364282	81108905	-1	capHir1	21
HOMINIDAE	17	0	8592656	1	equCab2	1
HOMINIDAE	17	8592656	10338476	-1	equCab2	1
HOMINIDAE	17	10338476	12456175	1	equCab2	1
HOMINIDAE	17	12456175	60661889	-1	equCab2	1
HOMINIDAE	17	60661889	62785553	-1	equCab2	1
HOMINIDAE	17	62785553	68751081	-1	equCab2	1
HOMINIDAE	17	68751081	81108905	1	equCab2	1
HOMINIDAE	17	0	8592656	-1	galGal3	1
HOMINIDAE	17	8592656	10338476	1	galGal3	10
HOMINIDAE	17	10338476	17316877	-1	galGal3	5
HOMINIDAE	17	17316877	25032671	1	galGal3	5
HOMINIDAE	17	25032671	31450542	1	galGal3	10
HOMINIDAE	17	31450542	43038261	-1	galGal3	10
HOMINIDAE	17	43038261	49461486	-1	galGal3	10
HOMINIDAE	17	49461486	57776838	1	galGal3	10
HOMINIDAE	17	57776838	64734888	-1	galGal3	10
HOMINIDAE	17	64734888	81108905	1	galGal3	10
HOMINIDAE	17	0	81108905	1	gorGor3	15
HOMINIDAE	17	0	81108905	1	hg19	15
HOMINIDAE	17	0	8592656	-1	mm10	7
HOMINIDAE	17	8592656	10338476	1	mm10	7
HOMINIDAE	17	10338476	12546316	-1	mm10	2
HOMINIDAE	17	12546316	30555993	1	mm10	2
HOMINIDAE	17	30555993	56352180	-1	mm10	9
HOMINIDAE	17	56352180	58791102	1	mm10	9
HOMINIDAE	17	58791102	61703471	-1	mm10	7
HOMINIDAE	17	61703471	68412732	1	mm10	7
HOMINIDAE	17	68412732	81108905	-1	mm10	7
HOMINIDAE	17	0	517336	1	monDom5	7
HOMINIDAE	17	517336	8592656	-1	monDom5	7
HOMINIDAE	17	8592656	10338476	-1	monDom5	1
HOMINIDAE	17	10338476	12226629	-1	monDom5	1
HOMINIDAE	17	12226629	24265983	1	monDom5	1
HOMINIDAE	17	24265983	34732413	1	monDom5	1
HOMINIDAE	17	34732413	38881369	-1	monDom5	1
HOMINIDAE	17	38881369	52578707	1	monDom5	1
HOMINIDAE	17	52578707	57091451	1	monDom5	1
HOMINIDAE	17	57091451	59254883	-1	monDom5	1
HOMINIDAE	17	59254883	64501319	-1	monDom5	1
HOMINIDAE	17	64501319	66202325	1	monDom5	1
HOMINIDAE	17	66202325	71147421	-1	monDom5	1
HOMINIDAE	17	71147421	81108905	1	monDom5	1
HOMINIDAE	17	0	8592656	-1	oryCun2	17
HOMINIDAE	17	8592656	10338476	1	oryCun2	17
HOMINIDAE	17	10338476	13649249	1	oryCun2	17
HOMINIDAE	17	13649249	81108905	-1	oryCun2	17
HOMINIDAE	17	0	8592656	1	panTro3	15
HOMINIDAE	17	8592656	10338476	-1	panTro3	15
HOMINIDAE	17	10338476	81108905	1	panTro3	15
HOMINIDAE	17	0	81108905	1	ponAbe2	15
HOMINIDAE	17	0	60454454	1	rheMac3	7
HOMINIDAE	17	60454454	62044481	-1	rheMac3	7
HOMINIDAE	17	62044481	64016071	1	rheMac3	7
HOMINIDAE	17	64016071	81108905	1	rheMac3	7
HOMINIDAE	17	0	8592656	-1	rn4	1
HOMINIDAE	17	8592656	10338476	1	rn4	1
HOMINIDAE	17	10338476	12377987	-1	rn4	3
HOMINIDAE	17	12377987	31134206	1	rn4	3
HOMINIDAE	17	31134206	56280693	-1	rn4	8
HOMINIDAE	17	56280693	58780977	1	rn4	8
HOMINIDAE	17	58780977	61448338	-1	rn4	1
HOMINIDAE	17	61448338	67929460	1	rn4	1
HOMINIDAE	17	67929460	81108905	-1	rn4	1
HOMINIDAE	17	0	7345738	-1	susScr2	1
HOMINIDAE	17	7345738	8592656	-1	susScr2	15
HOMINIDAE	17	8592656	10338476	1	susScr2	1
HOMINIDAE	17	10338476	12115696	-1	susScr2	7
HOMINIDAE	17	12115696	50941956	-1	susScr2	1
HOMINIDAE	17	50941956	59204702	1	susScr2	1
HOMINIDAE	17	59204702	63014110	-1	susScr2	7
HOMINIDAE	17	63014110	66476617	1	susScr2	7
HOMINIDAE	17	66476617	69313131	-1	susScr2	1
HOMINIDAE	17	69313131	71333804	1	susScr2	7
HOMINIDAE	17	71333804	73823653	1	susScr2	7
HOMINIDAE	17	73823653	78801053	-1	susScr2	7
HOMINIDAE	17	78801053	81108905	1	susScr2	1
HOMINIDAE	17	0	7530014	1	bosTau7	21
HOMINIDAE	17	7530014	8592656	1	bosTau7	2
HOMINIDAE	17	8592656	10338476	1	bosTau7	21
HOMINIDAE	17	10338476	12495394	-1	bosTau7	10
HOMINIDAE	17	12495394	22415473	1	bosTau7	10
HOMINIDAE	17	22415473	44954140	-1	bosTau7	10
HOMINIDAE	17	44954140	49143439	1	bosTau7	10
HOMINIDAE	17	49143439	55068204	1	bosTau7	10
HOMINIDAE	17	55068204	56891282	-1	bosTau7	21
HOMINIDAE	17	56891282	59178176	1	bosTau7	21
HOMINIDAE	17	59178176	61409991	1	bosTau7	21
HOMINIDAE	17	61409991	68142679	1	bosTau7	21
HOMINIDAE	17	68142679	81108905	-1	bosTau7	21
HOMINIDAE	17	0	10338476	1	calJac3	6
HOMINIDAE	17	10338476	12441019	1	calJac3	10
HOMINIDAE	17	12441019	21785176	-1	calJac3	10
HOMINIDAE	17	21785176	38061193	1	calJac3	10
HOMINIDAE	17	38061193	59237672	1	calJac3	10
HOMINIDAE	17	59237672	81108905	-1	calJac3	6
HOMINIDAE	17	0	613660	-1	canFam2	3
HOMINIDAE	17	613660	8001344	-1	canFam2	3
HOMINIDAE	17	8001344	8592656	1	canFam2	3
HOMINIDAE	17	8592656	10338476	1	canFam2	3
HOMINIDAE	17	10338476	12379122	-1	canFam2	30
HOMINIDAE	17	12379122	58542150	1	canFam2	30
HOMINIDAE	17	58542150	60742556	-1	canFam2	30
HOMINIDAE	17	60742556	63972525	-1	canFam2	3
HOMINIDAE	17	63972525	69467098	1	canFam2	3
HOMINIDAE	17	69467098	81108905	-1	canFam2	3
HOMINIDAE	17	0	6825932	1	capHir1	21
HOMINIDAE	17	6825932	8592656	1	capHir1	2
HOMINIDAE	17	8592656	10338476	1	capHir1	21
HOMINIDAE	17	10338476	12440505	-1	capHir1	10
HOMINIDAE	17	12440505	22399954	1	capHir1	10
HOMINIDAE	17	22399954	45638656	-1	capHir1	10
HOMINIDAE	17	45638656	55678972	1	capHir1	10
HOMINIDAE	17	55678972	57491023	-1	capHir1	21
HOMINIDAE	17	57491023	59514957	1	capHir1	21
HOMINIDAE	17	59514957	61161209	1	capHir1	21
HOMINIDAE	17	61161209	67364282	1	capHir1	21
HOMINIDAE	17	67364282	81108905	-1	capHir1	21
HOMINIDAE	17	0	8592656	1	equCab2	1
HOMINIDAE	17	8592656	10338476	-1	equCab2	1
HOMINIDAE	17	10338476	12456175	1	equCab2	1
HOMINIDAE	17	12456175	60661889	-1	equCab2	1
HOMINIDAE	17	60661889	62785553	-1	equCab2	1
HOMINIDAE	17	62785553	68751081	-1	equCab2	1
HOMINIDAE	17	68751081	81108905	1	equCab2	1
HOMINIDAE	17	0	8592656	-1	galGal3	1
HOMINIDAE	17	8592656	10338476	1	galGal3	10
HOMINIDAE	17	10338476	17316877	-1	galGal3	5
HOMINIDAE	17	17316877	25032671	1	galGal3	5
HOMINIDAE	17	25032671	31450542	1	galGal3	10
HOMINIDAE	17	31450542	43038261	-1	galGal3	10
HOMINIDAE	17	43038261	49461486	-1	galGal3	10
HOMINIDAE	17	49461486	57776838	1	galGal3	10
HOMINIDAE	17	57776838	64734888	-1	galGal3	10
HOMINIDAE	17	64734888	81108905	1	galGal3	10
HOMINIDAE	17	0	81108905	1	gorGor3	15
HOMINIDAE	17	0	81108905	1	hg19	15
HOMINIDAE	17	0	8592656	-1	mm10	7
HOMINIDAE	17	8592656	10338476	1	mm10	7
HOMINIDAE	17	10338476	12546316	-1	mm10	2
HOMINIDAE	17	12546316	30555993	1	mm10	2
HOMINIDAE	17	30555993	56352180	-1	mm10	9
HOMINIDAE	17	56352180	58791102	1	mm10	9
HOMINIDAE	17	58791102	61703471	-1	mm10	7
HOMINIDAE	17	61703471	68412732	1	mm10	7
HOMINIDAE	17	68412732	81108905	-1	mm10	7
HOMINIDAE	17	0	517336	1	monDom5	7
HOMINIDAE	17	517336	8592656	-1	monDom5	7
HOMINIDAE	17	8592656	10338476	-1	monDom5	1
HOMINIDAE	17	10338476	12226629	-1	monDom5	1
HOMINIDAE	17	12226629	24265983	1	monDom5	1
HOMINIDAE	17	24265983	34732413	1	monDom5	1
HOMINIDAE	17	34732413	38881369	-1	monDom5	1
HOMINIDAE	17	38881369	52578707	1	monDom5	1
HOMINIDAE	17	52578707	57091451	1	monDom5	1
HOMINIDAE	17	57091451	59254883	-1	monDom5	1
HOMINIDAE	17	59254883	64501319	-1	monDom5	1
HOMINIDAE	17	64501319	66202325	1	monDom5	1
HOMINIDAE	17	66202325	71147421	-1	monDom5	1
HOMINIDAE	17	71147421	81108905	1	monDom5	1
HOMINIDAE	17	0	8592656	-1	oryCun2	17
HOMINIDAE	17	8592656	10338476	1	oryCun2	17
HOMINIDAE	17	10338476	13649249	1	oryCun2	17
HOMINIDAE	17	13649249	81108905	-1	oryCun2	17
HOMINIDAE	17	0	8592656	1	panTro3	15
HOMINIDAE	17	8592656	10338476	-1	panTro3	15
HOMINIDAE	17	10338476	81108905	1	panTro3	15
HOMINIDAE	17	0	81108905	1	ponAbe2	15
HOMINIDAE	17	0	60454454	1	rheMac3	7
HOMINIDAE	17	60454454	62044481	-1	rheMac3	7
HOMINIDAE	17	62044481	64016071	1	rheMac3	7
HOMINIDAE	17	64016071	81108905	1	rheMac3	7
HOMINIDAE	17	0	8592656	-1	rn4	1
HOMINIDAE	17	8592656	10338476	1	rn4	1
HOMINIDAE	17	10338476	12377987	-1	rn4	3
HOMINIDAE	17	12377987	31134206	1	rn4	3
HOMINIDAE	17	31134206	56280693	-1	rn4	8
HOMINIDAE	17	56280693	58780977	1	rn4	8
HOMINIDAE	17	58780977	61448338	-1	rn4	1
HOMINIDAE	17	61448338	67929460	1	rn4	1
HOMINIDAE	17	67929460	81108905	-1	rn4	1
HOMINIDAE	17	0	7345738	-1	susScr2	1
HOMINIDAE	17	7345738	8592656	-1	susScr2	15
HOMINIDAE	17	8592656	10338476	1	susScr2	1
HOMINIDAE	17	10338476	12115696	-1	susScr2	7
HOMINIDAE	17	12115696	50941956	-1	susScr2	1
HOMINIDAE	17	50941956	59204702	1	susScr2	1
HOMINIDAE	17	59204702	63014110	-1	susScr2	7
HOMINIDAE	17	63014110	66476617	1	susScr2	7
HOMINIDAE	17	66476617	69313131	-1	susScr2	1
HOMINIDAE	17	69313131	71333804	1	susScr2	7
HOMINIDAE	17	71333804	73823653	1	susScr2	7
HOMINIDAE	17	73823653	78801053	-1	susScr2	7
HOMINIDAE	17	78801053	81108905	1	susScr2	1
HOMINIDAE	17	0	7530014	1	bosTau7	21
HOMINIDAE	17	7530014	8592656	1	bosTau7	2
HOMINIDAE	17	8592656	10338476	1	bosTau7	21
HOMINIDAE	17	10338476	12495394	-1	bosTau7	10
HOMINIDAE	17	12495394	22415473	1	bosTau7	10
HOMINIDAE	17	22415473	44954140	-1	bosTau7	10
HOMINIDAE	17	44954140	49143439	1	bosTau7	10
HOMINIDAE	17	49143439	55068204	1	bosTau7	10
HOMINIDAE	17	55068204	56891282	-1	bosTau7	21
HOMINIDAE	17	56891282	59178176	1	bosTau7	21
HOMINIDAE	17	59178176	61409991	1	bosTau7	21
HOMINIDAE	17	61409991	68142679	1	bosTau7	21
HOMINIDAE	17	68142679	81108905	-1	bosTau7	21
HOMINIDAE	17	0	10338476	1	calJac3	6
HOMINIDAE	17	10338476	12441019	1	calJac3	10
HOMINIDAE	17	12441019	21785176	-1	calJac3	10
HOMINIDAE	17	21785176	38061193	1	calJac3	10
HOMINIDAE	17	38061193	59237672	1	calJac3	10
HOMINIDAE	17	59237672	81108905	-1	calJac3	6
HOMINIDAE	17	0	613660	-1	canFam2	3
HOMINIDAE	17	613660	8001344	-1	canFam2	3
HOMINIDAE	17	8001344	8592656	1	canFam2	3
HOMINIDAE	17	8592656	10338476	1	canFam2	3
HOMINIDAE	17	10338476	12379122	-1	canFam2	30
HOMINIDAE	17	12379122	58542150	1	canFam2	30
HOMINIDAE	17	58542150	60742556	-1	canFam2	30
HOMINIDAE	17	60742556	63972525	-1	canFam2	3
HOMINIDAE	17	63972525	69467098	1	canFam2	3
HOMINIDAE	17	69467098	81108905	-1	canFam2	3
HOMINIDAE	17	0	6825932	1	capHir1	21
HOMINIDAE	17	6825932	8592656	1	capHir1	2
HOMINIDAE	17	8592656	10338476	1	capHir1	21
HOMINIDAE	17	10338476	12440505	-1	capHir1	10
HOMINIDAE	17	12440505	22399954	1	capHir1	10
HOMINIDAE	17	22399954	45638656	-1	capHir1	10
HOMINIDAE	17	45638656	55678972	1	capHir1	10
HOMINIDAE	17	55678972	57491023	-1	capHir1	21
HOMINIDAE	17	57491023	59514957	1	capHir1	21
HOMINIDAE	17	59514957	61161209	1	capHir1	21
HOMINIDAE	17	61161209	67364282	1	capHir1	21
HOMINIDAE	17	67364282	81108905	-1	capHir1	21
HOMINIDAE	17	0	8592656	1	equCab2	1
HOMINIDAE	17	8592656	10338476	-1	equCab2	1
HOMINIDAE	17	10338476	12456175	1	equCab2	1
HOMINIDAE	17	12456175	60661889	-1	equCab2	1
HOMINIDAE	17	60661889	62785553	-1	equCab2	1
HOMINIDAE	17	62785553	68751081	-1	equCab2	1
HOMINIDAE	17	68751081	81108905	1	equCab2	1
HOMINIDAE	17	0	8592656	-1	galGal3	1
HOMINIDAE	17	8592656	10338476	1	galGal3	10
HOMINIDAE	17	10338476	17316877	-1	galGal3	5
HOMINIDAE	17	17316877	25032671	1	galGal3	5
HOMINIDAE	17	25032671	31450542	1	galGal3	10
HOMINIDAE	17	31450542	43038261	-1	galGal3	10
HOMINIDAE	17	43038261	49461486	-1	galGal3	10
HOMINIDAE	17	49461486	57776838	1	galGal3	10
HOMINIDAE	17	57776838	64734888	-1	galGal3	10
HOMINIDAE	17	64734888	81108905	1	galGal3	10
HOMINIDAE	17	0	81108905	1	gorGor3	15
HOMINIDAE	17	0	81108905	1	hg19	15
HOMINIDAE	17	0	8592656	-1	mm10	7
HOMINIDAE	17	8592656	10338476	1	mm10	7
HOMINIDAE	17	10338476	12546316	-1	mm10	2
HOMINIDAE	17	12546316	30555993	1	mm10	2
HOMINIDAE	17	30555993	56352180	-1	mm10	9
HOMINIDAE	17	56352180	58791102	1	mm10	9
HOMINIDAE	17	58791102	61703471	-1	mm10	7
HOMINIDAE	17	61703471	68412732	1	mm10	7
HOMINIDAE	17	68412732	81108905	-1	mm10	7
HOMINIDAE	17	0	517336	1	monDom5	7
HOMINIDAE	17	517336	8592656	-1	monDom5	7
HOMINIDAE	17	8592656	10338476	-1	monDom5	1
HOMINIDAE	17	10338476	12226629	-1	monDom5	1
HOMINIDAE	17	12226629	24265983	1	monDom5	1
HOMINIDAE	17	24265983	34732413	1	monDom5	1
HOMINIDAE	17	34732413	38881369	-1	monDom5	1
HOMINIDAE	17	38881369	52578707	1	monDom5	1
HOMINIDAE	17	52578707	57091451	1	monDom5	1
HOMINIDAE	17	57091451	59254883	-1	monDom5	1
HOMINIDAE	17	59254883	64501319	-1	monDom5	1
HOMINIDAE	17	64501319	66202325	1	monDom5	1
HOMINIDAE	17	66202325	71147421	-1	monDom5	1
HOMINIDAE	17	71147421	81108905	1	monDom5	1
HOMINIDAE	17	0	8592656	-1	oryCun2	17
HOMINIDAE	17	8592656	10338476	1	oryCun2	17
HOMINIDAE	17	10338476	13649249	1	oryCun2	17
HOMINIDAE	17	13649249	81108905	-1	oryCun2	17
HOMINIDAE	17	0	8592656	1	panTro3	15
HOMINIDAE	17	8592656	10338476	-1	panTro3	15
HOMINIDAE	17	10338476	81108905	1	panTro3	15
HOMINIDAE	17	0	81108905	1	ponAbe2	15
HOMINIDAE	17	0	60454454	1	rheMac3	7
HOMINIDAE	17	60454454	62044481	-1	rheMac3	7
HOMINIDAE	17	62044481	64016071	1	rheMac3	7
HOMINIDAE	17	64016071	81108905	1	rheMac3	7
HOMINIDAE	17	0	8592656	-1	rn4	1
HOMINIDAE	17	8592656	10338476	1	rn4	1
HOMINIDAE	17	10338476	12377987	-1	rn4	3
HOMINIDAE	17	12377987	31134206	1	rn4	3
HOMINIDAE	17	31134206	56280693	-1	rn4	8
HOMINIDAE	17	56280693	58780977	1	rn4	8
HOMINIDAE	17	58780977	61448338	-1	rn4	1
HOMINIDAE	17	61448338	67929460	1	rn4	1
HOMINIDAE	17	67929460	81108905	-1	rn4	1
HOMINIDAE	17	0	7345738	-1	susScr2	1
HOMINIDAE	17	7345738	8592656	-1	susScr2	15
HOMINIDAE	17	8592656	10338476	1	susScr2	1
HOMINIDAE	17	10338476	12115696	-1	susScr2	7
HOMINIDAE	17	12115696	50941956	-1	susScr2	1
HOMINIDAE	17	50941956	59204702	1	susScr2	1
HOMINIDAE	17	59204702	63014110	-1	susScr2	7
HOMINIDAE	17	63014110	66476617	1	susScr2	7
HOMINIDAE	17	66476617	69313131	-1	susScr2	1
HOMINIDAE	17	69313131	71333804	1	susScr2	7
HOMINIDAE	17	71333804	73823653	1	susScr2	7
HOMINIDAE	17	73823653	78801053	-1	susScr2	7
HOMINIDAE	17	78801053	81108905	1	susScr2	1
