HOMINIDAE	14	0	11569884	1	bosTau7	11
HOMINIDAE	14	11569884	14561621	-1	bosTau7	11
HOMINIDAE	14	14561621	17515048	-1	bosTau7	11
HOMINIDAE	14	17515048	32723964	1	bosTau7	11
HOMINIDAE	14	32723964	38253864	1	bosTau7	11
HOMINIDAE	14	38253864	47643749	-1	bosTau7	11
HOMINIDAE	14	47643749	77644282	-1	bosTau7	11
HOMINIDAE	14	77644282	104166033	1	bosTau7	11
HOMINIDAE	14	104166033	106002620	1	bosTau7	8
HOMINIDAE	14	106002620	107995680	1	bosTau7	9
HOMINIDAE	14	0	107995680	1	calJac3	14
HOMINIDAE	14	0	984796	-1	canFam2	17
HOMINIDAE	14	984796	15703115	-1	canFam2	10
HOMINIDAE	14	15703115	36030209	1	canFam2	17
HOMINIDAE	14	36030209	64850102	-1	canFam2	10
HOMINIDAE	14	64850102	107995680	-1	canFam2	17
HOMINIDAE	14	0	11951780	1	capHir1	11
HOMINIDAE	14	11951780	14786827	-1	capHir1	11
HOMINIDAE	14	14786827	17340668	-1	capHir1	11
HOMINIDAE	14	17340668	32097857	1	capHir1	11
HOMINIDAE	14	32097857	37247658	1	capHir1	11
HOMINIDAE	14	37247658	46947331	-1	capHir1	11
HOMINIDAE	14	46947331	78916847	-1	capHir1	11
HOMINIDAE	14	78916847	104271842	1	capHir1	11
HOMINIDAE	14	104271842	107995680	1	capHir1	8
HOMINIDAE	14	0	15771955	-1	equCab2	15
HOMINIDAE	14	15771955	107995680	1	equCab2	15
HOMINIDAE	14	0	18890546	1	galGal3	1
HOMINIDAE	14	18890546	28516901	-1	galGal3	3
HOMINIDAE	14	28516901	38091016	-1	galGal3	3
HOMINIDAE	14	38091016	46134033	1	galGal3	3
HOMINIDAE	14	46134033	62607442	-1	galGal3	3
HOMINIDAE	14	62607442	107995680	-1	galGal3	3
HOMINIDAE	14	0	18890546	1	gorGor3	2A
HOMINIDAE	14	18890546	107995680	-1	gorGor3	2A
HOMINIDAE	14	0	18890546	1	hg19	2
HOMINIDAE	14	18890546	107995680	-1	hg19	2
HOMINIDAE	14	0	921523	-1	mm10	2
HOMINIDAE	14	921523	12149427	1	mm10	1
HOMINIDAE	14	12149427	14328468	-1	mm10	17
HOMINIDAE	14	14328468	15767772	1	mm10	10
HOMINIDAE	14	15767772	18292478	1	mm10	2
HOMINIDAE	14	18292478	18890546	1	mm10	2
HOMINIDAE	14	18890546	34119917	1	mm10	6
HOMINIDAE	14	34119917	50813596	1	mm10	11
HOMINIDAE	14	50813596	74549009	-1	mm10	17
HOMINIDAE	14	74549009	77366475	-1	mm10	5
HOMINIDAE	14	77366475	107995680	1	mm10	12
HOMINIDAE	14	0	1503862	-1	monDom5	1
HOMINIDAE	14	1503862	1996337	-1	monDom5	1
HOMINIDAE	14	1996337	2677375	-1	monDom5	7
HOMINIDAE	14	2677375	15502689	1	monDom5	7
HOMINIDAE	14	15502689	17987266	1	monDom5	1
HOMINIDAE	14	17987266	28684232	1	monDom5	1
HOMINIDAE	14	28684232	33570991	1	monDom5	1
HOMINIDAE	14	33570991	73496981	1	monDom5	1
HOMINIDAE	14	73496981	90800745	-1	monDom5	1
HOMINIDAE	14	90800745	94294977	-1	monDom5	1
HOMINIDAE	14	94294977	107995680	1	monDom5	1
HOMINIDAE	14	0	15691041	-1	oryCun2	2
HOMINIDAE	14	15691041	87514656	1	oryCun2	2
HOMINIDAE	14	87514656	103038283	-1	oryCun2	2
HOMINIDAE	14	0	18890546	1	panTro3	2A
HOMINIDAE	14	18890546	103038283	-1	panTro3	2A
HOMINIDAE	14	103038283	104477759	-1	panTro3	2A
HOMINIDAE	14	104477759	104951458	-1	panTro3	2A
HOMINIDAE	14	104951458	107995680	-1	panTro3	2A
HOMINIDAE	14	0	107995680	1	ponAbe2	2a
HOMINIDAE	14	0	18890546	1	rheMac3	13
HOMINIDAE	14	18890546	107995680	-1	rheMac3	13
HOMINIDAE	14	0	1026809	-1	rn4	3
HOMINIDAE	14	1026809	14350787	1	rn4	9
HOMINIDAE	14	14350787	15103300	-1	rn4	20
HOMINIDAE	14	15103300	18181078	1	rn4	3
HOMINIDAE	14	18181078	18890546	1	rn4	3
HOMINIDAE	14	18890546	37236439	1	rn4	4
HOMINIDAE	14	37236439	52710239	1	rn4	14
HOMINIDAE	14	52710239	71878682	-1	rn4	6
HOMINIDAE	14	71878682	107995680	1	rn4	6
HOMINIDAE	14	0	807413	1	susScr2	3
HOMINIDAE	14	807413	1411130	-1	susScr2	3
HOMINIDAE	14	1411130	16664179	-1	susScr2	3
HOMINIDAE	14	16664179	18890546	-1	susScr2	3
HOMINIDAE	14	18890546	107995680	1	susScr2	3
HOMINIDAE	14	0	11569884	1	bosTau7	11
HOMINIDAE	14	11569884	14561621	-1	bosTau7	11
HOMINIDAE	14	14561621	17515048	-1	bosTau7	11
HOMINIDAE	14	17515048	32723964	1	bosTau7	11
HOMINIDAE	14	32723964	38253864	1	bosTau7	11
HOMINIDAE	14	38253864	47643749	-1	bosTau7	11
HOMINIDAE	14	47643749	77644282	-1	bosTau7	11
HOMINIDAE	14	77644282	104166033	1	bosTau7	11
HOMINIDAE	14	104166033	106002620	1	bosTau7	8
HOMINIDAE	14	106002620	107995680	1	bosTau7	9
HOMINIDAE	14	0	107995680	1	calJac3	14
HOMINIDAE	14	0	984796	-1	canFam2	17
HOMINIDAE	14	984796	15703115	-1	canFam2	10
HOMINIDAE	14	15703115	36030209	1	canFam2	17
HOMINIDAE	14	36030209	64850102	-1	canFam2	10
HOMINIDAE	14	64850102	107995680	-1	canFam2	17
HOMINIDAE	14	0	11951780	1	capHir1	11
HOMINIDAE	14	11951780	14786827	-1	capHir1	11
HOMINIDAE	14	14786827	17340668	-1	capHir1	11
HOMINIDAE	14	17340668	32097857	1	capHir1	11
HOMINIDAE	14	32097857	37247658	1	capHir1	11
HOMINIDAE	14	37247658	46947331	-1	capHir1	11
HOMINIDAE	14	46947331	78916847	-1	capHir1	11
HOMINIDAE	14	78916847	104271842	1	capHir1	11
HOMINIDAE	14	104271842	107995680	1	capHir1	8
HOMINIDAE	14	0	15771955	-1	equCab2	15
HOMINIDAE	14	15771955	107995680	1	equCab2	15
HOMINIDAE	14	0	18890546	1	galGal3	1
HOMINIDAE	14	18890546	28516901	-1	galGal3	3
HOMINIDAE	14	28516901	38091016	-1	galGal3	3
HOMINIDAE	14	38091016	46134033	1	galGal3	3
HOMINIDAE	14	46134033	62607442	-1	galGal3	3
HOMINIDAE	14	62607442	107995680	-1	galGal3	3
HOMINIDAE	14	0	18890546	1	gorGor3	2A
HOMINIDAE	14	18890546	107995680	-1	gorGor3	2A
HOMINIDAE	14	0	18890546	1	hg19	2
HOMINIDAE	14	18890546	107995680	-1	hg19	2
HOMINIDAE	14	0	921523	-1	mm10	2
HOMINIDAE	14	921523	12149427	1	mm10	1
HOMINIDAE	14	12149427	14328468	-1	mm10	17
HOMINIDAE	14	14328468	15767772	1	mm10	10
HOMINIDAE	14	15767772	18292478	1	mm10	2
HOMINIDAE	14	18292478	18890546	1	mm10	2
HOMINIDAE	14	18890546	34119917	1	mm10	6
HOMINIDAE	14	34119917	50813596	1	mm10	11
HOMINIDAE	14	50813596	74549009	-1	mm10	17
HOMINIDAE	14	74549009	77366475	-1	mm10	5
HOMINIDAE	14	77366475	107995680	1	mm10	12
HOMINIDAE	14	0	1503862	-1	monDom5	1
HOMINIDAE	14	1503862	1996337	-1	monDom5	1
HOMINIDAE	14	1996337	2677375	-1	monDom5	7
HOMINIDAE	14	2677375	15502689	1	monDom5	7
HOMINIDAE	14	15502689	17987266	1	monDom5	1
HOMINIDAE	14	17987266	28684232	1	monDom5	1
HOMINIDAE	14	28684232	33570991	1	monDom5	1
HOMINIDAE	14	33570991	73496981	1	monDom5	1
HOMINIDAE	14	73496981	90800745	-1	monDom5	1
HOMINIDAE	14	90800745	94294977	-1	monDom5	1
HOMINIDAE	14	94294977	107995680	1	monDom5	1
HOMINIDAE	14	0	15691041	-1	oryCun2	2
HOMINIDAE	14	15691041	87514656	1	oryCun2	2
HOMINIDAE	14	87514656	103038283	-1	oryCun2	2
HOMINIDAE	14	0	18890546	1	panTro3	2A
HOMINIDAE	14	18890546	103038283	-1	panTro3	2A
HOMINIDAE	14	103038283	104477759	-1	panTro3	2A
HOMINIDAE	14	104477759	104951458	-1	panTro3	2A
HOMINIDAE	14	104951458	107995680	-1	panTro3	2A
HOMINIDAE	14	0	107995680	1	ponAbe2	2a
HOMINIDAE	14	0	18890546	1	rheMac3	13
HOMINIDAE	14	18890546	107995680	-1	rheMac3	13
HOMINIDAE	14	0	1026809	-1	rn4	3
HOMINIDAE	14	1026809	14350787	1	rn4	9
HOMINIDAE	14	14350787	15103300	-1	rn4	20
HOMINIDAE	14	15103300	18181078	1	rn4	3
HOMINIDAE	14	18181078	18890546	1	rn4	3
HOMINIDAE	14	18890546	37236439	1	rn4	4
HOMINIDAE	14	37236439	52710239	1	rn4	14
HOMINIDAE	14	52710239	71878682	-1	rn4	6
HOMINIDAE	14	71878682	107995680	1	rn4	6
HOMINIDAE	14	0	807413	1	susScr2	3
HOMINIDAE	14	807413	1411130	-1	susScr2	3
HOMINIDAE	14	1411130	16664179	-1	susScr2	3
HOMINIDAE	14	16664179	18890546	-1	susScr2	3
HOMINIDAE	14	18890546	107995680	1	susScr2	3
HOMINIDAE	14	0	11569884	1	bosTau7	11
HOMINIDAE	14	11569884	14561621	-1	bosTau7	11
HOMINIDAE	14	14561621	17515048	-1	bosTau7	11
HOMINIDAE	14	17515048	32723964	1	bosTau7	11
HOMINIDAE	14	32723964	38253864	1	bosTau7	11
HOMINIDAE	14	38253864	47643749	-1	bosTau7	11
HOMINIDAE	14	47643749	77644282	-1	bosTau7	11
HOMINIDAE	14	77644282	104166033	1	bosTau7	11
HOMINIDAE	14	104166033	106002620	1	bosTau7	8
HOMINIDAE	14	106002620	107995680	1	bosTau7	9
HOMINIDAE	14	0	107995680	1	calJac3	14
HOMINIDAE	14	0	984796	-1	canFam2	17
HOMINIDAE	14	984796	15703115	-1	canFam2	10
HOMINIDAE	14	15703115	36030209	1	canFam2	17
HOMINIDAE	14	36030209	64850102	-1	canFam2	10
HOMINIDAE	14	64850102	107995680	-1	canFam2	17
HOMINIDAE	14	0	11951780	1	capHir1	11
HOMINIDAE	14	11951780	14786827	-1	capHir1	11
HOMINIDAE	14	14786827	17340668	-1	capHir1	11
HOMINIDAE	14	17340668	32097857	1	capHir1	11
HOMINIDAE	14	32097857	37247658	1	capHir1	11
HOMINIDAE	14	37247658	46947331	-1	capHir1	11
HOMINIDAE	14	46947331	78916847	-1	capHir1	11
HOMINIDAE	14	78916847	104271842	1	capHir1	11
HOMINIDAE	14	104271842	107995680	1	capHir1	8
HOMINIDAE	14	0	15771955	-1	equCab2	15
HOMINIDAE	14	15771955	107995680	1	equCab2	15
HOMINIDAE	14	0	18890546	1	galGal3	1
HOMINIDAE	14	18890546	28516901	-1	galGal3	3
HOMINIDAE	14	28516901	38091016	-1	galGal3	3
HOMINIDAE	14	38091016	46134033	1	galGal3	3
HOMINIDAE	14	46134033	62607442	-1	galGal3	3
HOMINIDAE	14	62607442	107995680	-1	galGal3	3
HOMINIDAE	14	0	18890546	1	gorGor3	2A
HOMINIDAE	14	18890546	107995680	-1	gorGor3	2A
HOMINIDAE	14	0	18890546	1	hg19	2
HOMINIDAE	14	18890546	107995680	-1	hg19	2
HOMINIDAE	14	0	921523	-1	mm10	2
HOMINIDAE	14	921523	12149427	1	mm10	1
HOMINIDAE	14	12149427	14328468	-1	mm10	17
HOMINIDAE	14	14328468	15767772	1	mm10	10
HOMINIDAE	14	15767772	18292478	1	mm10	2
HOMINIDAE	14	18292478	18890546	1	mm10	2
HOMINIDAE	14	18890546	34119917	1	mm10	6
HOMINIDAE	14	34119917	50813596	1	mm10	11
HOMINIDAE	14	50813596	74549009	-1	mm10	17
HOMINIDAE	14	74549009	77366475	-1	mm10	5
HOMINIDAE	14	77366475	107995680	1	mm10	12
HOMINIDAE	14	0	1503862	-1	monDom5	1
HOMINIDAE	14	1503862	1996337	-1	monDom5	1
HOMINIDAE	14	1996337	2677375	-1	monDom5	7
HOMINIDAE	14	2677375	15502689	1	monDom5	7
HOMINIDAE	14	15502689	17987266	1	monDom5	1
HOMINIDAE	14	17987266	28684232	1	monDom5	1
HOMINIDAE	14	28684232	33570991	1	monDom5	1
HOMINIDAE	14	33570991	73496981	1	monDom5	1
HOMINIDAE	14	73496981	90800745	-1	monDom5	1
HOMINIDAE	14	90800745	94294977	-1	monDom5	1
HOMINIDAE	14	94294977	107995680	1	monDom5	1
HOMINIDAE	14	0	15691041	-1	oryCun2	2
HOMINIDAE	14	15691041	87514656	1	oryCun2	2
HOMINIDAE	14	87514656	103038283	-1	oryCun2	2
HOMINIDAE	14	0	18890546	1	panTro3	2A
HOMINIDAE	14	18890546	103038283	-1	panTro3	2A
HOMINIDAE	14	103038283	104477759	-1	panTro3	2A
HOMINIDAE	14	104477759	104951458	-1	panTro3	2A
HOMINIDAE	14	104951458	107995680	-1	panTro3	2A
HOMINIDAE	14	0	107995680	1	ponAbe2	2a
HOMINIDAE	14	0	18890546	1	rheMac3	13
HOMINIDAE	14	18890546	107995680	-1	rheMac3	13
HOMINIDAE	14	0	1026809	-1	rn4	3
HOMINIDAE	14	1026809	14350787	1	rn4	9
HOMINIDAE	14	14350787	15103300	-1	rn4	20
HOMINIDAE	14	15103300	18181078	1	rn4	3
HOMINIDAE	14	18181078	18890546	1	rn4	3
HOMINIDAE	14	18890546	37236439	1	rn4	4
HOMINIDAE	14	37236439	52710239	1	rn4	14
HOMINIDAE	14	52710239	71878682	-1	rn4	6
HOMINIDAE	14	71878682	107995680	1	rn4	6
HOMINIDAE	14	0	807413	1	susScr2	3
HOMINIDAE	14	807413	1411130	-1	susScr2	3
HOMINIDAE	14	1411130	16664179	-1	susScr2	3
HOMINIDAE	14	16664179	18890546	-1	susScr2	3
HOMINIDAE	14	18890546	107995680	1	susScr2	3
HOMINIDAE	14	0	11569884	1	bosTau7	11
HOMINIDAE	14	11569884	14561621	-1	bosTau7	11
HOMINIDAE	14	14561621	17515048	-1	bosTau7	11
HOMINIDAE	14	17515048	32723964	1	bosTau7	11
HOMINIDAE	14	32723964	38253864	1	bosTau7	11
HOMINIDAE	14	38253864	47643749	-1	bosTau7	11
HOMINIDAE	14	47643749	77644282	-1	bosTau7	11
HOMINIDAE	14	77644282	104166033	1	bosTau7	11
HOMINIDAE	14	104166033	106002620	1	bosTau7	8
HOMINIDAE	14	106002620	107995680	1	bosTau7	9
HOMINIDAE	14	0	107995680	1	calJac3	14
HOMINIDAE	14	0	984796	-1	canFam2	17
HOMINIDAE	14	984796	15703115	-1	canFam2	10
HOMINIDAE	14	15703115	36030209	1	canFam2	17
HOMINIDAE	14	36030209	64850102	-1	canFam2	10
HOMINIDAE	14	64850102	107995680	-1	canFam2	17
HOMINIDAE	14	0	11951780	1	capHir1	11
HOMINIDAE	14	11951780	14786827	-1	capHir1	11
HOMINIDAE	14	14786827	17340668	-1	capHir1	11
HOMINIDAE	14	17340668	32097857	1	capHir1	11
HOMINIDAE	14	32097857	37247658	1	capHir1	11
HOMINIDAE	14	37247658	46947331	-1	capHir1	11
HOMINIDAE	14	46947331	78916847	-1	capHir1	11
HOMINIDAE	14	78916847	104271842	1	capHir1	11
HOMINIDAE	14	104271842	107995680	1	capHir1	8
HOMINIDAE	14	0	15771955	-1	equCab2	15
HOMINIDAE	14	15771955	107995680	1	equCab2	15
HOMINIDAE	14	0	18890546	1	galGal3	1
HOMINIDAE	14	18890546	28516901	-1	galGal3	3
HOMINIDAE	14	28516901	38091016	-1	galGal3	3
HOMINIDAE	14	38091016	46134033	1	galGal3	3
HOMINIDAE	14	46134033	62607442	-1	galGal3	3
HOMINIDAE	14	62607442	107995680	-1	galGal3	3
HOMINIDAE	14	0	18890546	1	gorGor3	2A
HOMINIDAE	14	18890546	107995680	-1	gorGor3	2A
HOMINIDAE	14	0	18890546	1	hg19	2
HOMINIDAE	14	18890546	107995680	-1	hg19	2
HOMINIDAE	14	0	921523	-1	mm10	2
HOMINIDAE	14	921523	12149427	1	mm10	1
HOMINIDAE	14	12149427	14328468	-1	mm10	17
HOMINIDAE	14	14328468	15767772	1	mm10	10
HOMINIDAE	14	15767772	18292478	1	mm10	2
HOMINIDAE	14	18292478	18890546	1	mm10	2
HOMINIDAE	14	18890546	34119917	1	mm10	6
HOMINIDAE	14	34119917	50813596	1	mm10	11
HOMINIDAE	14	50813596	74549009	-1	mm10	17
HOMINIDAE	14	74549009	77366475	-1	mm10	5
HOMINIDAE	14	77366475	107995680	1	mm10	12
HOMINIDAE	14	0	1503862	-1	monDom5	1
HOMINIDAE	14	1503862	1996337	-1	monDom5	1
HOMINIDAE	14	1996337	2677375	-1	monDom5	7
HOMINIDAE	14	2677375	15502689	1	monDom5	7
HOMINIDAE	14	15502689	17987266	1	monDom5	1
HOMINIDAE	14	17987266	28684232	1	monDom5	1
HOMINIDAE	14	28684232	33570991	1	monDom5	1
HOMINIDAE	14	33570991	73496981	1	monDom5	1
HOMINIDAE	14	73496981	90800745	-1	monDom5	1
HOMINIDAE	14	90800745	94294977	-1	monDom5	1
HOMINIDAE	14	94294977	107995680	1	monDom5	1
HOMINIDAE	14	0	15691041	-1	oryCun2	2
HOMINIDAE	14	15691041	87514656	1	oryCun2	2
HOMINIDAE	14	87514656	103038283	-1	oryCun2	2
HOMINIDAE	14	0	18890546	1	panTro3	2A
HOMINIDAE	14	18890546	103038283	-1	panTro3	2A
HOMINIDAE	14	103038283	104477759	-1	panTro3	2A
HOMINIDAE	14	104477759	104951458	-1	panTro3	2A
HOMINIDAE	14	104951458	107995680	-1	panTro3	2A
HOMINIDAE	14	0	107995680	1	ponAbe2	2a
HOMINIDAE	14	0	18890546	1	rheMac3	13
HOMINIDAE	14	18890546	107995680	-1	rheMac3	13
HOMINIDAE	14	0	1026809	-1	rn4	3
HOMINIDAE	14	1026809	14350787	1	rn4	9
HOMINIDAE	14	14350787	15103300	-1	rn4	20
HOMINIDAE	14	15103300	18181078	1	rn4	3
HOMINIDAE	14	18181078	18890546	1	rn4	3
HOMINIDAE	14	18890546	37236439	1	rn4	4
HOMINIDAE	14	37236439	52710239	1	rn4	14
HOMINIDAE	14	52710239	71878682	-1	rn4	6
HOMINIDAE	14	71878682	107995680	1	rn4	6
HOMINIDAE	14	0	807413	1	susScr2	3
HOMINIDAE	14	807413	1411130	-1	susScr2	3
HOMINIDAE	14	1411130	16664179	-1	susScr2	3
HOMINIDAE	14	16664179	18890546	-1	susScr2	3
HOMINIDAE	14	18890546	107995680	1	susScr2	3
HOMINIDAE	14	0	11569884	1	bosTau7	11
HOMINIDAE	14	11569884	14561621	-1	bosTau7	11
HOMINIDAE	14	14561621	17515048	-1	bosTau7	11
HOMINIDAE	14	17515048	32723964	1	bosTau7	11
HOMINIDAE	14	32723964	38253864	1	bosTau7	11
HOMINIDAE	14	38253864	47643749	-1	bosTau7	11
HOMINIDAE	14	47643749	77644282	-1	bosTau7	11
HOMINIDAE	14	77644282	104166033	1	bosTau7	11
HOMINIDAE	14	104166033	106002620	1	bosTau7	8
HOMINIDAE	14	106002620	107995680	1	bosTau7	9
HOMINIDAE	14	0	107995680	1	calJac3	14
HOMINIDAE	14	0	984796	-1	canFam2	17
HOMINIDAE	14	984796	15703115	-1	canFam2	10
HOMINIDAE	14	15703115	36030209	1	canFam2	17
HOMINIDAE	14	36030209	64850102	-1	canFam2	10
HOMINIDAE	14	64850102	107995680	-1	canFam2	17
HOMINIDAE	14	0	11951780	1	capHir1	11
HOMINIDAE	14	11951780	14786827	-1	capHir1	11
HOMINIDAE	14	14786827	17340668	-1	capHir1	11
HOMINIDAE	14	17340668	32097857	1	capHir1	11
HOMINIDAE	14	32097857	37247658	1	capHir1	11
HOMINIDAE	14	37247658	46947331	-1	capHir1	11
HOMINIDAE	14	46947331	78916847	-1	capHir1	11
HOMINIDAE	14	78916847	104271842	1	capHir1	11
HOMINIDAE	14	104271842	107995680	1	capHir1	8
HOMINIDAE	14	0	15771955	-1	equCab2	15
HOMINIDAE	14	15771955	107995680	1	equCab2	15
HOMINIDAE	14	0	18890546	1	galGal3	1
HOMINIDAE	14	18890546	28516901	-1	galGal3	3
HOMINIDAE	14	28516901	38091016	-1	galGal3	3
HOMINIDAE	14	38091016	46134033	1	galGal3	3
HOMINIDAE	14	46134033	62607442	-1	galGal3	3
HOMINIDAE	14	62607442	107995680	-1	galGal3	3
HOMINIDAE	14	0	18890546	1	gorGor3	2A
HOMINIDAE	14	18890546	107995680	-1	gorGor3	2A
HOMINIDAE	14	0	18890546	1	hg19	2
HOMINIDAE	14	18890546	107995680	-1	hg19	2
HOMINIDAE	14	0	921523	-1	mm10	2
HOMINIDAE	14	921523	12149427	1	mm10	1
HOMINIDAE	14	12149427	14328468	-1	mm10	17
HOMINIDAE	14	14328468	15767772	1	mm10	10
HOMINIDAE	14	15767772	18292478	1	mm10	2
HOMINIDAE	14	18292478	18890546	1	mm10	2
HOMINIDAE	14	18890546	34119917	1	mm10	6
HOMINIDAE	14	34119917	50813596	1	mm10	11
HOMINIDAE	14	50813596	74549009	-1	mm10	17
HOMINIDAE	14	74549009	77366475	-1	mm10	5
HOMINIDAE	14	77366475	107995680	1	mm10	12
HOMINIDAE	14	0	1503862	-1	monDom5	1
HOMINIDAE	14	1503862	1996337	-1	monDom5	1
HOMINIDAE	14	1996337	2677375	-1	monDom5	7
HOMINIDAE	14	2677375	15502689	1	monDom5	7
HOMINIDAE	14	15502689	17987266	1	monDom5	1
HOMINIDAE	14	17987266	28684232	1	monDom5	1
HOMINIDAE	14	28684232	33570991	1	monDom5	1
HOMINIDAE	14	33570991	73496981	1	monDom5	1
HOMINIDAE	14	73496981	90800745	-1	monDom5	1
HOMINIDAE	14	90800745	94294977	-1	monDom5	1
HOMINIDAE	14	94294977	107995680	1	monDom5	1
HOMINIDAE	14	0	15691041	-1	oryCun2	2
HOMINIDAE	14	15691041	87514656	1	oryCun2	2
HOMINIDAE	14	87514656	103038283	-1	oryCun2	2
HOMINIDAE	14	0	18890546	1	panTro3	2A
HOMINIDAE	14	18890546	103038283	-1	panTro3	2A
HOMINIDAE	14	103038283	104477759	-1	panTro3	2A
HOMINIDAE	14	104477759	104951458	-1	panTro3	2A
HOMINIDAE	14	104951458	107995680	-1	panTro3	2A
HOMINIDAE	14	0	107995680	1	ponAbe2	2a
HOMINIDAE	14	0	18890546	1	rheMac3	13
HOMINIDAE	14	18890546	107995680	-1	rheMac3	13
HOMINIDAE	14	0	1026809	-1	rn4	3
HOMINIDAE	14	1026809	14350787	1	rn4	9
HOMINIDAE	14	14350787	15103300	-1	rn4	20
HOMINIDAE	14	15103300	18181078	1	rn4	3
HOMINIDAE	14	18181078	18890546	1	rn4	3
HOMINIDAE	14	18890546	37236439	1	rn4	4
HOMINIDAE	14	37236439	52710239	1	rn4	14
HOMINIDAE	14	52710239	71878682	-1	rn4	6
HOMINIDAE	14	71878682	107995680	1	rn4	6
HOMINIDAE	14	0	807413	1	susScr2	3
HOMINIDAE	14	807413	1411130	-1	susScr2	3
HOMINIDAE	14	1411130	16664179	-1	susScr2	3
HOMINIDAE	14	16664179	18890546	-1	susScr2	3
HOMINIDAE	14	18890546	107995680	1	susScr2	3
