HOMINIDAE	19	0	15623407	1	bosTau7	25
HOMINIDAE	19	15623407	17478053	-1	bosTau7	25
HOMINIDAE	19	17478053	32677937	1	bosTau7	25
HOMINIDAE	19	33082550	43403633	1	bosTau7	18
HOMINIDAE	19	43403633	44214240	-1	bosTau7	18
HOMINIDAE	19	44214240	60303054	1	bosTau7	18
HOMINIDAE	19	60303054	76908025	1	bosTau7	18
HOMINIDAE	19	0	1853058	1	calJac3	12
HOMINIDAE	19	1853058	2556593	-1	calJac3	12
HOMINIDAE	19	2556593	11411820	1	calJac3	12
HOMINIDAE	19	11411820	16350545	-1	calJac3	12
HOMINIDAE	19	16350545	17723241	1	calJac3	12
HOMINIDAE	19	17723241	19219333	-1	calJac3	12
HOMINIDAE	19	19219333	33082550	1	calJac3	12
HOMINIDAE	19	33082550	76908025	1	calJac3	20
HOMINIDAE	19	0	16720447	-1	canFam2	6
HOMINIDAE	19	16720447	18517141	1	canFam2	6
HOMINIDAE	19	18517141	32677937	-1	canFam2	6
HOMINIDAE	19	33082550	45370798	-1	canFam2	2
HOMINIDAE	19	45370798	76908025	-1	canFam2	5
HOMINIDAE	19	0	16220052	1	capHir1	25
HOMINIDAE	19	16220052	17328601	-1	capHir1	25
HOMINIDAE	19	17328601	28372722	1	capHir1	25
HOMINIDAE	19	28372722	29020869	-1	capHir1	25
HOMINIDAE	19	29020869	32677937	1	capHir1	25
HOMINIDAE	19	33082550	60288598	1	capHir1	18
HOMINIDAE	19	60288598	76908025	1	capHir1	18
HOMINIDAE	19	0	16747833	-1	equCab2	13
HOMINIDAE	19	16747833	18219326	1	equCab2	13
HOMINIDAE	19	18219326	32677937	-1	equCab2	13
HOMINIDAE	19	33082550	76908025	1	equCab2	3
HOMINIDAE	19	0	4446730	-1	galGal3	14
HOMINIDAE	19	4446730	7638780	1	galGal3	14
HOMINIDAE	19	7638780	25092943	-1	galGal3	14
HOMINIDAE	19	25092943	28372722	1	galGal3	14
HOMINIDAE	19	33082550	49032571	-1	galGal3	11
HOMINIDAE	19	49032571	56656789	-1	galGal3	11
HOMINIDAE	19	56656789	59799887	1	galGal3	11
HOMINIDAE	19	59799887	60975140	1	galGal3	11
HOMINIDAE	19	60975140	71874209	1	galGal3	11
HOMINIDAE	19	71874209	73763756	-1	galGal3	11
HOMINIDAE	19	73763756	76908025	1	galGal3	11
HOMINIDAE	19	0	28372722	1	gorGor3	16
HOMINIDAE	19	28372722	29020869	-1	gorGor3	16
HOMINIDAE	19	29020869	56656789	1	gorGor3	16
HOMINIDAE	19	56656789	60975140	-1	gorGor3	16
HOMINIDAE	19	60975140	76908025	1	gorGor3	16
HOMINIDAE	19	0	28372722	1	hg19	16
HOMINIDAE	19	28372722	29020869	-1	hg19	16
HOMINIDAE	19	29020869	56656789	1	hg19	16
HOMINIDAE	19	56656789	60975140	-1	hg19	16
HOMINIDAE	19	60975140	76908025	1	hg19	16
HOMINIDAE	19	0	3380201	-1	mm10	17
HOMINIDAE	19	3380201	16692398	1	mm10	16
HOMINIDAE	19	16692398	18542904	-1	mm10	7
HOMINIDAE	19	18542904	32677937	1	mm10	7
HOMINIDAE	19	33082550	76908025	1	mm10	8
HOMINIDAE	19	0	6435095	1	monDom5	6
HOMINIDAE	19	6435095	8792006	-1	monDom5	6
HOMINIDAE	19	8792006	16144553	-1	monDom5	6
HOMINIDAE	19	16144553	19007017	1	monDom5	6
HOMINIDAE	19	19007017	19463466	-1	monDom5	6
HOMINIDAE	19	19463466	20675659	-1	monDom5	6
HOMINIDAE	19	20675659	23059773	1	monDom5	6
HOMINIDAE	19	23059773	24291455	-1	monDom5	6
HOMINIDAE	19	24291455	25389687	1	monDom5	6
HOMINIDAE	19	25389687	29020869	-1	monDom5	6
HOMINIDAE	19	29020869	31965708	1	monDom5	6
HOMINIDAE	19	31965708	32677937	-1	monDom5	6
HOMINIDAE	19	33082550	42774985	1	monDom5	1
HOMINIDAE	19	42774985	43787297	-1	monDom5	1
HOMINIDAE	19	43787297	55714862	1	monDom5	1
HOMINIDAE	19	55714862	59672108	1	monDom5	1
HOMINIDAE	19	59672108	61871371	-1	monDom5	1
HOMINIDAE	19	61871371	64414491	-1	monDom5	6
HOMINIDAE	19	64414491	67368217	-1	monDom5	1
HOMINIDAE	19	67368217	69652214	1	monDom5	1
HOMINIDAE	19	69652214	76908025	1	monDom5	1
HOMINIDAE	19	0	28372722	1	panTro3	16
HOMINIDAE	19	28372722	29020869	-1	panTro3	16
HOMINIDAE	19	29020869	32677937	1	panTro3	16
HOMINIDAE	19	32677937	33082550	-1	panTro3	16
HOMINIDAE	19	33082550	56656789	1	panTro3	16
HOMINIDAE	19	56656789	60975140	-1	panTro3	16
HOMINIDAE	19	60975140	76908025	1	panTro3	16
HOMINIDAE	19	0	76908025	1	ponAbe2	16
HOMINIDAE	19	0	13980444	1	rheMac3	20
HOMINIDAE	19	13980444	14619989	-1	rheMac3	6
HOMINIDAE	19	14619989	16631032	1	rheMac3	20
HOMINIDAE	19	16631032	18433147	-1	rheMac3	20
HOMINIDAE	19	18433147	28372722	1	rheMac3	20
HOMINIDAE	19	28372722	29020869	-1	rheMac3	20
HOMINIDAE	19	29020869	32150019	1	rheMac3	20
HOMINIDAE	19	32150019	32677937	1	rheMac3	6
HOMINIDAE	19	33082550	76908025	1	rheMac3	20
HOMINIDAE	19	0	16807848	-1	rn4	10
HOMINIDAE	19	16807848	18576515	-1	rn4	1
HOMINIDAE	19	18576515	32677937	1	rn4	1
HOMINIDAE	19	33082550	41737522	-1	rn4	19
HOMINIDAE	19	41737522	54017846	-1	rn4	19
HOMINIDAE	19	54017846	76908025	1	rn4	19
HOMINIDAE	19	0	2217526	1	susScr2	3
HOMINIDAE	19	2217526	16147208	-1	susScr2	3
HOMINIDAE	19	16147208	17577105	1	susScr2	3
HOMINIDAE	19	17577105	32677937	-1	susScr2	3
HOMINIDAE	19	33082550	56656789	-1	susScr2	6
HOMINIDAE	19	56656789	57039524	1	susScr2	6
HOMINIDAE	19	57039524	76908025	-1	susScr2	6
HOMINIDAE	19	0	15623407	1	bosTau7	25
HOMINIDAE	19	15623407	17478053	-1	bosTau7	25
HOMINIDAE	19	17478053	32677937	1	bosTau7	25
HOMINIDAE	19	33082550	43403633	1	bosTau7	18
HOMINIDAE	19	43403633	44214240	-1	bosTau7	18
HOMINIDAE	19	44214240	60303054	1	bosTau7	18
HOMINIDAE	19	60303054	76908025	1	bosTau7	18
HOMINIDAE	19	0	1853058	1	calJac3	12
HOMINIDAE	19	1853058	2556593	-1	calJac3	12
HOMINIDAE	19	2556593	11411820	1	calJac3	12
HOMINIDAE	19	11411820	16350545	-1	calJac3	12
HOMINIDAE	19	16350545	17723241	1	calJac3	12
HOMINIDAE	19	17723241	19219333	-1	calJac3	12
HOMINIDAE	19	19219333	33082550	1	calJac3	12
HOMINIDAE	19	33082550	76908025	1	calJac3	20
HOMINIDAE	19	0	16720447	-1	canFam2	6
HOMINIDAE	19	16720447	18517141	1	canFam2	6
HOMINIDAE	19	18517141	32677937	-1	canFam2	6
HOMINIDAE	19	33082550	45370798	-1	canFam2	2
HOMINIDAE	19	45370798	76908025	-1	canFam2	5
HOMINIDAE	19	0	16220052	1	capHir1	25
HOMINIDAE	19	16220052	17328601	-1	capHir1	25
HOMINIDAE	19	17328601	28372722	1	capHir1	25
HOMINIDAE	19	28372722	29020869	-1	capHir1	25
HOMINIDAE	19	29020869	32677937	1	capHir1	25
HOMINIDAE	19	33082550	60288598	1	capHir1	18
HOMINIDAE	19	60288598	76908025	1	capHir1	18
HOMINIDAE	19	0	16747833	-1	equCab2	13
HOMINIDAE	19	16747833	18219326	1	equCab2	13
HOMINIDAE	19	18219326	32677937	-1	equCab2	13
HOMINIDAE	19	33082550	76908025	1	equCab2	3
HOMINIDAE	19	0	4446730	-1	galGal3	14
HOMINIDAE	19	4446730	7638780	1	galGal3	14
HOMINIDAE	19	7638780	25092943	-1	galGal3	14
HOMINIDAE	19	25092943	28372722	1	galGal3	14
HOMINIDAE	19	33082550	49032571	-1	galGal3	11
HOMINIDAE	19	49032571	56656789	-1	galGal3	11
HOMINIDAE	19	56656789	59799887	1	galGal3	11
HOMINIDAE	19	59799887	60975140	1	galGal3	11
HOMINIDAE	19	60975140	71874209	1	galGal3	11
HOMINIDAE	19	71874209	73763756	-1	galGal3	11
HOMINIDAE	19	73763756	76908025	1	galGal3	11
HOMINIDAE	19	0	28372722	1	gorGor3	16
HOMINIDAE	19	28372722	29020869	-1	gorGor3	16
HOMINIDAE	19	29020869	56656789	1	gorGor3	16
HOMINIDAE	19	56656789	60975140	-1	gorGor3	16
HOMINIDAE	19	60975140	76908025	1	gorGor3	16
HOMINIDAE	19	0	28372722	1	hg19	16
HOMINIDAE	19	28372722	29020869	-1	hg19	16
HOMINIDAE	19	29020869	56656789	1	hg19	16
HOMINIDAE	19	56656789	60975140	-1	hg19	16
HOMINIDAE	19	60975140	76908025	1	hg19	16
HOMINIDAE	19	0	3380201	-1	mm10	17
HOMINIDAE	19	3380201	16692398	1	mm10	16
HOMINIDAE	19	16692398	18542904	-1	mm10	7
HOMINIDAE	19	18542904	32677937	1	mm10	7
HOMINIDAE	19	33082550	76908025	1	mm10	8
HOMINIDAE	19	0	6435095	1	monDom5	6
HOMINIDAE	19	6435095	8792006	-1	monDom5	6
HOMINIDAE	19	8792006	16144553	-1	monDom5	6
HOMINIDAE	19	16144553	19007017	1	monDom5	6
HOMINIDAE	19	19007017	19463466	-1	monDom5	6
HOMINIDAE	19	19463466	20675659	-1	monDom5	6
HOMINIDAE	19	20675659	23059773	1	monDom5	6
HOMINIDAE	19	23059773	24291455	-1	monDom5	6
HOMINIDAE	19	24291455	25389687	1	monDom5	6
HOMINIDAE	19	25389687	29020869	-1	monDom5	6
HOMINIDAE	19	29020869	31965708	1	monDom5	6
HOMINIDAE	19	31965708	32677937	-1	monDom5	6
HOMINIDAE	19	33082550	42774985	1	monDom5	1
HOMINIDAE	19	42774985	43787297	-1	monDom5	1
HOMINIDAE	19	43787297	55714862	1	monDom5	1
HOMINIDAE	19	55714862	59672108	1	monDom5	1
HOMINIDAE	19	59672108	61871371	-1	monDom5	1
HOMINIDAE	19	61871371	64414491	-1	monDom5	6
HOMINIDAE	19	64414491	67368217	-1	monDom5	1
HOMINIDAE	19	67368217	69652214	1	monDom5	1
HOMINIDAE	19	69652214	76908025	1	monDom5	1
HOMINIDAE	19	0	28372722	1	panTro3	16
HOMINIDAE	19	28372722	29020869	-1	panTro3	16
HOMINIDAE	19	29020869	32677937	1	panTro3	16
HOMINIDAE	19	32677937	33082550	-1	panTro3	16
HOMINIDAE	19	33082550	56656789	1	panTro3	16
HOMINIDAE	19	56656789	60975140	-1	panTro3	16
HOMINIDAE	19	60975140	76908025	1	panTro3	16
HOMINIDAE	19	0	76908025	1	ponAbe2	16
HOMINIDAE	19	0	13980444	1	rheMac3	20
HOMINIDAE	19	13980444	14619989	-1	rheMac3	6
HOMINIDAE	19	14619989	16631032	1	rheMac3	20
HOMINIDAE	19	16631032	18433147	-1	rheMac3	20
HOMINIDAE	19	18433147	28372722	1	rheMac3	20
HOMINIDAE	19	28372722	29020869	-1	rheMac3	20
HOMINIDAE	19	29020869	32150019	1	rheMac3	20
HOMINIDAE	19	32150019	32677937	1	rheMac3	6
HOMINIDAE	19	33082550	76908025	1	rheMac3	20
HOMINIDAE	19	0	16807848	-1	rn4	10
HOMINIDAE	19	16807848	18576515	-1	rn4	1
HOMINIDAE	19	18576515	32677937	1	rn4	1
HOMINIDAE	19	33082550	41737522	-1	rn4	19
HOMINIDAE	19	41737522	54017846	-1	rn4	19
HOMINIDAE	19	54017846	76908025	1	rn4	19
HOMINIDAE	19	0	2217526	1	susScr2	3
HOMINIDAE	19	2217526	16147208	-1	susScr2	3
HOMINIDAE	19	16147208	17577105	1	susScr2	3
HOMINIDAE	19	17577105	32677937	-1	susScr2	3
HOMINIDAE	19	33082550	56656789	-1	susScr2	6
HOMINIDAE	19	56656789	57039524	1	susScr2	6
HOMINIDAE	19	57039524	76908025	-1	susScr2	6
HOMINIDAE	19	0	15623407	1	bosTau7	25
HOMINIDAE	19	15623407	17478053	-1	bosTau7	25
HOMINIDAE	19	17478053	32677937	1	bosTau7	25
HOMINIDAE	19	33082550	43403633	1	bosTau7	18
HOMINIDAE	19	43403633	44214240	-1	bosTau7	18
HOMINIDAE	19	44214240	60303054	1	bosTau7	18
HOMINIDAE	19	60303054	76908025	1	bosTau7	18
HOMINIDAE	19	0	1853058	1	calJac3	12
HOMINIDAE	19	1853058	2556593	-1	calJac3	12
HOMINIDAE	19	2556593	11411820	1	calJac3	12
HOMINIDAE	19	11411820	16350545	-1	calJac3	12
HOMINIDAE	19	16350545	17723241	1	calJac3	12
HOMINIDAE	19	17723241	19219333	-1	calJac3	12
HOMINIDAE	19	19219333	33082550	1	calJac3	12
HOMINIDAE	19	33082550	76908025	1	calJac3	20
HOMINIDAE	19	0	16720447	-1	canFam2	6
HOMINIDAE	19	16720447	18517141	1	canFam2	6
HOMINIDAE	19	18517141	32677937	-1	canFam2	6
HOMINIDAE	19	33082550	45370798	-1	canFam2	2
HOMINIDAE	19	45370798	76908025	-1	canFam2	5
HOMINIDAE	19	0	16220052	1	capHir1	25
HOMINIDAE	19	16220052	17328601	-1	capHir1	25
HOMINIDAE	19	17328601	28372722	1	capHir1	25
HOMINIDAE	19	28372722	29020869	-1	capHir1	25
HOMINIDAE	19	29020869	32677937	1	capHir1	25
HOMINIDAE	19	33082550	60288598	1	capHir1	18
HOMINIDAE	19	60288598	76908025	1	capHir1	18
HOMINIDAE	19	0	16747833	-1	equCab2	13
HOMINIDAE	19	16747833	18219326	1	equCab2	13
HOMINIDAE	19	18219326	32677937	-1	equCab2	13
HOMINIDAE	19	33082550	76908025	1	equCab2	3
HOMINIDAE	19	0	4446730	-1	galGal3	14
HOMINIDAE	19	4446730	7638780	1	galGal3	14
HOMINIDAE	19	7638780	25092943	-1	galGal3	14
HOMINIDAE	19	25092943	28372722	1	galGal3	14
HOMINIDAE	19	33082550	49032571	-1	galGal3	11
HOMINIDAE	19	49032571	56656789	-1	galGal3	11
HOMINIDAE	19	56656789	59799887	1	galGal3	11
HOMINIDAE	19	59799887	60975140	1	galGal3	11
HOMINIDAE	19	60975140	71874209	1	galGal3	11
HOMINIDAE	19	71874209	73763756	-1	galGal3	11
HOMINIDAE	19	73763756	76908025	1	galGal3	11
HOMINIDAE	19	0	28372722	1	gorGor3	16
HOMINIDAE	19	28372722	29020869	-1	gorGor3	16
HOMINIDAE	19	29020869	56656789	1	gorGor3	16
HOMINIDAE	19	56656789	60975140	-1	gorGor3	16
HOMINIDAE	19	60975140	76908025	1	gorGor3	16
HOMINIDAE	19	0	28372722	1	hg19	16
HOMINIDAE	19	28372722	29020869	-1	hg19	16
HOMINIDAE	19	29020869	56656789	1	hg19	16
HOMINIDAE	19	56656789	60975140	-1	hg19	16
HOMINIDAE	19	60975140	76908025	1	hg19	16
HOMINIDAE	19	0	3380201	-1	mm10	17
HOMINIDAE	19	3380201	16692398	1	mm10	16
HOMINIDAE	19	16692398	18542904	-1	mm10	7
HOMINIDAE	19	18542904	32677937	1	mm10	7
HOMINIDAE	19	33082550	76908025	1	mm10	8
HOMINIDAE	19	0	6435095	1	monDom5	6
HOMINIDAE	19	6435095	8792006	-1	monDom5	6
HOMINIDAE	19	8792006	16144553	-1	monDom5	6
HOMINIDAE	19	16144553	19007017	1	monDom5	6
HOMINIDAE	19	19007017	19463466	-1	monDom5	6
HOMINIDAE	19	19463466	20675659	-1	monDom5	6
HOMINIDAE	19	20675659	23059773	1	monDom5	6
HOMINIDAE	19	23059773	24291455	-1	monDom5	6
HOMINIDAE	19	24291455	25389687	1	monDom5	6
HOMINIDAE	19	25389687	29020869	-1	monDom5	6
HOMINIDAE	19	29020869	31965708	1	monDom5	6
HOMINIDAE	19	31965708	32677937	-1	monDom5	6
HOMINIDAE	19	33082550	42774985	1	monDom5	1
HOMINIDAE	19	42774985	43787297	-1	monDom5	1
HOMINIDAE	19	43787297	55714862	1	monDom5	1
HOMINIDAE	19	55714862	59672108	1	monDom5	1
HOMINIDAE	19	59672108	61871371	-1	monDom5	1
HOMINIDAE	19	61871371	64414491	-1	monDom5	6
HOMINIDAE	19	64414491	67368217	-1	monDom5	1
HOMINIDAE	19	67368217	69652214	1	monDom5	1
HOMINIDAE	19	69652214	76908025	1	monDom5	1
HOMINIDAE	19	0	28372722	1	panTro3	16
HOMINIDAE	19	28372722	29020869	-1	panTro3	16
HOMINIDAE	19	29020869	32677937	1	panTro3	16
HOMINIDAE	19	32677937	33082550	-1	panTro3	16
HOMINIDAE	19	33082550	56656789	1	panTro3	16
HOMINIDAE	19	56656789	60975140	-1	panTro3	16
HOMINIDAE	19	60975140	76908025	1	panTro3	16
HOMINIDAE	19	0	76908025	1	ponAbe2	16
HOMINIDAE	19	0	13980444	1	rheMac3	20
HOMINIDAE	19	13980444	14619989	-1	rheMac3	6
HOMINIDAE	19	14619989	16631032	1	rheMac3	20
HOMINIDAE	19	16631032	18433147	-1	rheMac3	20
HOMINIDAE	19	18433147	28372722	1	rheMac3	20
HOMINIDAE	19	28372722	29020869	-1	rheMac3	20
HOMINIDAE	19	29020869	32150019	1	rheMac3	20
HOMINIDAE	19	32150019	32677937	1	rheMac3	6
HOMINIDAE	19	33082550	76908025	1	rheMac3	20
HOMINIDAE	19	0	16807848	-1	rn4	10
HOMINIDAE	19	16807848	18576515	-1	rn4	1
HOMINIDAE	19	18576515	32677937	1	rn4	1
HOMINIDAE	19	33082550	41737522	-1	rn4	19
HOMINIDAE	19	41737522	54017846	-1	rn4	19
HOMINIDAE	19	54017846	76908025	1	rn4	19
HOMINIDAE	19	0	2217526	1	susScr2	3
HOMINIDAE	19	2217526	16147208	-1	susScr2	3
HOMINIDAE	19	16147208	17577105	1	susScr2	3
HOMINIDAE	19	17577105	32677937	-1	susScr2	3
HOMINIDAE	19	33082550	56656789	-1	susScr2	6
HOMINIDAE	19	56656789	57039524	1	susScr2	6
HOMINIDAE	19	57039524	76908025	-1	susScr2	6
HOMINIDAE	19	0	15623407	1	bosTau7	25
HOMINIDAE	19	15623407	17478053	-1	bosTau7	25
HOMINIDAE	19	17478053	32677937	1	bosTau7	25
HOMINIDAE	19	33082550	43403633	1	bosTau7	18
HOMINIDAE	19	43403633	44214240	-1	bosTau7	18
HOMINIDAE	19	44214240	60303054	1	bosTau7	18
HOMINIDAE	19	60303054	76908025	1	bosTau7	18
HOMINIDAE	19	0	1853058	1	calJac3	12
HOMINIDAE	19	1853058	2556593	-1	calJac3	12
HOMINIDAE	19	2556593	11411820	1	calJac3	12
HOMINIDAE	19	11411820	16350545	-1	calJac3	12
HOMINIDAE	19	16350545	17723241	1	calJac3	12
HOMINIDAE	19	17723241	19219333	-1	calJac3	12
HOMINIDAE	19	19219333	33082550	1	calJac3	12
HOMINIDAE	19	33082550	76908025	1	calJac3	20
HOMINIDAE	19	0	16720447	-1	canFam2	6
HOMINIDAE	19	16720447	18517141	1	canFam2	6
HOMINIDAE	19	18517141	32677937	-1	canFam2	6
HOMINIDAE	19	33082550	45370798	-1	canFam2	2
HOMINIDAE	19	45370798	76908025	-1	canFam2	5
HOMINIDAE	19	0	16220052	1	capHir1	25
HOMINIDAE	19	16220052	17328601	-1	capHir1	25
HOMINIDAE	19	17328601	28372722	1	capHir1	25
HOMINIDAE	19	28372722	29020869	-1	capHir1	25
HOMINIDAE	19	29020869	32677937	1	capHir1	25
HOMINIDAE	19	33082550	60288598	1	capHir1	18
HOMINIDAE	19	60288598	76908025	1	capHir1	18
HOMINIDAE	19	0	16747833	-1	equCab2	13
HOMINIDAE	19	16747833	18219326	1	equCab2	13
HOMINIDAE	19	18219326	32677937	-1	equCab2	13
HOMINIDAE	19	33082550	76908025	1	equCab2	3
HOMINIDAE	19	0	4446730	-1	galGal3	14
HOMINIDAE	19	4446730	7638780	1	galGal3	14
HOMINIDAE	19	7638780	25092943	-1	galGal3	14
HOMINIDAE	19	25092943	28372722	1	galGal3	14
HOMINIDAE	19	33082550	49032571	-1	galGal3	11
HOMINIDAE	19	49032571	56656789	-1	galGal3	11
HOMINIDAE	19	56656789	59799887	1	galGal3	11
HOMINIDAE	19	59799887	60975140	1	galGal3	11
HOMINIDAE	19	60975140	71874209	1	galGal3	11
HOMINIDAE	19	71874209	73763756	-1	galGal3	11
HOMINIDAE	19	73763756	76908025	1	galGal3	11
HOMINIDAE	19	0	28372722	1	gorGor3	16
HOMINIDAE	19	28372722	29020869	-1	gorGor3	16
HOMINIDAE	19	29020869	56656789	1	gorGor3	16
HOMINIDAE	19	56656789	60975140	-1	gorGor3	16
HOMINIDAE	19	60975140	76908025	1	gorGor3	16
HOMINIDAE	19	0	28372722	1	hg19	16
HOMINIDAE	19	28372722	29020869	-1	hg19	16
HOMINIDAE	19	29020869	56656789	1	hg19	16
HOMINIDAE	19	56656789	60975140	-1	hg19	16
HOMINIDAE	19	60975140	76908025	1	hg19	16
HOMINIDAE	19	0	3380201	-1	mm10	17
HOMINIDAE	19	3380201	16692398	1	mm10	16
HOMINIDAE	19	16692398	18542904	-1	mm10	7
HOMINIDAE	19	18542904	32677937	1	mm10	7
HOMINIDAE	19	33082550	76908025	1	mm10	8
HOMINIDAE	19	0	6435095	1	monDom5	6
HOMINIDAE	19	6435095	8792006	-1	monDom5	6
HOMINIDAE	19	8792006	16144553	-1	monDom5	6
HOMINIDAE	19	16144553	19007017	1	monDom5	6
HOMINIDAE	19	19007017	19463466	-1	monDom5	6
HOMINIDAE	19	19463466	20675659	-1	monDom5	6
HOMINIDAE	19	20675659	23059773	1	monDom5	6
HOMINIDAE	19	23059773	24291455	-1	monDom5	6
HOMINIDAE	19	24291455	25389687	1	monDom5	6
HOMINIDAE	19	25389687	29020869	-1	monDom5	6
HOMINIDAE	19	29020869	31965708	1	monDom5	6
HOMINIDAE	19	31965708	32677937	-1	monDom5	6
HOMINIDAE	19	33082550	42774985	1	monDom5	1
HOMINIDAE	19	42774985	43787297	-1	monDom5	1
HOMINIDAE	19	43787297	55714862	1	monDom5	1
HOMINIDAE	19	55714862	59672108	1	monDom5	1
HOMINIDAE	19	59672108	61871371	-1	monDom5	1
HOMINIDAE	19	61871371	64414491	-1	monDom5	6
HOMINIDAE	19	64414491	67368217	-1	monDom5	1
HOMINIDAE	19	67368217	69652214	1	monDom5	1
HOMINIDAE	19	69652214	76908025	1	monDom5	1
HOMINIDAE	19	0	28372722	1	panTro3	16
HOMINIDAE	19	28372722	29020869	-1	panTro3	16
HOMINIDAE	19	29020869	32677937	1	panTro3	16
HOMINIDAE	19	32677937	33082550	-1	panTro3	16
HOMINIDAE	19	33082550	56656789	1	panTro3	16
HOMINIDAE	19	56656789	60975140	-1	panTro3	16
HOMINIDAE	19	60975140	76908025	1	panTro3	16
HOMINIDAE	19	0	76908025	1	ponAbe2	16
HOMINIDAE	19	0	13980444	1	rheMac3	20
HOMINIDAE	19	13980444	14619989	-1	rheMac3	6
HOMINIDAE	19	14619989	16631032	1	rheMac3	20
HOMINIDAE	19	16631032	18433147	-1	rheMac3	20
HOMINIDAE	19	18433147	28372722	1	rheMac3	20
HOMINIDAE	19	28372722	29020869	-1	rheMac3	20
HOMINIDAE	19	29020869	32150019	1	rheMac3	20
HOMINIDAE	19	32150019	32677937	1	rheMac3	6
HOMINIDAE	19	33082550	76908025	1	rheMac3	20
HOMINIDAE	19	0	16807848	-1	rn4	10
HOMINIDAE	19	16807848	18576515	-1	rn4	1
HOMINIDAE	19	18576515	32677937	1	rn4	1
HOMINIDAE	19	33082550	41737522	-1	rn4	19
HOMINIDAE	19	41737522	54017846	-1	rn4	19
HOMINIDAE	19	54017846	76908025	1	rn4	19
HOMINIDAE	19	0	2217526	1	susScr2	3
HOMINIDAE	19	2217526	16147208	-1	susScr2	3
HOMINIDAE	19	16147208	17577105	1	susScr2	3
HOMINIDAE	19	17577105	32677937	-1	susScr2	3
HOMINIDAE	19	33082550	56656789	-1	susScr2	6
HOMINIDAE	19	56656789	57039524	1	susScr2	6
HOMINIDAE	19	57039524	76908025	-1	susScr2	6
HOMINIDAE	19	0	15623407	1	bosTau7	25
HOMINIDAE	19	15623407	17478053	-1	bosTau7	25
HOMINIDAE	19	17478053	32677937	1	bosTau7	25
HOMINIDAE	19	33082550	43403633	1	bosTau7	18
HOMINIDAE	19	43403633	44214240	-1	bosTau7	18
HOMINIDAE	19	44214240	60303054	1	bosTau7	18
HOMINIDAE	19	60303054	76908025	1	bosTau7	18
HOMINIDAE	19	0	1853058	1	calJac3	12
HOMINIDAE	19	1853058	2556593	-1	calJac3	12
HOMINIDAE	19	2556593	11411820	1	calJac3	12
HOMINIDAE	19	11411820	16350545	-1	calJac3	12
HOMINIDAE	19	16350545	17723241	1	calJac3	12
HOMINIDAE	19	17723241	19219333	-1	calJac3	12
HOMINIDAE	19	19219333	33082550	1	calJac3	12
HOMINIDAE	19	33082550	76908025	1	calJac3	20
HOMINIDAE	19	0	16720447	-1	canFam2	6
HOMINIDAE	19	16720447	18517141	1	canFam2	6
HOMINIDAE	19	18517141	32677937	-1	canFam2	6
HOMINIDAE	19	33082550	45370798	-1	canFam2	2
HOMINIDAE	19	45370798	76908025	-1	canFam2	5
HOMINIDAE	19	0	16220052	1	capHir1	25
HOMINIDAE	19	16220052	17328601	-1	capHir1	25
HOMINIDAE	19	17328601	28372722	1	capHir1	25
HOMINIDAE	19	28372722	29020869	-1	capHir1	25
HOMINIDAE	19	29020869	32677937	1	capHir1	25
HOMINIDAE	19	33082550	60288598	1	capHir1	18
HOMINIDAE	19	60288598	76908025	1	capHir1	18
HOMINIDAE	19	0	16747833	-1	equCab2	13
HOMINIDAE	19	16747833	18219326	1	equCab2	13
HOMINIDAE	19	18219326	32677937	-1	equCab2	13
HOMINIDAE	19	33082550	76908025	1	equCab2	3
HOMINIDAE	19	0	4446730	-1	galGal3	14
HOMINIDAE	19	4446730	7638780	1	galGal3	14
HOMINIDAE	19	7638780	25092943	-1	galGal3	14
HOMINIDAE	19	25092943	28372722	1	galGal3	14
HOMINIDAE	19	33082550	49032571	-1	galGal3	11
HOMINIDAE	19	49032571	56656789	-1	galGal3	11
HOMINIDAE	19	56656789	59799887	1	galGal3	11
HOMINIDAE	19	59799887	60975140	1	galGal3	11
HOMINIDAE	19	60975140	71874209	1	galGal3	11
HOMINIDAE	19	71874209	73763756	-1	galGal3	11
HOMINIDAE	19	73763756	76908025	1	galGal3	11
HOMINIDAE	19	0	28372722	1	gorGor3	16
HOMINIDAE	19	28372722	29020869	-1	gorGor3	16
HOMINIDAE	19	29020869	56656789	1	gorGor3	16
HOMINIDAE	19	56656789	60975140	-1	gorGor3	16
HOMINIDAE	19	60975140	76908025	1	gorGor3	16
HOMINIDAE	19	0	28372722	1	hg19	16
HOMINIDAE	19	28372722	29020869	-1	hg19	16
HOMINIDAE	19	29020869	56656789	1	hg19	16
HOMINIDAE	19	56656789	60975140	-1	hg19	16
HOMINIDAE	19	60975140	76908025	1	hg19	16
HOMINIDAE	19	0	3380201	-1	mm10	17
HOMINIDAE	19	3380201	16692398	1	mm10	16
HOMINIDAE	19	16692398	18542904	-1	mm10	7
HOMINIDAE	19	18542904	32677937	1	mm10	7
HOMINIDAE	19	33082550	76908025	1	mm10	8
HOMINIDAE	19	0	6435095	1	monDom5	6
HOMINIDAE	19	6435095	8792006	-1	monDom5	6
HOMINIDAE	19	8792006	16144553	-1	monDom5	6
HOMINIDAE	19	16144553	19007017	1	monDom5	6
HOMINIDAE	19	19007017	19463466	-1	monDom5	6
HOMINIDAE	19	19463466	20675659	-1	monDom5	6
HOMINIDAE	19	20675659	23059773	1	monDom5	6
HOMINIDAE	19	23059773	24291455	-1	monDom5	6
HOMINIDAE	19	24291455	25389687	1	monDom5	6
HOMINIDAE	19	25389687	29020869	-1	monDom5	6
HOMINIDAE	19	29020869	31965708	1	monDom5	6
HOMINIDAE	19	31965708	32677937	-1	monDom5	6
HOMINIDAE	19	33082550	42774985	1	monDom5	1
HOMINIDAE	19	42774985	43787297	-1	monDom5	1
HOMINIDAE	19	43787297	55714862	1	monDom5	1
HOMINIDAE	19	55714862	59672108	1	monDom5	1
HOMINIDAE	19	59672108	61871371	-1	monDom5	1
HOMINIDAE	19	61871371	64414491	-1	monDom5	6
HOMINIDAE	19	64414491	67368217	-1	monDom5	1
HOMINIDAE	19	67368217	69652214	1	monDom5	1
HOMINIDAE	19	69652214	76908025	1	monDom5	1
HOMINIDAE	19	0	28372722	1	panTro3	16
HOMINIDAE	19	28372722	29020869	-1	panTro3	16
HOMINIDAE	19	29020869	32677937	1	panTro3	16
HOMINIDAE	19	32677937	33082550	-1	panTro3	16
HOMINIDAE	19	33082550	56656789	1	panTro3	16
HOMINIDAE	19	56656789	60975140	-1	panTro3	16
HOMINIDAE	19	60975140	76908025	1	panTro3	16
HOMINIDAE	19	0	76908025	1	ponAbe2	16
HOMINIDAE	19	0	13980444	1	rheMac3	20
HOMINIDAE	19	13980444	14619989	-1	rheMac3	6
HOMINIDAE	19	14619989	16631032	1	rheMac3	20
HOMINIDAE	19	16631032	18433147	-1	rheMac3	20
HOMINIDAE	19	18433147	28372722	1	rheMac3	20
HOMINIDAE	19	28372722	29020869	-1	rheMac3	20
HOMINIDAE	19	29020869	32150019	1	rheMac3	20
HOMINIDAE	19	32150019	32677937	1	rheMac3	6
HOMINIDAE	19	33082550	76908025	1	rheMac3	20
HOMINIDAE	19	0	16807848	-1	rn4	10
HOMINIDAE	19	16807848	18576515	-1	rn4	1
HOMINIDAE	19	18576515	32677937	1	rn4	1
HOMINIDAE	19	33082550	41737522	-1	rn4	19
HOMINIDAE	19	41737522	54017846	-1	rn4	19
HOMINIDAE	19	54017846	76908025	1	rn4	19
HOMINIDAE	19	0	2217526	1	susScr2	3
HOMINIDAE	19	2217526	16147208	-1	susScr2	3
HOMINIDAE	19	16147208	17577105	1	susScr2	3
HOMINIDAE	19	17577105	32677937	-1	susScr2	3
HOMINIDAE	19	33082550	56656789	-1	susScr2	6
HOMINIDAE	19	56656789	57039524	1	susScr2	6
HOMINIDAE	19	57039524	76908025	-1	susScr2	6
HOMINIDAE	19	0	15623407	1	bosTau7	25
HOMINIDAE	19	15623407	17478053	-1	bosTau7	25
HOMINIDAE	19	17478053	32677937	1	bosTau7	25
HOMINIDAE	19	33082550	43403633	1	bosTau7	18
HOMINIDAE	19	43403633	44214240	-1	bosTau7	18
HOMINIDAE	19	44214240	60303054	1	bosTau7	18
HOMINIDAE	19	60303054	76908025	1	bosTau7	18
HOMINIDAE	19	0	1853058	1	calJac3	12
HOMINIDAE	19	1853058	2556593	-1	calJac3	12
HOMINIDAE	19	2556593	11411820	1	calJac3	12
HOMINIDAE	19	11411820	16350545	-1	calJac3	12
HOMINIDAE	19	16350545	17723241	1	calJac3	12
HOMINIDAE	19	17723241	19219333	-1	calJac3	12
HOMINIDAE	19	19219333	33082550	1	calJac3	12
HOMINIDAE	19	33082550	76908025	1	calJac3	20
HOMINIDAE	19	0	16720447	-1	canFam2	6
HOMINIDAE	19	16720447	18517141	1	canFam2	6
HOMINIDAE	19	18517141	32677937	-1	canFam2	6
HOMINIDAE	19	33082550	45370798	-1	canFam2	2
HOMINIDAE	19	45370798	76908025	-1	canFam2	5
HOMINIDAE	19	0	16220052	1	capHir1	25
HOMINIDAE	19	16220052	17328601	-1	capHir1	25
HOMINIDAE	19	17328601	28372722	1	capHir1	25
HOMINIDAE	19	28372722	29020869	-1	capHir1	25
HOMINIDAE	19	29020869	32677937	1	capHir1	25
HOMINIDAE	19	33082550	60288598	1	capHir1	18
HOMINIDAE	19	60288598	76908025	1	capHir1	18
HOMINIDAE	19	0	16747833	-1	equCab2	13
HOMINIDAE	19	16747833	18219326	1	equCab2	13
HOMINIDAE	19	18219326	32677937	-1	equCab2	13
HOMINIDAE	19	33082550	76908025	1	equCab2	3
HOMINIDAE	19	0	4446730	-1	galGal3	14
HOMINIDAE	19	4446730	7638780	1	galGal3	14
HOMINIDAE	19	7638780	25092943	-1	galGal3	14
HOMINIDAE	19	25092943	28372722	1	galGal3	14
HOMINIDAE	19	33082550	49032571	-1	galGal3	11
HOMINIDAE	19	49032571	56656789	-1	galGal3	11
HOMINIDAE	19	56656789	59799887	1	galGal3	11
HOMINIDAE	19	59799887	60975140	1	galGal3	11
HOMINIDAE	19	60975140	71874209	1	galGal3	11
HOMINIDAE	19	71874209	73763756	-1	galGal3	11
HOMINIDAE	19	73763756	76908025	1	galGal3	11
HOMINIDAE	19	0	28372722	1	gorGor3	16
HOMINIDAE	19	28372722	29020869	-1	gorGor3	16
HOMINIDAE	19	29020869	56656789	1	gorGor3	16
HOMINIDAE	19	56656789	60975140	-1	gorGor3	16
HOMINIDAE	19	60975140	76908025	1	gorGor3	16
HOMINIDAE	19	0	28372722	1	hg19	16
HOMINIDAE	19	28372722	29020869	-1	hg19	16
HOMINIDAE	19	29020869	56656789	1	hg19	16
HOMINIDAE	19	56656789	60975140	-1	hg19	16
HOMINIDAE	19	60975140	76908025	1	hg19	16
HOMINIDAE	19	0	3380201	-1	mm10	17
HOMINIDAE	19	3380201	16692398	1	mm10	16
HOMINIDAE	19	16692398	18542904	-1	mm10	7
HOMINIDAE	19	18542904	32677937	1	mm10	7
HOMINIDAE	19	33082550	76908025	1	mm10	8
HOMINIDAE	19	0	6435095	1	monDom5	6
HOMINIDAE	19	6435095	8792006	-1	monDom5	6
HOMINIDAE	19	8792006	16144553	-1	monDom5	6
HOMINIDAE	19	16144553	19007017	1	monDom5	6
HOMINIDAE	19	19007017	19463466	-1	monDom5	6
HOMINIDAE	19	19463466	20675659	-1	monDom5	6
HOMINIDAE	19	20675659	23059773	1	monDom5	6
HOMINIDAE	19	23059773	24291455	-1	monDom5	6
HOMINIDAE	19	24291455	25389687	1	monDom5	6
HOMINIDAE	19	25389687	29020869	-1	monDom5	6
HOMINIDAE	19	29020869	31965708	1	monDom5	6
HOMINIDAE	19	31965708	32677937	-1	monDom5	6
HOMINIDAE	19	33082550	42774985	1	monDom5	1
HOMINIDAE	19	42774985	43787297	-1	monDom5	1
HOMINIDAE	19	43787297	55714862	1	monDom5	1
HOMINIDAE	19	55714862	59672108	1	monDom5	1
HOMINIDAE	19	59672108	61871371	-1	monDom5	1
HOMINIDAE	19	61871371	64414491	-1	monDom5	6
HOMINIDAE	19	64414491	67368217	-1	monDom5	1
HOMINIDAE	19	67368217	69652214	1	monDom5	1
HOMINIDAE	19	69652214	76908025	1	monDom5	1
HOMINIDAE	19	0	28372722	1	panTro3	16
HOMINIDAE	19	28372722	29020869	-1	panTro3	16
HOMINIDAE	19	29020869	32677937	1	panTro3	16
HOMINIDAE	19	32677937	33082550	-1	panTro3	16
HOMINIDAE	19	33082550	56656789	1	panTro3	16
HOMINIDAE	19	56656789	60975140	-1	panTro3	16
HOMINIDAE	19	60975140	76908025	1	panTro3	16
HOMINIDAE	19	0	76908025	1	ponAbe2	16
HOMINIDAE	19	0	13980444	1	rheMac3	20
HOMINIDAE	19	13980444	14619989	-1	rheMac3	6
HOMINIDAE	19	14619989	16631032	1	rheMac3	20
HOMINIDAE	19	16631032	18433147	-1	rheMac3	20
HOMINIDAE	19	18433147	28372722	1	rheMac3	20
HOMINIDAE	19	28372722	29020869	-1	rheMac3	20
HOMINIDAE	19	29020869	32150019	1	rheMac3	20
HOMINIDAE	19	32150019	32677937	1	rheMac3	6
HOMINIDAE	19	33082550	76908025	1	rheMac3	20
HOMINIDAE	19	0	16807848	-1	rn4	10
HOMINIDAE	19	16807848	18576515	-1	rn4	1
HOMINIDAE	19	18576515	32677937	1	rn4	1
HOMINIDAE	19	33082550	41737522	-1	rn4	19
HOMINIDAE	19	41737522	54017846	-1	rn4	19
HOMINIDAE	19	54017846	76908025	1	rn4	19
HOMINIDAE	19	0	2217526	1	susScr2	3
HOMINIDAE	19	2217526	16147208	-1	susScr2	3
HOMINIDAE	19	16147208	17577105	1	susScr2	3
HOMINIDAE	19	17577105	32677937	-1	susScr2	3
HOMINIDAE	19	33082550	56656789	-1	susScr2	6
HOMINIDAE	19	56656789	57039524	1	susScr2	6
HOMINIDAE	19	57039524	76908025	-1	susScr2	6
HOMINIDAE	19	0	15623407	1	bosTau7	25
HOMINIDAE	19	15623407	17478053	-1	bosTau7	25
HOMINIDAE	19	17478053	32677937	1	bosTau7	25
HOMINIDAE	19	33082550	43403633	1	bosTau7	18
HOMINIDAE	19	43403633	44214240	-1	bosTau7	18
HOMINIDAE	19	44214240	60303054	1	bosTau7	18
HOMINIDAE	19	60303054	76908025	1	bosTau7	18
HOMINIDAE	19	0	1853058	1	calJac3	12
HOMINIDAE	19	1853058	2556593	-1	calJac3	12
HOMINIDAE	19	2556593	11411820	1	calJac3	12
HOMINIDAE	19	11411820	16350545	-1	calJac3	12
HOMINIDAE	19	16350545	17723241	1	calJac3	12
HOMINIDAE	19	17723241	19219333	-1	calJac3	12
HOMINIDAE	19	19219333	33082550	1	calJac3	12
HOMINIDAE	19	33082550	76908025	1	calJac3	20
HOMINIDAE	19	0	16720447	-1	canFam2	6
HOMINIDAE	19	16720447	18517141	1	canFam2	6
HOMINIDAE	19	18517141	32677937	-1	canFam2	6
HOMINIDAE	19	33082550	45370798	-1	canFam2	2
HOMINIDAE	19	45370798	76908025	-1	canFam2	5
HOMINIDAE	19	0	16220052	1	capHir1	25
HOMINIDAE	19	16220052	17328601	-1	capHir1	25
HOMINIDAE	19	17328601	28372722	1	capHir1	25
HOMINIDAE	19	28372722	29020869	-1	capHir1	25
HOMINIDAE	19	29020869	32677937	1	capHir1	25
HOMINIDAE	19	33082550	60288598	1	capHir1	18
HOMINIDAE	19	60288598	76908025	1	capHir1	18
HOMINIDAE	19	0	16747833	-1	equCab2	13
HOMINIDAE	19	16747833	18219326	1	equCab2	13
HOMINIDAE	19	18219326	32677937	-1	equCab2	13
HOMINIDAE	19	33082550	76908025	1	equCab2	3
HOMINIDAE	19	0	4446730	-1	galGal3	14
HOMINIDAE	19	4446730	7638780	1	galGal3	14
HOMINIDAE	19	7638780	25092943	-1	galGal3	14
HOMINIDAE	19	25092943	28372722	1	galGal3	14
HOMINIDAE	19	33082550	49032571	-1	galGal3	11
HOMINIDAE	19	49032571	56656789	-1	galGal3	11
HOMINIDAE	19	56656789	59799887	1	galGal3	11
HOMINIDAE	19	59799887	60975140	1	galGal3	11
HOMINIDAE	19	60975140	71874209	1	galGal3	11
HOMINIDAE	19	71874209	73763756	-1	galGal3	11
HOMINIDAE	19	73763756	76908025	1	galGal3	11
HOMINIDAE	19	0	28372722	1	gorGor3	16
HOMINIDAE	19	28372722	29020869	-1	gorGor3	16
HOMINIDAE	19	29020869	56656789	1	gorGor3	16
HOMINIDAE	19	56656789	60975140	-1	gorGor3	16
HOMINIDAE	19	60975140	76908025	1	gorGor3	16
HOMINIDAE	19	0	28372722	1	hg19	16
HOMINIDAE	19	28372722	29020869	-1	hg19	16
HOMINIDAE	19	29020869	56656789	1	hg19	16
HOMINIDAE	19	56656789	60975140	-1	hg19	16
HOMINIDAE	19	60975140	76908025	1	hg19	16
HOMINIDAE	19	0	3380201	-1	mm10	17
HOMINIDAE	19	3380201	16692398	1	mm10	16
HOMINIDAE	19	16692398	18542904	-1	mm10	7
HOMINIDAE	19	18542904	32677937	1	mm10	7
HOMINIDAE	19	33082550	76908025	1	mm10	8
HOMINIDAE	19	0	6435095	1	monDom5	6
HOMINIDAE	19	6435095	8792006	-1	monDom5	6
HOMINIDAE	19	8792006	16144553	-1	monDom5	6
HOMINIDAE	19	16144553	19007017	1	monDom5	6
HOMINIDAE	19	19007017	19463466	-1	monDom5	6
HOMINIDAE	19	19463466	20675659	-1	monDom5	6
HOMINIDAE	19	20675659	23059773	1	monDom5	6
HOMINIDAE	19	23059773	24291455	-1	monDom5	6
HOMINIDAE	19	24291455	25389687	1	monDom5	6
HOMINIDAE	19	25389687	29020869	-1	monDom5	6
HOMINIDAE	19	29020869	31965708	1	monDom5	6
HOMINIDAE	19	31965708	32677937	-1	monDom5	6
HOMINIDAE	19	33082550	42774985	1	monDom5	1
HOMINIDAE	19	42774985	43787297	-1	monDom5	1
HOMINIDAE	19	43787297	55714862	1	monDom5	1
HOMINIDAE	19	55714862	59672108	1	monDom5	1
HOMINIDAE	19	59672108	61871371	-1	monDom5	1
HOMINIDAE	19	61871371	64414491	-1	monDom5	6
HOMINIDAE	19	64414491	67368217	-1	monDom5	1
HOMINIDAE	19	67368217	69652214	1	monDom5	1
HOMINIDAE	19	69652214	76908025	1	monDom5	1
HOMINIDAE	19	0	28372722	1	panTro3	16
HOMINIDAE	19	28372722	29020869	-1	panTro3	16
HOMINIDAE	19	29020869	32677937	1	panTro3	16
HOMINIDAE	19	32677937	33082550	-1	panTro3	16
HOMINIDAE	19	33082550	56656789	1	panTro3	16
HOMINIDAE	19	56656789	60975140	-1	panTro3	16
HOMINIDAE	19	60975140	76908025	1	panTro3	16
HOMINIDAE	19	0	76908025	1	ponAbe2	16
HOMINIDAE	19	0	13980444	1	rheMac3	20
HOMINIDAE	19	13980444	14619989	-1	rheMac3	6
HOMINIDAE	19	14619989	16631032	1	rheMac3	20
HOMINIDAE	19	16631032	18433147	-1	rheMac3	20
HOMINIDAE	19	18433147	28372722	1	rheMac3	20
HOMINIDAE	19	28372722	29020869	-1	rheMac3	20
HOMINIDAE	19	29020869	32150019	1	rheMac3	20
HOMINIDAE	19	32150019	32677937	1	rheMac3	6
HOMINIDAE	19	33082550	76908025	1	rheMac3	20
HOMINIDAE	19	0	16807848	-1	rn4	10
HOMINIDAE	19	16807848	18576515	-1	rn4	1
HOMINIDAE	19	18576515	32677937	1	rn4	1
HOMINIDAE	19	33082550	41737522	-1	rn4	19
HOMINIDAE	19	41737522	54017846	-1	rn4	19
HOMINIDAE	19	54017846	76908025	1	rn4	19
HOMINIDAE	19	0	2217526	1	susScr2	3
HOMINIDAE	19	2217526	16147208	-1	susScr2	3
HOMINIDAE	19	16147208	17577105	1	susScr2	3
HOMINIDAE	19	17577105	32677937	-1	susScr2	3
HOMINIDAE	19	33082550	56656789	-1	susScr2	6
HOMINIDAE	19	56656789	57039524	1	susScr2	6
HOMINIDAE	19	57039524	76908025	-1	susScr2	6
