HOMINIDAE	11	0	2039646	1	bosTau7	5
HOMINIDAE	11	2039646	5527647	-1	bosTau7	5
HOMINIDAE	11	5527647	6305362	-1	bosTau7	5
HOMINIDAE	11	6305362	6782126	1	bosTau7	5
HOMINIDAE	11	6782126	34834424	-1	bosTau7	5
HOMINIDAE	11	34834424	53047448	-1	bosTau7	5
HOMINIDAE	11	53047448	71890783	-1	bosTau7	5
HOMINIDAE	11	71890783	100976486	1	bosTau7	5
HOMINIDAE	11	100976486	113319060	1	bosTau7	5
HOMINIDAE	11	113319060	115200741	-1	bosTau7	17
HOMINIDAE	11	115200741	116861271	1	bosTau7	17
HOMINIDAE	11	116861271	123141744	-1	bosTau7	17
HOMINIDAE	11	123141744	133672442	-1	bosTau7	17
HOMINIDAE	11	0	9639930	1	calJac3	9
HOMINIDAE	11	9639930	20903564	-1	calJac3	9
HOMINIDAE	11	20903564	39233774	-1	calJac3	9
HOMINIDAE	11	39233774	85821298	1	calJac3	9
HOMINIDAE	11	85821298	93258946	-1	calJac3	9
HOMINIDAE	11	93258946	133672442	1	calJac3	9
HOMINIDAE	11	0	3015998	1	canFam2	27
HOMINIDAE	11	3015998	8300370	-1	canFam2	27
HOMINIDAE	11	8300370	8806433	1	canFam2	27
HOMINIDAE	11	8806433	55049102	-1	canFam2	27
HOMINIDAE	11	55049102	75532233	1	canFam2	10
HOMINIDAE	11	75532233	106107271	1	canFam2	15
HOMINIDAE	11	106107271	109914036	-1	canFam2	10
HOMINIDAE	11	109914036	112133737	-1	canFam2	26
HOMINIDAE	11	112133737	123495632	1	canFam2	26
HOMINIDAE	11	123495632	133672442	-1	canFam2	26
HOMINIDAE	11	0	2786799	1	capHir1	5
HOMINIDAE	11	2786799	34829678	-1	capHir1	5
HOMINIDAE	11	34829678	53261262	-1	capHir1	5
HOMINIDAE	11	53261262	71671604	-1	capHir1	5
HOMINIDAE	11	71671604	99286053	1	capHir1	5
HOMINIDAE	11	99286053	111905328	1	capHir1	5
HOMINIDAE	11	111905328	133672442	-1	capHir1	17
HOMINIDAE	11	0	2765568	-1	equCab2	6
HOMINIDAE	11	2765568	70221593	1	equCab2	6
HOMINIDAE	11	70221593	109560541	1	equCab2	28
HOMINIDAE	11	109560541	111736164	-1	equCab2	8
HOMINIDAE	11	111736164	122818342	-1	equCab2	8
HOMINIDAE	11	122818342	133672442	1	equCab2	8
HOMINIDAE	11	0	4341161	1	galGal3	1
HOMINIDAE	11	4341161	6844917	1	galGal3	1
HOMINIDAE	11	6844917	8389567	1	galGal3	1
HOMINIDAE	11	8389567	9619533	1	galGal3	1
HOMINIDAE	11	9619533	11525783	1	galGal3	1
HOMINIDAE	11	11525783	13727842	1	galGal3	1
HOMINIDAE	11	13727842	20903564	1	galGal3	1
HOMINIDAE	11	20903564	28755476	-1	galGal3	1
HOMINIDAE	11	28755476	34170090	1	galGal3	1
HOMINIDAE	11	34170090	39769629	-1	galGal3	1
HOMINIDAE	11	39769629	109129168	1	galGal3	1
HOMINIDAE	11	109129168	116933887	-1	galGal3	1
HOMINIDAE	11	116933887	121510127	-1	galGal3	15
HOMINIDAE	11	121510127	133672442	-1	galGal3	15
HOMINIDAE	11	0	133672442	1	gorGor3	12
HOMINIDAE	11	0	133672442	1	hg19	12
HOMINIDAE	11	0	1852126	-1	mm10	6
HOMINIDAE	11	1852126	8604395	-1	mm10	6
HOMINIDAE	11	8604395	32024115	1	mm10	6
HOMINIDAE	11	32024115	51582888	1	mm10	15
HOMINIDAE	11	51582888	108861853	-1	mm10	10
HOMINIDAE	11	108861853	113081290	1	mm10	10
HOMINIDAE	11	113081290	114922811	1	mm10	5
HOMINIDAE	11	114922811	124775085	-1	mm10	5
HOMINIDAE	11	124775085	133672442	1	mm10	5
HOMINIDAE	11	0	2858589	1	monDom5	8
HOMINIDAE	11	2858589	5360645	-1	monDom5	8
HOMINIDAE	11	5360645	8444422	1	monDom5	8
HOMINIDAE	11	8444422	10492214	-1	monDom5	8
HOMINIDAE	11	10492214	10948765	-1	monDom5	8
HOMINIDAE	11	10948765	15246474	-1	monDom5	8
HOMINIDAE	11	15246474	31068186	-1	monDom5	8
HOMINIDAE	11	31068186	34641863	1	monDom5	8
HOMINIDAE	11	34641863	40492853	-1	monDom5	8
HOMINIDAE	11	40492853	42651477	1	monDom5	8
HOMINIDAE	11	42651477	44917178	1	monDom5	8
HOMINIDAE	11	44917178	48135599	-1	monDom5	8
HOMINIDAE	11	48135599	52592881	1	monDom5	8
HOMINIDAE	11	52592881	63220249	1	monDom5	8
HOMINIDAE	11	63220249	65565191	-1	monDom5	8
HOMINIDAE	11	65565191	68235745	-1	monDom5	8
HOMINIDAE	11	68235745	90153130	1	monDom5	8
HOMINIDAE	11	90153130	108535140	1	monDom5	8
HOMINIDAE	11	108535140	110367417	-1	monDom5	3
HOMINIDAE	11	110367417	116349991	-1	monDom5	3
HOMINIDAE	11	116349991	120121272	1	monDom5	3
HOMINIDAE	11	120121272	123171943	1	monDom5	3
HOMINIDAE	11	123171943	125277961	-1	monDom5	3
HOMINIDAE	11	125277961	126523907	1	monDom5	3
HOMINIDAE	11	126523907	133672442	-1	monDom5	3
HOMINIDAE	11	0	3034610	-1	oryCun2	8
HOMINIDAE	11	3034610	8091191	1	oryCun2	8
HOMINIDAE	11	8091191	8646595	-1	oryCun2	8
HOMINIDAE	11	8646595	9329122	1	oryCun2	8
HOMINIDAE	11	9329122	48468144	-1	oryCun2	8
HOMINIDAE	11	48468144	117693633	1	oryCun2	4
HOMINIDAE	11	117693633	121300081	-1	oryCun2	4
HOMINIDAE	11	121300081	128390174	1	oryCun2	21
HOMINIDAE	11	128390174	133672442	-1	oryCun2	21
HOMINIDAE	11	0	20903564	1	panTro3	12
HOMINIDAE	11	20903564	68235745	-1	panTro3	12
HOMINIDAE	11	68235745	133672442	1	panTro3	12
HOMINIDAE	11	0	133672442	1	ponAbe2	12
HOMINIDAE	11	0	87202360	1	rheMac3	11
HOMINIDAE	11	87202360	133672442	1	rheMac3	11
HOMINIDAE	11	0	1861648	-1	rn4	4
HOMINIDAE	11	1861648	8961368	-1	rn4	4
HOMINIDAE	11	8961368	31778426	1	rn4	4
HOMINIDAE	11	31778426	52432545	1	rn4	7
HOMINIDAE	11	52432545	53864055	-1	rn4	7
HOMINIDAE	11	53864055	115066909	-1	rn4	7
HOMINIDAE	11	115066909	124920701	1	rn4	12
HOMINIDAE	11	124920701	133672442	-1	rn4	12
HOMINIDAE	11	0	2758892	1	susScr2	5
HOMINIDAE	11	2758892	10905388	-1	susScr2	5
HOMINIDAE	11	10905388	11584225	1	susScr2	5
HOMINIDAE	11	11584225	34076259	-1	susScr2	5
HOMINIDAE	11	34076259	44750655	1	susScr2	5
HOMINIDAE	11	44750655	79291933	1	susScr2	5
HOMINIDAE	11	79291933	81353257	1	susScr2	5
HOMINIDAE	11	81353257	102764173	-1	susScr2	5
HOMINIDAE	11	102764173	106393936	-1	susScr2	5
HOMINIDAE	11	106393936	108879792	-1	susScr2	14
HOMINIDAE	11	108879792	110879988	1	susScr2	14
HOMINIDAE	11	110879988	120607844	-1	susScr2	14
HOMINIDAE	11	120607844	133672442	-1	susScr2	14
HOMINIDAE	11	0	2039646	1	bosTau7	5
HOMINIDAE	11	2039646	5527647	-1	bosTau7	5
HOMINIDAE	11	5527647	6305362	-1	bosTau7	5
HOMINIDAE	11	6305362	6782126	1	bosTau7	5
HOMINIDAE	11	6782126	34834424	-1	bosTau7	5
HOMINIDAE	11	34834424	53047448	-1	bosTau7	5
HOMINIDAE	11	53047448	71890783	-1	bosTau7	5
HOMINIDAE	11	71890783	100976486	1	bosTau7	5
HOMINIDAE	11	100976486	113319060	1	bosTau7	5
HOMINIDAE	11	113319060	115200741	-1	bosTau7	17
HOMINIDAE	11	115200741	116861271	1	bosTau7	17
HOMINIDAE	11	116861271	123141744	-1	bosTau7	17
HOMINIDAE	11	123141744	133672442	-1	bosTau7	17
HOMINIDAE	11	0	9639930	1	calJac3	9
HOMINIDAE	11	9639930	20903564	-1	calJac3	9
HOMINIDAE	11	20903564	39233774	-1	calJac3	9
HOMINIDAE	11	39233774	85821298	1	calJac3	9
HOMINIDAE	11	85821298	93258946	-1	calJac3	9
HOMINIDAE	11	93258946	133672442	1	calJac3	9
HOMINIDAE	11	0	3015998	1	canFam2	27
HOMINIDAE	11	3015998	8300370	-1	canFam2	27
HOMINIDAE	11	8300370	8806433	1	canFam2	27
HOMINIDAE	11	8806433	55049102	-1	canFam2	27
HOMINIDAE	11	55049102	75532233	1	canFam2	10
HOMINIDAE	11	75532233	106107271	1	canFam2	15
HOMINIDAE	11	106107271	109914036	-1	canFam2	10
HOMINIDAE	11	109914036	112133737	-1	canFam2	26
HOMINIDAE	11	112133737	123495632	1	canFam2	26
HOMINIDAE	11	123495632	133672442	-1	canFam2	26
HOMINIDAE	11	0	2786799	1	capHir1	5
HOMINIDAE	11	2786799	34829678	-1	capHir1	5
HOMINIDAE	11	34829678	53261262	-1	capHir1	5
HOMINIDAE	11	53261262	71671604	-1	capHir1	5
HOMINIDAE	11	71671604	99286053	1	capHir1	5
HOMINIDAE	11	99286053	111905328	1	capHir1	5
HOMINIDAE	11	111905328	133672442	-1	capHir1	17
HOMINIDAE	11	0	2765568	-1	equCab2	6
HOMINIDAE	11	2765568	70221593	1	equCab2	6
HOMINIDAE	11	70221593	109560541	1	equCab2	28
HOMINIDAE	11	109560541	111736164	-1	equCab2	8
HOMINIDAE	11	111736164	122818342	-1	equCab2	8
HOMINIDAE	11	122818342	133672442	1	equCab2	8
HOMINIDAE	11	0	4341161	1	galGal3	1
HOMINIDAE	11	4341161	6844917	1	galGal3	1
HOMINIDAE	11	6844917	8389567	1	galGal3	1
HOMINIDAE	11	8389567	9619533	1	galGal3	1
HOMINIDAE	11	9619533	11525783	1	galGal3	1
HOMINIDAE	11	11525783	13727842	1	galGal3	1
HOMINIDAE	11	13727842	20903564	1	galGal3	1
HOMINIDAE	11	20903564	28755476	-1	galGal3	1
HOMINIDAE	11	28755476	34170090	1	galGal3	1
HOMINIDAE	11	34170090	39769629	-1	galGal3	1
HOMINIDAE	11	39769629	109129168	1	galGal3	1
HOMINIDAE	11	109129168	116933887	-1	galGal3	1
HOMINIDAE	11	116933887	121510127	-1	galGal3	15
HOMINIDAE	11	121510127	133672442	-1	galGal3	15
HOMINIDAE	11	0	133672442	1	gorGor3	12
HOMINIDAE	11	0	133672442	1	hg19	12
HOMINIDAE	11	0	1852126	-1	mm10	6
HOMINIDAE	11	1852126	8604395	-1	mm10	6
HOMINIDAE	11	8604395	32024115	1	mm10	6
HOMINIDAE	11	32024115	51582888	1	mm10	15
HOMINIDAE	11	51582888	108861853	-1	mm10	10
HOMINIDAE	11	108861853	113081290	1	mm10	10
HOMINIDAE	11	113081290	114922811	1	mm10	5
HOMINIDAE	11	114922811	124775085	-1	mm10	5
HOMINIDAE	11	124775085	133672442	1	mm10	5
HOMINIDAE	11	0	2858589	1	monDom5	8
HOMINIDAE	11	2858589	5360645	-1	monDom5	8
HOMINIDAE	11	5360645	8444422	1	monDom5	8
HOMINIDAE	11	8444422	10492214	-1	monDom5	8
HOMINIDAE	11	10492214	10948765	-1	monDom5	8
HOMINIDAE	11	10948765	15246474	-1	monDom5	8
HOMINIDAE	11	15246474	31068186	-1	monDom5	8
HOMINIDAE	11	31068186	34641863	1	monDom5	8
HOMINIDAE	11	34641863	40492853	-1	monDom5	8
HOMINIDAE	11	40492853	42651477	1	monDom5	8
HOMINIDAE	11	42651477	44917178	1	monDom5	8
HOMINIDAE	11	44917178	48135599	-1	monDom5	8
HOMINIDAE	11	48135599	52592881	1	monDom5	8
HOMINIDAE	11	52592881	63220249	1	monDom5	8
HOMINIDAE	11	63220249	65565191	-1	monDom5	8
HOMINIDAE	11	65565191	68235745	-1	monDom5	8
HOMINIDAE	11	68235745	90153130	1	monDom5	8
HOMINIDAE	11	90153130	108535140	1	monDom5	8
HOMINIDAE	11	108535140	110367417	-1	monDom5	3
HOMINIDAE	11	110367417	116349991	-1	monDom5	3
HOMINIDAE	11	116349991	120121272	1	monDom5	3
HOMINIDAE	11	120121272	123171943	1	monDom5	3
HOMINIDAE	11	123171943	125277961	-1	monDom5	3
HOMINIDAE	11	125277961	126523907	1	monDom5	3
HOMINIDAE	11	126523907	133672442	-1	monDom5	3
HOMINIDAE	11	0	3034610	-1	oryCun2	8
HOMINIDAE	11	3034610	8091191	1	oryCun2	8
HOMINIDAE	11	8091191	8646595	-1	oryCun2	8
HOMINIDAE	11	8646595	9329122	1	oryCun2	8
HOMINIDAE	11	9329122	48468144	-1	oryCun2	8
HOMINIDAE	11	48468144	117693633	1	oryCun2	4
HOMINIDAE	11	117693633	121300081	-1	oryCun2	4
HOMINIDAE	11	121300081	128390174	1	oryCun2	21
HOMINIDAE	11	128390174	133672442	-1	oryCun2	21
HOMINIDAE	11	0	20903564	1	panTro3	12
HOMINIDAE	11	20903564	68235745	-1	panTro3	12
HOMINIDAE	11	68235745	133672442	1	panTro3	12
HOMINIDAE	11	0	133672442	1	ponAbe2	12
HOMINIDAE	11	0	87202360	1	rheMac3	11
HOMINIDAE	11	87202360	133672442	1	rheMac3	11
HOMINIDAE	11	0	1861648	-1	rn4	4
HOMINIDAE	11	1861648	8961368	-1	rn4	4
HOMINIDAE	11	8961368	31778426	1	rn4	4
HOMINIDAE	11	31778426	52432545	1	rn4	7
HOMINIDAE	11	52432545	53864055	-1	rn4	7
HOMINIDAE	11	53864055	115066909	-1	rn4	7
HOMINIDAE	11	115066909	124920701	1	rn4	12
HOMINIDAE	11	124920701	133672442	-1	rn4	12
HOMINIDAE	11	0	2758892	1	susScr2	5
HOMINIDAE	11	2758892	10905388	-1	susScr2	5
HOMINIDAE	11	10905388	11584225	1	susScr2	5
HOMINIDAE	11	11584225	34076259	-1	susScr2	5
HOMINIDAE	11	34076259	44750655	1	susScr2	5
HOMINIDAE	11	44750655	79291933	1	susScr2	5
HOMINIDAE	11	79291933	81353257	1	susScr2	5
HOMINIDAE	11	81353257	102764173	-1	susScr2	5
HOMINIDAE	11	102764173	106393936	-1	susScr2	5
HOMINIDAE	11	106393936	108879792	-1	susScr2	14
HOMINIDAE	11	108879792	110879988	1	susScr2	14
HOMINIDAE	11	110879988	120607844	-1	susScr2	14
HOMINIDAE	11	120607844	133672442	-1	susScr2	14
HOMINIDAE	11	0	2039646	1	bosTau7	5
HOMINIDAE	11	2039646	5527647	-1	bosTau7	5
HOMINIDAE	11	5527647	6305362	-1	bosTau7	5
HOMINIDAE	11	6305362	6782126	1	bosTau7	5
HOMINIDAE	11	6782126	34834424	-1	bosTau7	5
HOMINIDAE	11	34834424	53047448	-1	bosTau7	5
HOMINIDAE	11	53047448	71890783	-1	bosTau7	5
HOMINIDAE	11	71890783	100976486	1	bosTau7	5
HOMINIDAE	11	100976486	113319060	1	bosTau7	5
HOMINIDAE	11	113319060	115200741	-1	bosTau7	17
HOMINIDAE	11	115200741	116861271	1	bosTau7	17
HOMINIDAE	11	116861271	123141744	-1	bosTau7	17
HOMINIDAE	11	123141744	133672442	-1	bosTau7	17
HOMINIDAE	11	0	9639930	1	calJac3	9
HOMINIDAE	11	9639930	20903564	-1	calJac3	9
HOMINIDAE	11	20903564	39233774	-1	calJac3	9
HOMINIDAE	11	39233774	85821298	1	calJac3	9
HOMINIDAE	11	85821298	93258946	-1	calJac3	9
HOMINIDAE	11	93258946	133672442	1	calJac3	9
HOMINIDAE	11	0	3015998	1	canFam2	27
HOMINIDAE	11	3015998	8300370	-1	canFam2	27
HOMINIDAE	11	8300370	8806433	1	canFam2	27
HOMINIDAE	11	8806433	55049102	-1	canFam2	27
HOMINIDAE	11	55049102	75532233	1	canFam2	10
HOMINIDAE	11	75532233	106107271	1	canFam2	15
HOMINIDAE	11	106107271	109914036	-1	canFam2	10
HOMINIDAE	11	109914036	112133737	-1	canFam2	26
HOMINIDAE	11	112133737	123495632	1	canFam2	26
HOMINIDAE	11	123495632	133672442	-1	canFam2	26
HOMINIDAE	11	0	2786799	1	capHir1	5
HOMINIDAE	11	2786799	34829678	-1	capHir1	5
HOMINIDAE	11	34829678	53261262	-1	capHir1	5
HOMINIDAE	11	53261262	71671604	-1	capHir1	5
HOMINIDAE	11	71671604	99286053	1	capHir1	5
HOMINIDAE	11	99286053	111905328	1	capHir1	5
HOMINIDAE	11	111905328	133672442	-1	capHir1	17
HOMINIDAE	11	0	2765568	-1	equCab2	6
HOMINIDAE	11	2765568	70221593	1	equCab2	6
HOMINIDAE	11	70221593	109560541	1	equCab2	28
HOMINIDAE	11	109560541	111736164	-1	equCab2	8
HOMINIDAE	11	111736164	122818342	-1	equCab2	8
HOMINIDAE	11	122818342	133672442	1	equCab2	8
HOMINIDAE	11	0	4341161	1	galGal3	1
HOMINIDAE	11	4341161	6844917	1	galGal3	1
HOMINIDAE	11	6844917	8389567	1	galGal3	1
HOMINIDAE	11	8389567	9619533	1	galGal3	1
HOMINIDAE	11	9619533	11525783	1	galGal3	1
HOMINIDAE	11	11525783	13727842	1	galGal3	1
HOMINIDAE	11	13727842	20903564	1	galGal3	1
HOMINIDAE	11	20903564	28755476	-1	galGal3	1
HOMINIDAE	11	28755476	34170090	1	galGal3	1
HOMINIDAE	11	34170090	39769629	-1	galGal3	1
HOMINIDAE	11	39769629	109129168	1	galGal3	1
HOMINIDAE	11	109129168	116933887	-1	galGal3	1
HOMINIDAE	11	116933887	121510127	-1	galGal3	15
HOMINIDAE	11	121510127	133672442	-1	galGal3	15
HOMINIDAE	11	0	133672442	1	gorGor3	12
HOMINIDAE	11	0	133672442	1	hg19	12
HOMINIDAE	11	0	1852126	-1	mm10	6
HOMINIDAE	11	1852126	8604395	-1	mm10	6
HOMINIDAE	11	8604395	32024115	1	mm10	6
HOMINIDAE	11	32024115	51582888	1	mm10	15
HOMINIDAE	11	51582888	108861853	-1	mm10	10
HOMINIDAE	11	108861853	113081290	1	mm10	10
HOMINIDAE	11	113081290	114922811	1	mm10	5
HOMINIDAE	11	114922811	124775085	-1	mm10	5
HOMINIDAE	11	124775085	133672442	1	mm10	5
HOMINIDAE	11	0	2858589	1	monDom5	8
HOMINIDAE	11	2858589	5360645	-1	monDom5	8
HOMINIDAE	11	5360645	8444422	1	monDom5	8
HOMINIDAE	11	8444422	10492214	-1	monDom5	8
HOMINIDAE	11	10492214	10948765	-1	monDom5	8
HOMINIDAE	11	10948765	15246474	-1	monDom5	8
HOMINIDAE	11	15246474	31068186	-1	monDom5	8
HOMINIDAE	11	31068186	34641863	1	monDom5	8
HOMINIDAE	11	34641863	40492853	-1	monDom5	8
HOMINIDAE	11	40492853	42651477	1	monDom5	8
HOMINIDAE	11	42651477	44917178	1	monDom5	8
HOMINIDAE	11	44917178	48135599	-1	monDom5	8
HOMINIDAE	11	48135599	52592881	1	monDom5	8
HOMINIDAE	11	52592881	63220249	1	monDom5	8
HOMINIDAE	11	63220249	65565191	-1	monDom5	8
HOMINIDAE	11	65565191	68235745	-1	monDom5	8
HOMINIDAE	11	68235745	90153130	1	monDom5	8
HOMINIDAE	11	90153130	108535140	1	monDom5	8
HOMINIDAE	11	108535140	110367417	-1	monDom5	3
HOMINIDAE	11	110367417	116349991	-1	monDom5	3
HOMINIDAE	11	116349991	120121272	1	monDom5	3
HOMINIDAE	11	120121272	123171943	1	monDom5	3
HOMINIDAE	11	123171943	125277961	-1	monDom5	3
HOMINIDAE	11	125277961	126523907	1	monDom5	3
HOMINIDAE	11	126523907	133672442	-1	monDom5	3
HOMINIDAE	11	0	3034610	-1	oryCun2	8
HOMINIDAE	11	3034610	8091191	1	oryCun2	8
HOMINIDAE	11	8091191	8646595	-1	oryCun2	8
HOMINIDAE	11	8646595	9329122	1	oryCun2	8
HOMINIDAE	11	9329122	48468144	-1	oryCun2	8
HOMINIDAE	11	48468144	117693633	1	oryCun2	4
HOMINIDAE	11	117693633	121300081	-1	oryCun2	4
HOMINIDAE	11	121300081	128390174	1	oryCun2	21
HOMINIDAE	11	128390174	133672442	-1	oryCun2	21
HOMINIDAE	11	0	20903564	1	panTro3	12
HOMINIDAE	11	20903564	68235745	-1	panTro3	12
HOMINIDAE	11	68235745	133672442	1	panTro3	12
HOMINIDAE	11	0	133672442	1	ponAbe2	12
HOMINIDAE	11	0	87202360	1	rheMac3	11
HOMINIDAE	11	87202360	133672442	1	rheMac3	11
HOMINIDAE	11	0	1861648	-1	rn4	4
HOMINIDAE	11	1861648	8961368	-1	rn4	4
HOMINIDAE	11	8961368	31778426	1	rn4	4
HOMINIDAE	11	31778426	52432545	1	rn4	7
HOMINIDAE	11	52432545	53864055	-1	rn4	7
HOMINIDAE	11	53864055	115066909	-1	rn4	7
HOMINIDAE	11	115066909	124920701	1	rn4	12
HOMINIDAE	11	124920701	133672442	-1	rn4	12
HOMINIDAE	11	0	2758892	1	susScr2	5
HOMINIDAE	11	2758892	10905388	-1	susScr2	5
HOMINIDAE	11	10905388	11584225	1	susScr2	5
HOMINIDAE	11	11584225	34076259	-1	susScr2	5
HOMINIDAE	11	34076259	44750655	1	susScr2	5
HOMINIDAE	11	44750655	79291933	1	susScr2	5
HOMINIDAE	11	79291933	81353257	1	susScr2	5
HOMINIDAE	11	81353257	102764173	-1	susScr2	5
HOMINIDAE	11	102764173	106393936	-1	susScr2	5
HOMINIDAE	11	106393936	108879792	-1	susScr2	14
HOMINIDAE	11	108879792	110879988	1	susScr2	14
HOMINIDAE	11	110879988	120607844	-1	susScr2	14
HOMINIDAE	11	120607844	133672442	-1	susScr2	14
