HOMINIDAE	21	0	2737963	-1	bosTau7	18
HOMINIDAE	21	2737963	3363503	1	bosTau7	18
HOMINIDAE	21	3363503	16131920	-1	bosTau7	18
HOMINIDAE	21	16131920	16820309	1	bosTau7	18
HOMINIDAE	21	16820309	21586331	-1	bosTau7	18
HOMINIDAE	21	21586331	21810578	1	bosTau7	18
HOMINIDAE	21	21810578	22199493	1	bosTau7	18
HOMINIDAE	21	22199493	22286612	-1	bosTau7	18
HOMINIDAE	21	22286612	33898033	-1	bosTau7	18
HOMINIDAE	21	33898033	47058917	1	bosTau7	7
HOMINIDAE	21	47058917	50012445	-1	bosTau7	7
HOMINIDAE	21	50012445	57477913	1	bosTau7	7
HOMINIDAE	21	57477913	59035586	-1	bosTau7	7
HOMINIDAE	21	0	21469949	-1	calJac3	22
HOMINIDAE	21	21469949	21743111	1	calJac3	22
HOMINIDAE	21	21743111	21810578	-1	calJac3	22
HOMINIDAE	21	21810578	22286612	1	calJac3	22
HOMINIDAE	21	22286612	59035586	-1	calJac3	22
HOMINIDAE	21	0	20637833	1	canFam2	1
HOMINIDAE	21	20637833	21469949	-1	canFam2	1
HOMINIDAE	21	21810578	33979170	1	canFam2	1
HOMINIDAE	21	33979170	59035586	1	canFam2	20
HOMINIDAE	21	0	3680792	-1	capHir1	18
HOMINIDAE	21	3680792	4542187	1	capHir1	18
HOMINIDAE	21	4542187	33528460	-1	capHir1	18
HOMINIDAE	21	33528460	47241377	1	capHir1	7
HOMINIDAE	21	47241377	49363690	-1	capHir1	7
HOMINIDAE	21	49363690	56466567	1	capHir1	7
HOMINIDAE	21	56466567	59035586	-1	capHir1	7
HOMINIDAE	21	0	16419619	-1	equCab2	10
HOMINIDAE	21	16419619	17008267	1	equCab2	10
HOMINIDAE	21	17008267	32496155	-1	equCab2	10
HOMINIDAE	21	32496155	38493419	-1	equCab2	21
HOMINIDAE	21	38493419	52136497	1	equCab2	7
HOMINIDAE	21	52136497	59035586	-1	equCab2	7
HOMINIDAE	21	22286612	42949036	-1	galGal3	11
HOMINIDAE	21	42949036	52205220	1	galGal3	28
HOMINIDAE	21	52205220	59035586	1	galGal3	28
HOMINIDAE	21	0	59035586	-1	gorGor3	19
HOMINIDAE	21	0	59035586	-1	hg19	19
HOMINIDAE	21	0	8014540	-1	mm10	7
HOMINIDAE	21	8014540	10087179	1	mm10	7
HOMINIDAE	21	10087179	17403771	1	mm10	7
HOMINIDAE	21	17403771	17892176	-1	mm10	7
HOMINIDAE	21	17892176	21469949	1	mm10	7
HOMINIDAE	21	21469949	21651422	-1	mm10	7
HOMINIDAE	21	21651422	21810578	1	mm10	7
HOMINIDAE	21	21810578	39881552	1	mm10	7
HOMINIDAE	21	39881552	41492696	-1	mm10	7
HOMINIDAE	21	41492696	43889658	1	mm10	8
HOMINIDAE	21	43889658	47205125	1	mm10	8
HOMINIDAE	21	47205125	50442743	-1	mm10	9
HOMINIDAE	21	50442743	52992108	-1	mm10	8
HOMINIDAE	21	52992108	55970996	-1	mm10	17
HOMINIDAE	21	55970996	59035586	-1	mm10	10
HOMINIDAE	21	0	1119611	-1	monDom5	3
HOMINIDAE	21	1119611	1836071	-1	monDom5	4
HOMINIDAE	21	1836071	3451871	-1	monDom5	3
HOMINIDAE	21	3451871	8350274	-1	monDom5	4
HOMINIDAE	21	8350274	9275833	-1	monDom5	3
HOMINIDAE	21	9275833	12959517	-1	monDom5	3
HOMINIDAE	21	12959517	13660932	-1	monDom5	4
HOMINIDAE	21	13660932	15362101	1	monDom5	4
HOMINIDAE	21	15362101	16152181	-1	monDom5	4
HOMINIDAE	21	16152181	17931054	-1	monDom5	4
HOMINIDAE	21	17931054	19854331	-1	monDom5	4
HOMINIDAE	21	19854331	22165219	-1	monDom5	3
HOMINIDAE	21	22165219	22286612	-1	monDom5	4
HOMINIDAE	21	22286612	23118159	-1	monDom5	4
HOMINIDAE	21	23118159	30942346	1	monDom5	1
HOMINIDAE	21	30942346	34698906	-1	monDom5	4
HOMINIDAE	21	34698906	35397426	-1	monDom5	3
HOMINIDAE	21	35397426	37213943	-1	monDom5	3
HOMINIDAE	21	37213943	41150984	-1	monDom5	3
HOMINIDAE	21	41150984	43393399	1	monDom5	3
HOMINIDAE	21	43393399	45468941	1	monDom5	3
HOMINIDAE	21	45468941	47843634	1	monDom5	3
HOMINIDAE	21	47843634	52968316	-1	monDom5	3
HOMINIDAE	21	52968316	56179196	-1	monDom5	3
HOMINIDAE	21	56179196	59035586	1	monDom5	3
HOMINIDAE	21	0	7006901	1	oryCun2	5
HOMINIDAE	21	7006901	21469949	-1	oryCun2	5
HOMINIDAE	21	21469949	21810578	1	oryCun2	5
HOMINIDAE	21	22286612	59035586	-1	oryCun2	5
HOMINIDAE	21	0	21469949	-1	panTro3	19
HOMINIDAE	21	21469949	21810578	-1	panTro3	19
HOMINIDAE	21	21810578	22286612	1	panTro3	19
HOMINIDAE	21	22286612	59035586	-1	panTro3	19
HOMINIDAE	21	0	59035586	-1	ponAbe2	19
HOMINIDAE	21	0	59035586	-1	rheMac3	19
HOMINIDAE	21	0	5013343	1	rn4	1
HOMINIDAE	21	5013343	5709022	1	rn4	1
HOMINIDAE	21	5709022	8727838	1	rn4	1
HOMINIDAE	21	8727838	16082684	1	rn4	1
HOMINIDAE	21	16082684	16757541	-1	rn4	1
HOMINIDAE	21	16757541	35789967	1	rn4	1
HOMINIDAE	21	35789967	37667725	-1	rn4	1
HOMINIDAE	21	37667725	41800894	-1	rn4	16
HOMINIDAE	21	41800894	43970730	-1	rn4	7
HOMINIDAE	21	43970730	47755845	-1	rn4	19
HOMINIDAE	21	47755845	51582987	-1	rn4	8
HOMINIDAE	21	51582987	55565819	1	rn4	12
HOMINIDAE	21	55565819	59035586	1	rn4	7
HOMINIDAE	21	0	1808580	-1	susScr2	6
HOMINIDAE	21	1808580	30946213	-1	susScr2	6
HOMINIDAE	21	30946213	46069763	-1	susScr2	2
HOMINIDAE	21	46069763	47806920	1	susScr2	2
HOMINIDAE	21	47806920	59035586	-1	susScr2	2
HOMINIDAE	21	0	2737963	-1	bosTau7	18
HOMINIDAE	21	2737963	3363503	1	bosTau7	18
HOMINIDAE	21	3363503	16131920	-1	bosTau7	18
HOMINIDAE	21	16131920	16820309	1	bosTau7	18
HOMINIDAE	21	16820309	21586331	-1	bosTau7	18
HOMINIDAE	21	21586331	21810578	1	bosTau7	18
HOMINIDAE	21	21810578	22199493	1	bosTau7	18
HOMINIDAE	21	22199493	22286612	-1	bosTau7	18
HOMINIDAE	21	22286612	33898033	-1	bosTau7	18
HOMINIDAE	21	33898033	47058917	1	bosTau7	7
HOMINIDAE	21	47058917	50012445	-1	bosTau7	7
HOMINIDAE	21	50012445	57477913	1	bosTau7	7
HOMINIDAE	21	57477913	59035586	-1	bosTau7	7
HOMINIDAE	21	0	21469949	-1	calJac3	22
HOMINIDAE	21	21469949	21743111	1	calJac3	22
HOMINIDAE	21	21743111	21810578	-1	calJac3	22
HOMINIDAE	21	21810578	22286612	1	calJac3	22
HOMINIDAE	21	22286612	59035586	-1	calJac3	22
HOMINIDAE	21	0	20637833	1	canFam2	1
HOMINIDAE	21	20637833	21469949	-1	canFam2	1
HOMINIDAE	21	21810578	33979170	1	canFam2	1
HOMINIDAE	21	33979170	59035586	1	canFam2	20
HOMINIDAE	21	0	3680792	-1	capHir1	18
HOMINIDAE	21	3680792	4542187	1	capHir1	18
HOMINIDAE	21	4542187	33528460	-1	capHir1	18
HOMINIDAE	21	33528460	47241377	1	capHir1	7
HOMINIDAE	21	47241377	49363690	-1	capHir1	7
HOMINIDAE	21	49363690	56466567	1	capHir1	7
HOMINIDAE	21	56466567	59035586	-1	capHir1	7
HOMINIDAE	21	0	16419619	-1	equCab2	10
HOMINIDAE	21	16419619	17008267	1	equCab2	10
HOMINIDAE	21	17008267	32496155	-1	equCab2	10
HOMINIDAE	21	32496155	38493419	-1	equCab2	21
HOMINIDAE	21	38493419	52136497	1	equCab2	7
HOMINIDAE	21	52136497	59035586	-1	equCab2	7
HOMINIDAE	21	22286612	42949036	-1	galGal3	11
HOMINIDAE	21	42949036	52205220	1	galGal3	28
HOMINIDAE	21	52205220	59035586	1	galGal3	28
HOMINIDAE	21	0	59035586	-1	gorGor3	19
HOMINIDAE	21	0	59035586	-1	hg19	19
HOMINIDAE	21	0	8014540	-1	mm10	7
HOMINIDAE	21	8014540	10087179	1	mm10	7
HOMINIDAE	21	10087179	17403771	1	mm10	7
HOMINIDAE	21	17403771	17892176	-1	mm10	7
HOMINIDAE	21	17892176	21469949	1	mm10	7
HOMINIDAE	21	21469949	21651422	-1	mm10	7
HOMINIDAE	21	21651422	21810578	1	mm10	7
HOMINIDAE	21	21810578	39881552	1	mm10	7
HOMINIDAE	21	39881552	41492696	-1	mm10	7
HOMINIDAE	21	41492696	43889658	1	mm10	8
HOMINIDAE	21	43889658	47205125	1	mm10	8
HOMINIDAE	21	47205125	50442743	-1	mm10	9
HOMINIDAE	21	50442743	52992108	-1	mm10	8
HOMINIDAE	21	52992108	55970996	-1	mm10	17
HOMINIDAE	21	55970996	59035586	-1	mm10	10
HOMINIDAE	21	0	1119611	-1	monDom5	3
HOMINIDAE	21	1119611	1836071	-1	monDom5	4
HOMINIDAE	21	1836071	3451871	-1	monDom5	3
HOMINIDAE	21	3451871	8350274	-1	monDom5	4
HOMINIDAE	21	8350274	9275833	-1	monDom5	3
HOMINIDAE	21	9275833	12959517	-1	monDom5	3
HOMINIDAE	21	12959517	13660932	-1	monDom5	4
HOMINIDAE	21	13660932	15362101	1	monDom5	4
HOMINIDAE	21	15362101	16152181	-1	monDom5	4
HOMINIDAE	21	16152181	17931054	-1	monDom5	4
HOMINIDAE	21	17931054	19854331	-1	monDom5	4
HOMINIDAE	21	19854331	22165219	-1	monDom5	3
HOMINIDAE	21	22165219	22286612	-1	monDom5	4
HOMINIDAE	21	22286612	23118159	-1	monDom5	4
HOMINIDAE	21	23118159	30942346	1	monDom5	1
HOMINIDAE	21	30942346	34698906	-1	monDom5	4
HOMINIDAE	21	34698906	35397426	-1	monDom5	3
HOMINIDAE	21	35397426	37213943	-1	monDom5	3
HOMINIDAE	21	37213943	41150984	-1	monDom5	3
HOMINIDAE	21	41150984	43393399	1	monDom5	3
HOMINIDAE	21	43393399	45468941	1	monDom5	3
HOMINIDAE	21	45468941	47843634	1	monDom5	3
HOMINIDAE	21	47843634	52968316	-1	monDom5	3
HOMINIDAE	21	52968316	56179196	-1	monDom5	3
HOMINIDAE	21	56179196	59035586	1	monDom5	3
HOMINIDAE	21	0	7006901	1	oryCun2	5
HOMINIDAE	21	7006901	21469949	-1	oryCun2	5
HOMINIDAE	21	21469949	21810578	1	oryCun2	5
HOMINIDAE	21	22286612	59035586	-1	oryCun2	5
HOMINIDAE	21	0	21469949	-1	panTro3	19
HOMINIDAE	21	21469949	21810578	-1	panTro3	19
HOMINIDAE	21	21810578	22286612	1	panTro3	19
HOMINIDAE	21	22286612	59035586	-1	panTro3	19
HOMINIDAE	21	0	59035586	-1	ponAbe2	19
HOMINIDAE	21	0	59035586	-1	rheMac3	19
HOMINIDAE	21	0	5013343	1	rn4	1
HOMINIDAE	21	5013343	5709022	1	rn4	1
HOMINIDAE	21	5709022	8727838	1	rn4	1
HOMINIDAE	21	8727838	16082684	1	rn4	1
HOMINIDAE	21	16082684	16757541	-1	rn4	1
HOMINIDAE	21	16757541	35789967	1	rn4	1
HOMINIDAE	21	35789967	37667725	-1	rn4	1
HOMINIDAE	21	37667725	41800894	-1	rn4	16
HOMINIDAE	21	41800894	43970730	-1	rn4	7
HOMINIDAE	21	43970730	47755845	-1	rn4	19
HOMINIDAE	21	47755845	51582987	-1	rn4	8
HOMINIDAE	21	51582987	55565819	1	rn4	12
HOMINIDAE	21	55565819	59035586	1	rn4	7
HOMINIDAE	21	0	1808580	-1	susScr2	6
HOMINIDAE	21	1808580	30946213	-1	susScr2	6
HOMINIDAE	21	30946213	46069763	-1	susScr2	2
HOMINIDAE	21	46069763	47806920	1	susScr2	2
HOMINIDAE	21	47806920	59035586	-1	susScr2	2
HOMINIDAE	21	0	2737963	-1	bosTau7	18
HOMINIDAE	21	2737963	3363503	1	bosTau7	18
HOMINIDAE	21	3363503	16131920	-1	bosTau7	18
HOMINIDAE	21	16131920	16820309	1	bosTau7	18
HOMINIDAE	21	16820309	21586331	-1	bosTau7	18
HOMINIDAE	21	21586331	21810578	1	bosTau7	18
HOMINIDAE	21	21810578	22199493	1	bosTau7	18
HOMINIDAE	21	22199493	22286612	-1	bosTau7	18
HOMINIDAE	21	22286612	33898033	-1	bosTau7	18
HOMINIDAE	21	33898033	47058917	1	bosTau7	7
HOMINIDAE	21	47058917	50012445	-1	bosTau7	7
HOMINIDAE	21	50012445	57477913	1	bosTau7	7
HOMINIDAE	21	57477913	59035586	-1	bosTau7	7
HOMINIDAE	21	0	21469949	-1	calJac3	22
HOMINIDAE	21	21469949	21743111	1	calJac3	22
HOMINIDAE	21	21743111	21810578	-1	calJac3	22
HOMINIDAE	21	21810578	22286612	1	calJac3	22
HOMINIDAE	21	22286612	59035586	-1	calJac3	22
HOMINIDAE	21	0	20637833	1	canFam2	1
HOMINIDAE	21	20637833	21469949	-1	canFam2	1
HOMINIDAE	21	21810578	33979170	1	canFam2	1
HOMINIDAE	21	33979170	59035586	1	canFam2	20
HOMINIDAE	21	0	3680792	-1	capHir1	18
HOMINIDAE	21	3680792	4542187	1	capHir1	18
HOMINIDAE	21	4542187	33528460	-1	capHir1	18
HOMINIDAE	21	33528460	47241377	1	capHir1	7
HOMINIDAE	21	47241377	49363690	-1	capHir1	7
HOMINIDAE	21	49363690	56466567	1	capHir1	7
HOMINIDAE	21	56466567	59035586	-1	capHir1	7
HOMINIDAE	21	0	16419619	-1	equCab2	10
HOMINIDAE	21	16419619	17008267	1	equCab2	10
HOMINIDAE	21	17008267	32496155	-1	equCab2	10
HOMINIDAE	21	32496155	38493419	-1	equCab2	21
HOMINIDAE	21	38493419	52136497	1	equCab2	7
HOMINIDAE	21	52136497	59035586	-1	equCab2	7
HOMINIDAE	21	22286612	42949036	-1	galGal3	11
HOMINIDAE	21	42949036	52205220	1	galGal3	28
HOMINIDAE	21	52205220	59035586	1	galGal3	28
HOMINIDAE	21	0	59035586	-1	gorGor3	19
HOMINIDAE	21	0	59035586	-1	hg19	19
HOMINIDAE	21	0	8014540	-1	mm10	7
HOMINIDAE	21	8014540	10087179	1	mm10	7
HOMINIDAE	21	10087179	17403771	1	mm10	7
HOMINIDAE	21	17403771	17892176	-1	mm10	7
HOMINIDAE	21	17892176	21469949	1	mm10	7
HOMINIDAE	21	21469949	21651422	-1	mm10	7
HOMINIDAE	21	21651422	21810578	1	mm10	7
HOMINIDAE	21	21810578	39881552	1	mm10	7
HOMINIDAE	21	39881552	41492696	-1	mm10	7
HOMINIDAE	21	41492696	43889658	1	mm10	8
HOMINIDAE	21	43889658	47205125	1	mm10	8
HOMINIDAE	21	47205125	50442743	-1	mm10	9
HOMINIDAE	21	50442743	52992108	-1	mm10	8
HOMINIDAE	21	52992108	55970996	-1	mm10	17
HOMINIDAE	21	55970996	59035586	-1	mm10	10
HOMINIDAE	21	0	1119611	-1	monDom5	3
HOMINIDAE	21	1119611	1836071	-1	monDom5	4
HOMINIDAE	21	1836071	3451871	-1	monDom5	3
HOMINIDAE	21	3451871	8350274	-1	monDom5	4
HOMINIDAE	21	8350274	9275833	-1	monDom5	3
HOMINIDAE	21	9275833	12959517	-1	monDom5	3
HOMINIDAE	21	12959517	13660932	-1	monDom5	4
HOMINIDAE	21	13660932	15362101	1	monDom5	4
HOMINIDAE	21	15362101	16152181	-1	monDom5	4
HOMINIDAE	21	16152181	17931054	-1	monDom5	4
HOMINIDAE	21	17931054	19854331	-1	monDom5	4
HOMINIDAE	21	19854331	22165219	-1	monDom5	3
HOMINIDAE	21	22165219	22286612	-1	monDom5	4
HOMINIDAE	21	22286612	23118159	-1	monDom5	4
HOMINIDAE	21	23118159	30942346	1	monDom5	1
HOMINIDAE	21	30942346	34698906	-1	monDom5	4
HOMINIDAE	21	34698906	35397426	-1	monDom5	3
HOMINIDAE	21	35397426	37213943	-1	monDom5	3
HOMINIDAE	21	37213943	41150984	-1	monDom5	3
HOMINIDAE	21	41150984	43393399	1	monDom5	3
HOMINIDAE	21	43393399	45468941	1	monDom5	3
HOMINIDAE	21	45468941	47843634	1	monDom5	3
HOMINIDAE	21	47843634	52968316	-1	monDom5	3
HOMINIDAE	21	52968316	56179196	-1	monDom5	3
HOMINIDAE	21	56179196	59035586	1	monDom5	3
HOMINIDAE	21	0	7006901	1	oryCun2	5
HOMINIDAE	21	7006901	21469949	-1	oryCun2	5
HOMINIDAE	21	21469949	21810578	1	oryCun2	5
HOMINIDAE	21	22286612	59035586	-1	oryCun2	5
HOMINIDAE	21	0	21469949	-1	panTro3	19
HOMINIDAE	21	21469949	21810578	-1	panTro3	19
HOMINIDAE	21	21810578	22286612	1	panTro3	19
HOMINIDAE	21	22286612	59035586	-1	panTro3	19
HOMINIDAE	21	0	59035586	-1	ponAbe2	19
HOMINIDAE	21	0	59035586	-1	rheMac3	19
HOMINIDAE	21	0	5013343	1	rn4	1
HOMINIDAE	21	5013343	5709022	1	rn4	1
HOMINIDAE	21	5709022	8727838	1	rn4	1
HOMINIDAE	21	8727838	16082684	1	rn4	1
HOMINIDAE	21	16082684	16757541	-1	rn4	1
HOMINIDAE	21	16757541	35789967	1	rn4	1
HOMINIDAE	21	35789967	37667725	-1	rn4	1
HOMINIDAE	21	37667725	41800894	-1	rn4	16
HOMINIDAE	21	41800894	43970730	-1	rn4	7
HOMINIDAE	21	43970730	47755845	-1	rn4	19
HOMINIDAE	21	47755845	51582987	-1	rn4	8
HOMINIDAE	21	51582987	55565819	1	rn4	12
HOMINIDAE	21	55565819	59035586	1	rn4	7
HOMINIDAE	21	0	1808580	-1	susScr2	6
HOMINIDAE	21	1808580	30946213	-1	susScr2	6
HOMINIDAE	21	30946213	46069763	-1	susScr2	2
HOMINIDAE	21	46069763	47806920	1	susScr2	2
HOMINIDAE	21	47806920	59035586	-1	susScr2	2
HOMINIDAE	21	0	2737963	-1	bosTau7	18
HOMINIDAE	21	2737963	3363503	1	bosTau7	18
HOMINIDAE	21	3363503	16131920	-1	bosTau7	18
HOMINIDAE	21	16131920	16820309	1	bosTau7	18
HOMINIDAE	21	16820309	21586331	-1	bosTau7	18
HOMINIDAE	21	21586331	21810578	1	bosTau7	18
HOMINIDAE	21	21810578	22199493	1	bosTau7	18
HOMINIDAE	21	22199493	22286612	-1	bosTau7	18
HOMINIDAE	21	22286612	33898033	-1	bosTau7	18
HOMINIDAE	21	33898033	47058917	1	bosTau7	7
HOMINIDAE	21	47058917	50012445	-1	bosTau7	7
HOMINIDAE	21	50012445	57477913	1	bosTau7	7
HOMINIDAE	21	57477913	59035586	-1	bosTau7	7
HOMINIDAE	21	0	21469949	-1	calJac3	22
HOMINIDAE	21	21469949	21743111	1	calJac3	22
HOMINIDAE	21	21743111	21810578	-1	calJac3	22
HOMINIDAE	21	21810578	22286612	1	calJac3	22
HOMINIDAE	21	22286612	59035586	-1	calJac3	22
HOMINIDAE	21	0	20637833	1	canFam2	1
HOMINIDAE	21	20637833	21469949	-1	canFam2	1
HOMINIDAE	21	21810578	33979170	1	canFam2	1
HOMINIDAE	21	33979170	59035586	1	canFam2	20
HOMINIDAE	21	0	3680792	-1	capHir1	18
HOMINIDAE	21	3680792	4542187	1	capHir1	18
HOMINIDAE	21	4542187	33528460	-1	capHir1	18
HOMINIDAE	21	33528460	47241377	1	capHir1	7
HOMINIDAE	21	47241377	49363690	-1	capHir1	7
HOMINIDAE	21	49363690	56466567	1	capHir1	7
HOMINIDAE	21	56466567	59035586	-1	capHir1	7
HOMINIDAE	21	0	16419619	-1	equCab2	10
HOMINIDAE	21	16419619	17008267	1	equCab2	10
HOMINIDAE	21	17008267	32496155	-1	equCab2	10
HOMINIDAE	21	32496155	38493419	-1	equCab2	21
HOMINIDAE	21	38493419	52136497	1	equCab2	7
HOMINIDAE	21	52136497	59035586	-1	equCab2	7
HOMINIDAE	21	22286612	42949036	-1	galGal3	11
HOMINIDAE	21	42949036	52205220	1	galGal3	28
HOMINIDAE	21	52205220	59035586	1	galGal3	28
HOMINIDAE	21	0	59035586	-1	gorGor3	19
HOMINIDAE	21	0	59035586	-1	hg19	19
HOMINIDAE	21	0	8014540	-1	mm10	7
HOMINIDAE	21	8014540	10087179	1	mm10	7
HOMINIDAE	21	10087179	17403771	1	mm10	7
HOMINIDAE	21	17403771	17892176	-1	mm10	7
HOMINIDAE	21	17892176	21469949	1	mm10	7
HOMINIDAE	21	21469949	21651422	-1	mm10	7
HOMINIDAE	21	21651422	21810578	1	mm10	7
HOMINIDAE	21	21810578	39881552	1	mm10	7
HOMINIDAE	21	39881552	41492696	-1	mm10	7
HOMINIDAE	21	41492696	43889658	1	mm10	8
HOMINIDAE	21	43889658	47205125	1	mm10	8
HOMINIDAE	21	47205125	50442743	-1	mm10	9
HOMINIDAE	21	50442743	52992108	-1	mm10	8
HOMINIDAE	21	52992108	55970996	-1	mm10	17
HOMINIDAE	21	55970996	59035586	-1	mm10	10
HOMINIDAE	21	0	1119611	-1	monDom5	3
HOMINIDAE	21	1119611	1836071	-1	monDom5	4
HOMINIDAE	21	1836071	3451871	-1	monDom5	3
HOMINIDAE	21	3451871	8350274	-1	monDom5	4
HOMINIDAE	21	8350274	9275833	-1	monDom5	3
HOMINIDAE	21	9275833	12959517	-1	monDom5	3
HOMINIDAE	21	12959517	13660932	-1	monDom5	4
HOMINIDAE	21	13660932	15362101	1	monDom5	4
HOMINIDAE	21	15362101	16152181	-1	monDom5	4
HOMINIDAE	21	16152181	17931054	-1	monDom5	4
HOMINIDAE	21	17931054	19854331	-1	monDom5	4
HOMINIDAE	21	19854331	22165219	-1	monDom5	3
HOMINIDAE	21	22165219	22286612	-1	monDom5	4
HOMINIDAE	21	22286612	23118159	-1	monDom5	4
HOMINIDAE	21	23118159	30942346	1	monDom5	1
HOMINIDAE	21	30942346	34698906	-1	monDom5	4
HOMINIDAE	21	34698906	35397426	-1	monDom5	3
HOMINIDAE	21	35397426	37213943	-1	monDom5	3
HOMINIDAE	21	37213943	41150984	-1	monDom5	3
HOMINIDAE	21	41150984	43393399	1	monDom5	3
HOMINIDAE	21	43393399	45468941	1	monDom5	3
HOMINIDAE	21	45468941	47843634	1	monDom5	3
HOMINIDAE	21	47843634	52968316	-1	monDom5	3
HOMINIDAE	21	52968316	56179196	-1	monDom5	3
HOMINIDAE	21	56179196	59035586	1	monDom5	3
HOMINIDAE	21	0	7006901	1	oryCun2	5
HOMINIDAE	21	7006901	21469949	-1	oryCun2	5
HOMINIDAE	21	21469949	21810578	1	oryCun2	5
HOMINIDAE	21	22286612	59035586	-1	oryCun2	5
HOMINIDAE	21	0	21469949	-1	panTro3	19
HOMINIDAE	21	21469949	21810578	-1	panTro3	19
HOMINIDAE	21	21810578	22286612	1	panTro3	19
HOMINIDAE	21	22286612	59035586	-1	panTro3	19
HOMINIDAE	21	0	59035586	-1	ponAbe2	19
HOMINIDAE	21	0	59035586	-1	rheMac3	19
HOMINIDAE	21	0	5013343	1	rn4	1
HOMINIDAE	21	5013343	5709022	1	rn4	1
HOMINIDAE	21	5709022	8727838	1	rn4	1
HOMINIDAE	21	8727838	16082684	1	rn4	1
HOMINIDAE	21	16082684	16757541	-1	rn4	1
HOMINIDAE	21	16757541	35789967	1	rn4	1
HOMINIDAE	21	35789967	37667725	-1	rn4	1
HOMINIDAE	21	37667725	41800894	-1	rn4	16
HOMINIDAE	21	41800894	43970730	-1	rn4	7
HOMINIDAE	21	43970730	47755845	-1	rn4	19
HOMINIDAE	21	47755845	51582987	-1	rn4	8
HOMINIDAE	21	51582987	55565819	1	rn4	12
HOMINIDAE	21	55565819	59035586	1	rn4	7
HOMINIDAE	21	0	1808580	-1	susScr2	6
HOMINIDAE	21	1808580	30946213	-1	susScr2	6
HOMINIDAE	21	30946213	46069763	-1	susScr2	2
HOMINIDAE	21	46069763	47806920	1	susScr2	2
HOMINIDAE	21	47806920	59035586	-1	susScr2	2
