HOMINIDAE	16	0	13235832	-1	bosTau7	21
HOMINIDAE	16	13235832	53446548	-1	bosTau7	10
HOMINIDAE	16	53446548	60769414	-1	bosTau7	10
HOMINIDAE	16	60769414	81826229	-1	bosTau7	21
HOMINIDAE	16	81826229	87460308	1	bosTau7	10
HOMINIDAE	16	0	87460308	-1	calJac3	10
HOMINIDAE	16	0	87460308	-1	canFam2	8
HOMINIDAE	16	0	14323812	-1	capHir1	21
HOMINIDAE	16	14323812	56232480	-1	capHir1	10
HOMINIDAE	16	56232480	63253790	-1	capHir1	10
HOMINIDAE	16	63253790	83468100	-1	capHir1	21
HOMINIDAE	16	83468100	87460308	1	capHir1	10
HOMINIDAE	16	0	52405507	-1	equCab2	24
HOMINIDAE	16	52405507	87460308	-1	equCab2	1
HOMINIDAE	16	0	44017665	-1	galGal3	5
HOMINIDAE	16	44017665	54233756	1	galGal3	5
HOMINIDAE	16	54233756	65230426	1	galGal3	5
HOMINIDAE	16	65230426	71926400	-1	galGal3	5
HOMINIDAE	16	71926400	87460308	-1	galGal3	5
HOMINIDAE	16	0	87460308	-1	gorGor3	14
HOMINIDAE	16	0	87460308	-1	hg19	14
HOMINIDAE	16	0	46870079	-1	mm10	12
HOMINIDAE	16	46870079	52184983	-1	mm10	14
HOMINIDAE	16	52184983	81182783	-1	mm10	12
HOMINIDAE	16	81182783	87460308	-1	mm10	14
HOMINIDAE	16	0	3218398	-1	monDom5	1
HOMINIDAE	16	3218398	20427597	1	monDom5	1
HOMINIDAE	16	20427597	24008265	-1	monDom5	1
HOMINIDAE	16	24008265	51268240	1	monDom5	1
HOMINIDAE	16	51268240	67889552	-1	monDom5	1
HOMINIDAE	16	67889552	69885851	1	monDom5	1
HOMINIDAE	16	69885851	81484505	1	monDom5	1
HOMINIDAE	16	81484505	87460308	-1	monDom5	1
HOMINIDAE	16	0	27325059	1	oryCun2	20
HOMINIDAE	16	27325059	32727550	1	oryCun2	20
HOMINIDAE	16	32727550	39516842	-1	oryCun2	20
HOMINIDAE	16	39516842	87460308	-1	oryCun2	17
HOMINIDAE	16	0	87460308	-1	panTro3	14
HOMINIDAE	16	0	87460308	-1	ponAbe2	14
HOMINIDAE	16	0	87460308	-1	rheMac3	7
HOMINIDAE	16	0	46006768	-1	rn4	6
HOMINIDAE	16	46006768	50990281	-1	rn4	15
HOMINIDAE	16	50990281	80004441	-1	rn4	6
HOMINIDAE	16	80004441	87460308	-1	rn4	15
HOMINIDAE	16	0	2206143	1	susScr2	7
HOMINIDAE	16	2206143	40625850	-1	susScr2	7
HOMINIDAE	16	40625850	65513968	-1	susScr2	1
HOMINIDAE	16	65513968	87460308	1	susScr2	7
