HOMINIDAE	23	0	15511529	-1	bosTau7	5
HOMINIDAE	23	15511529	24334050	-1	bosTau7	5
HOMINIDAE	23	24334050	33578337	-1	bosTau7	17
HOMINIDAE	23	33578337	34746421	1	bosTau7	17
HOMINIDAE	23	0	34746421	-1	calJac3	1
HOMINIDAE	23	0	22347552	1	canFam2	10
HOMINIDAE	23	22347552	31600087	-1	canFam2	26
HOMINIDAE	23	31600087	33348238	1	canFam2	26
HOMINIDAE	23	33348238	34746421	-1	canFam2	27
HOMINIDAE	23	0	17232784	-1	capHir1	5
HOMINIDAE	23	17232784	25245092	-1	capHir1	5
HOMINIDAE	23	25245092	34746421	-1	capHir1	17
HOMINIDAE	23	0	22689689	-1	equCab2	28
HOMINIDAE	23	22689689	31425374	1	equCab2	8
HOMINIDAE	23	31425374	33572792	1	equCab2	8
HOMINIDAE	23	33572792	34746421	1	equCab2	6
HOMINIDAE	23	0	11776257	-1	galGal3	1
HOMINIDAE	23	11776257	19206739	-1	galGal3	1
HOMINIDAE	23	19206739	29295662	1	galGal3	1
HOMINIDAE	23	29295662	31466495	-1	galGal3	15
HOMINIDAE	23	31466495	34746421	-1	galGal3	15
HOMINIDAE	23	0	34746421	-1	gorGor3	22
HOMINIDAE	23	0	34746421	-1	hg19	22
HOMINIDAE	23	0	19901866	-1	mm10	15
HOMINIDAE	23	19901866	23729699	-1	mm10	8
HOMINIDAE	23	23729699	27547077	1	mm10	11
HOMINIDAE	23	27547077	31473361	1	mm10	5
HOMINIDAE	23	31473361	33605353	1	mm10	16
HOMINIDAE	23	33605353	34746421	-1	mm10	6
HOMINIDAE	23	0	1832347	-1	monDom5	8
HOMINIDAE	23	1832347	7452387	-1	monDom5	8
HOMINIDAE	23	7452387	9337428	-1	monDom5	8
HOMINIDAE	23	9337428	11741244	1	monDom5	8
HOMINIDAE	23	11741244	18974366	-1	monDom5	8
HOMINIDAE	23	18974366	20433646	-1	monDom5	3
HOMINIDAE	23	20433646	27515817	-1	monDom5	3
HOMINIDAE	23	27515817	29870700	-1	monDom5	3
HOMINIDAE	23	29870700	31278287	-1	monDom5	3
HOMINIDAE	23	31278287	32564686	1	monDom5	3
HOMINIDAE	23	32564686	33482497	-1	monDom5	3
HOMINIDAE	23	33482497	34746421	-1	monDom5	8
HOMINIDAE	23	0	26319169	1	oryCun2	4
HOMINIDAE	23	26319169	34746421	-1	oryCun2	21
HOMINIDAE	23	0	34746421	-1	panTro3	22
HOMINIDAE	23	0	34746421	-1	ponAbe2	22
HOMINIDAE	23	0	34746421	-1	rheMac3	10
HOMINIDAE	23	0	21377503	-1	rn4	7
HOMINIDAE	23	21377503	24818869	-1	rn4	19
HOMINIDAE	23	24818869	29576460	1	rn4	14
HOMINIDAE	23	29576460	31845832	-1	rn4	12
HOMINIDAE	23	31845832	34746421	-1	rn4	11
HOMINIDAE	23	0	21332226	1	susScr2	5
HOMINIDAE	23	21332226	34746421	-1	susScr2	14
