HOMINIDAE	8	0	40495227	-1	bosTau7	4
HOMINIDAE	8	40495227	50317063	1	bosTau7	4
HOMINIDAE	8	50317063	68026520	-1	bosTau7	4
HOMINIDAE	8	68026520	70519469	1	bosTau7	4
HOMINIDAE	8	70519469	71821531	-1	bosTau7	4
HOMINIDAE	8	71821531	95908989	1	bosTau7	4
HOMINIDAE	8	95908989	108562687	-1	bosTau7	4
HOMINIDAE	8	108562687	117754791	-1	bosTau7	4
HOMINIDAE	8	117754791	118418683	1	bosTau7	4
HOMINIDAE	8	118418683	120238743	-1	bosTau7	4
HOMINIDAE	8	120238743	120566869	1	bosTau7	4
HOMINIDAE	8	120566869	123791218	-1	bosTau7	4
HOMINIDAE	8	123791218	124056897	1	bosTau7	4
HOMINIDAE	8	124056897	124123499	-1	bosTau7	4
HOMINIDAE	8	124123499	124466662	1	bosTau7	4
HOMINIDAE	8	124466662	130353146	-1	bosTau7	4
HOMINIDAE	8	130353146	133619836	-1	bosTau7	22
HOMINIDAE	8	133619836	141711248	1	bosTau7	25
HOMINIDAE	8	0	40640953	1	calJac3	8
HOMINIDAE	8	40640953	103004876	-1	calJac3	8
HOMINIDAE	8	103004876	123791218	1	calJac3	8
HOMINIDAE	8	123791218	124466662	-1	calJac3	8
HOMINIDAE	8	124466662	132893870	1	calJac3	8
HOMINIDAE	8	132893870	141711248	1	calJac3	2
HOMINIDAE	8	0	9268592	-1	canFam2	16
HOMINIDAE	8	9268592	24153000	1	canFam2	16
HOMINIDAE	8	24153000	36118523	1	canFam2	14
HOMINIDAE	8	36118523	49934314	-1	canFam2	14
HOMINIDAE	8	49934314	65608902	1	canFam2	18
HOMINIDAE	8	65608902	107983807	1	canFam2	14
HOMINIDAE	8	107983807	114537981	-1	canFam2	18
HOMINIDAE	8	114537981	116565776	-1	canFam2	16
HOMINIDAE	8	116565776	123791218	1	canFam2	18
HOMINIDAE	8	123791218	124387160	-1	canFam2	18
HOMINIDAE	8	124387160	124466662	1	canFam2	18
HOMINIDAE	8	124466662	132782255	1	canFam2	18
HOMINIDAE	8	132782255	141711248	1	canFam2	6
HOMINIDAE	8	0	41391443	-1	capHir1	4
HOMINIDAE	8	41391443	50181764	1	capHir1	4
HOMINIDAE	8	50181764	68055230	-1	capHir1	4
HOMINIDAE	8	68055230	70441967	1	capHir1	4
HOMINIDAE	8	70441967	96215547	1	capHir1	4
HOMINIDAE	8	96215547	109016908	-1	capHir1	4
HOMINIDAE	8	109016908	117725086	-1	capHir1	4
HOMINIDAE	8	117725086	118427902	-1	capHir1	4
HOMINIDAE	8	118427902	118808188	1	capHir1	4
HOMINIDAE	8	118808188	123906626	-1	capHir1	4
HOMINIDAE	8	123906626	124466662	1	capHir1	4
HOMINIDAE	8	124466662	131337146	-1	capHir1	22
HOMINIDAE	8	131337146	141711248	1	capHir1	25
HOMINIDAE	8	0	50837647	-1	equCab2	4
HOMINIDAE	8	50837647	60894383	-1	equCab2	4
HOMINIDAE	8	60894383	107399830	1	equCab2	4
HOMINIDAE	8	107399830	123791218	1	equCab2	4
HOMINIDAE	8	123791218	124396751	-1	equCab2	4
HOMINIDAE	8	124396751	124466662	1	equCab2	4
HOMINIDAE	8	124466662	132661564	1	equCab2	4
HOMINIDAE	8	132661564	141711248	-1	equCab2	13
HOMINIDAE	8	0	12708540	-1	galGal3	2
HOMINIDAE	8	12708540	20161848	1	galGal3	1
HOMINIDAE	8	20161848	48780443	1	galGal3	1
HOMINIDAE	8	48780443	69328355	-1	galGal3	1
HOMINIDAE	8	69328355	104730868	1	galGal3	2
HOMINIDAE	8	104730868	108294233	-1	galGal3	2
HOMINIDAE	8	108294233	116699192	1	galGal3	2
HOMINIDAE	8	116699192	123791218	1	galGal3	2
HOMINIDAE	8	136932520	137258967	1	galGal3	19
HOMINIDAE	8	137258967	141711248	1	galGal3	19
HOMINIDAE	8	0	56746549	-1	gorGor3	7
HOMINIDAE	8	56746549	77629024	1	gorGor3	7
HOMINIDAE	8	77629024	137258967	1	gorGor3	7
HOMINIDAE	8	137258967	141711248	-1	gorGor3	7
HOMINIDAE	8	0	56746549	-1	hg19	7
HOMINIDAE	8	56746549	77629024	1	hg19	7
HOMINIDAE	8	77629024	137258967	1	hg19	7
HOMINIDAE	8	137258967	141711248	-1	hg19	7
HOMINIDAE	8	0	1365913	1	mm10	12
HOMINIDAE	8	1365913	7402550	-1	mm10	5
HOMINIDAE	8	7402550	46611638	-1	mm10	6
HOMINIDAE	8	46611638	51550566	1	mm10	12
HOMINIDAE	8	51550566	54085307	1	mm10	12
HOMINIDAE	8	54085307	73644533	-1	mm10	5
HOMINIDAE	8	73644533	83832317	1	mm10	6
HOMINIDAE	8	83832317	91424742	-1	mm10	12
HOMINIDAE	8	91424742	94382226	-1	mm10	12
HOMINIDAE	8	94382226	103297153	1	mm10	6
HOMINIDAE	8	103297153	106854114	1	mm10	9
HOMINIDAE	8	106854114	114537981	-1	mm10	13
HOMINIDAE	8	114537981	134860217	1	mm10	11
HOMINIDAE	8	134860217	141711248	1	mm10	5
HOMINIDAE	8	0	39378918	-1	monDom5	8
HOMINIDAE	8	39378918	40353986	1	monDom5	8
HOMINIDAE	8	40353986	71303216	-1	monDom5	8
HOMINIDAE	8	71303216	77629024	1	monDom5	8
HOMINIDAE	8	77629024	83735874	1	monDom5	8
HOMINIDAE	8	83735874	103194309	-1	monDom5	8
HOMINIDAE	8	103194309	105000862	-1	monDom5	6
HOMINIDAE	8	105000862	108108854	1	monDom5	6
HOMINIDAE	8	108108854	114537981	1	monDom5	6
HOMINIDAE	8	114537981	115505988	1	monDom5	1
HOMINIDAE	8	115505988	123791218	-1	monDom5	6
HOMINIDAE	8	123791218	124434669	1	monDom5	6
HOMINIDAE	8	124434669	124466662	-1	monDom5	6
HOMINIDAE	8	124466662	134411552	-1	monDom5	6
HOMINIDAE	8	134411552	135459043	1	monDom5	4
HOMINIDAE	8	135459043	137258967	-1	monDom5	2
HOMINIDAE	8	137258967	141711248	1	monDom5	2
HOMINIDAE	8	0	56746549	-1	panTro3	7
HOMINIDAE	8	56746549	77629024	1	panTro3	7
HOMINIDAE	8	77629024	110330651	1	panTro3	7
HOMINIDAE	8	110330651	114537981	-1	panTro3	7
HOMINIDAE	8	114537981	123791218	1	panTro3	7
HOMINIDAE	8	123791218	124466662	-1	panTro3	7
HOMINIDAE	8	124466662	137258967	1	panTro3	7
HOMINIDAE	8	137258967	141711248	-1	panTro3	7
HOMINIDAE	8	0	136932520	-1	ponAbe2	7
HOMINIDAE	8	136932520	141711248	1	ponAbe2	7
HOMINIDAE	8	0	1261268	1	rn4	6
HOMINIDAE	8	1261268	6928384	1	rn4	4
HOMINIDAE	8	6928384	46707933	-1	rn4	4
HOMINIDAE	8	46707933	51290240	1	rn4	6
HOMINIDAE	8	51290240	54200944	1	rn4	6
HOMINIDAE	8	54200944	67695418	1	rn4	4
HOMINIDAE	8	67695418	68241321	-1	rn4	4
HOMINIDAE	8	68241321	83714938	1	rn4	4
HOMINIDAE	8	83714938	91416806	-1	rn4	6
HOMINIDAE	8	91416806	94463850	-1	rn4	6
HOMINIDAE	8	94463850	103509228	1	rn4	4
HOMINIDAE	8	103509228	106686828	1	rn4	8
HOMINIDAE	8	106686828	114537981	1	rn4	17
HOMINIDAE	8	114537981	134637283	1	rn4	14
HOMINIDAE	8	134637283	139269164	-1	rn4	12
HOMINIDAE	8	139269164	139887148	1	rn4	12
HOMINIDAE	8	139887148	141711248	-1	rn4	12
HOMINIDAE	8	0	6820891	1	susScr2	18
HOMINIDAE	8	6820891	12675206	1	susScr2	9
HOMINIDAE	8	12675206	50079185	1	susScr2	18
HOMINIDAE	8	50079185	67432502	-1	susScr2	9
HOMINIDAE	8	67432502	95288621	1	susScr2	9
HOMINIDAE	8	95288621	110330651	-1	susScr2	18
HOMINIDAE	8	110330651	118730454	-1	susScr2	18
HOMINIDAE	8	118730454	123791218	1	susScr2	9
HOMINIDAE	8	123791218	124005424	1	susScr2	9
HOMINIDAE	8	124005424	124466662	-1	susScr2	9
HOMINIDAE	8	124466662	129836815	1	susScr2	9
HOMINIDAE	8	129836815	141711248	-1	susScr2	3
HOMINIDAE	8	0	40495227	-1	bosTau7	4
HOMINIDAE	8	40495227	50317063	1	bosTau7	4
HOMINIDAE	8	50317063	68026520	-1	bosTau7	4
HOMINIDAE	8	68026520	70519469	1	bosTau7	4
HOMINIDAE	8	70519469	71821531	-1	bosTau7	4
HOMINIDAE	8	71821531	95908989	1	bosTau7	4
HOMINIDAE	8	95908989	108562687	-1	bosTau7	4
HOMINIDAE	8	108562687	117754791	-1	bosTau7	4
HOMINIDAE	8	117754791	118418683	1	bosTau7	4
HOMINIDAE	8	118418683	120238743	-1	bosTau7	4
HOMINIDAE	8	120238743	120566869	1	bosTau7	4
HOMINIDAE	8	120566869	123791218	-1	bosTau7	4
HOMINIDAE	8	123791218	124056897	1	bosTau7	4
HOMINIDAE	8	124056897	124123499	-1	bosTau7	4
HOMINIDAE	8	124123499	124466662	1	bosTau7	4
HOMINIDAE	8	124466662	130353146	-1	bosTau7	4
HOMINIDAE	8	130353146	133619836	-1	bosTau7	22
HOMINIDAE	8	133619836	141711248	1	bosTau7	25
HOMINIDAE	8	0	40640953	1	calJac3	8
HOMINIDAE	8	40640953	103004876	-1	calJac3	8
HOMINIDAE	8	103004876	123791218	1	calJac3	8
HOMINIDAE	8	123791218	124466662	-1	calJac3	8
HOMINIDAE	8	124466662	132893870	1	calJac3	8
HOMINIDAE	8	132893870	141711248	1	calJac3	2
HOMINIDAE	8	0	9268592	-1	canFam2	16
HOMINIDAE	8	9268592	24153000	1	canFam2	16
HOMINIDAE	8	24153000	36118523	1	canFam2	14
HOMINIDAE	8	36118523	49934314	-1	canFam2	14
HOMINIDAE	8	49934314	65608902	1	canFam2	18
HOMINIDAE	8	65608902	107983807	1	canFam2	14
HOMINIDAE	8	107983807	114537981	-1	canFam2	18
HOMINIDAE	8	114537981	116565776	-1	canFam2	16
HOMINIDAE	8	116565776	123791218	1	canFam2	18
HOMINIDAE	8	123791218	124387160	-1	canFam2	18
HOMINIDAE	8	124387160	124466662	1	canFam2	18
HOMINIDAE	8	124466662	132782255	1	canFam2	18
HOMINIDAE	8	132782255	141711248	1	canFam2	6
HOMINIDAE	8	0	41391443	-1	capHir1	4
HOMINIDAE	8	41391443	50181764	1	capHir1	4
HOMINIDAE	8	50181764	68055230	-1	capHir1	4
HOMINIDAE	8	68055230	70441967	1	capHir1	4
HOMINIDAE	8	70441967	96215547	1	capHir1	4
HOMINIDAE	8	96215547	109016908	-1	capHir1	4
HOMINIDAE	8	109016908	117725086	-1	capHir1	4
HOMINIDAE	8	117725086	118427902	-1	capHir1	4
HOMINIDAE	8	118427902	118808188	1	capHir1	4
HOMINIDAE	8	118808188	123906626	-1	capHir1	4
HOMINIDAE	8	123906626	124466662	1	capHir1	4
HOMINIDAE	8	124466662	131337146	-1	capHir1	22
HOMINIDAE	8	131337146	141711248	1	capHir1	25
HOMINIDAE	8	0	50837647	-1	equCab2	4
HOMINIDAE	8	50837647	60894383	-1	equCab2	4
HOMINIDAE	8	60894383	107399830	1	equCab2	4
HOMINIDAE	8	107399830	123791218	1	equCab2	4
HOMINIDAE	8	123791218	124396751	-1	equCab2	4
HOMINIDAE	8	124396751	124466662	1	equCab2	4
HOMINIDAE	8	124466662	132661564	1	equCab2	4
HOMINIDAE	8	132661564	141711248	-1	equCab2	13
HOMINIDAE	8	0	12708540	-1	galGal3	2
HOMINIDAE	8	12708540	20161848	1	galGal3	1
HOMINIDAE	8	20161848	48780443	1	galGal3	1
HOMINIDAE	8	48780443	69328355	-1	galGal3	1
HOMINIDAE	8	69328355	104730868	1	galGal3	2
HOMINIDAE	8	104730868	108294233	-1	galGal3	2
HOMINIDAE	8	108294233	116699192	1	galGal3	2
HOMINIDAE	8	116699192	123791218	1	galGal3	2
HOMINIDAE	8	136932520	137258967	1	galGal3	19
HOMINIDAE	8	137258967	141711248	1	galGal3	19
HOMINIDAE	8	0	56746549	-1	gorGor3	7
HOMINIDAE	8	56746549	77629024	1	gorGor3	7
HOMINIDAE	8	77629024	137258967	1	gorGor3	7
HOMINIDAE	8	137258967	141711248	-1	gorGor3	7
HOMINIDAE	8	0	56746549	-1	hg19	7
HOMINIDAE	8	56746549	77629024	1	hg19	7
HOMINIDAE	8	77629024	137258967	1	hg19	7
HOMINIDAE	8	137258967	141711248	-1	hg19	7
HOMINIDAE	8	0	1365913	1	mm10	12
HOMINIDAE	8	1365913	7402550	-1	mm10	5
HOMINIDAE	8	7402550	46611638	-1	mm10	6
HOMINIDAE	8	46611638	51550566	1	mm10	12
HOMINIDAE	8	51550566	54085307	1	mm10	12
HOMINIDAE	8	54085307	73644533	-1	mm10	5
HOMINIDAE	8	73644533	83832317	1	mm10	6
HOMINIDAE	8	83832317	91424742	-1	mm10	12
HOMINIDAE	8	91424742	94382226	-1	mm10	12
HOMINIDAE	8	94382226	103297153	1	mm10	6
HOMINIDAE	8	103297153	106854114	1	mm10	9
HOMINIDAE	8	106854114	114537981	-1	mm10	13
HOMINIDAE	8	114537981	134860217	1	mm10	11
HOMINIDAE	8	134860217	141711248	1	mm10	5
HOMINIDAE	8	0	39378918	-1	monDom5	8
HOMINIDAE	8	39378918	40353986	1	monDom5	8
HOMINIDAE	8	40353986	71303216	-1	monDom5	8
HOMINIDAE	8	71303216	77629024	1	monDom5	8
HOMINIDAE	8	77629024	83735874	1	monDom5	8
HOMINIDAE	8	83735874	103194309	-1	monDom5	8
HOMINIDAE	8	103194309	105000862	-1	monDom5	6
HOMINIDAE	8	105000862	108108854	1	monDom5	6
HOMINIDAE	8	108108854	114537981	1	monDom5	6
HOMINIDAE	8	114537981	115505988	1	monDom5	1
HOMINIDAE	8	115505988	123791218	-1	monDom5	6
HOMINIDAE	8	123791218	124434669	1	monDom5	6
HOMINIDAE	8	124434669	124466662	-1	monDom5	6
HOMINIDAE	8	124466662	134411552	-1	monDom5	6
HOMINIDAE	8	134411552	135459043	1	monDom5	4
HOMINIDAE	8	135459043	137258967	-1	monDom5	2
HOMINIDAE	8	137258967	141711248	1	monDom5	2
HOMINIDAE	8	0	56746549	-1	panTro3	7
HOMINIDAE	8	56746549	77629024	1	panTro3	7
HOMINIDAE	8	77629024	110330651	1	panTro3	7
HOMINIDAE	8	110330651	114537981	-1	panTro3	7
HOMINIDAE	8	114537981	123791218	1	panTro3	7
HOMINIDAE	8	123791218	124466662	-1	panTro3	7
HOMINIDAE	8	124466662	137258967	1	panTro3	7
HOMINIDAE	8	137258967	141711248	-1	panTro3	7
HOMINIDAE	8	0	136932520	-1	ponAbe2	7
HOMINIDAE	8	136932520	141711248	1	ponAbe2	7
HOMINIDAE	8	0	1261268	1	rn4	6
HOMINIDAE	8	1261268	6928384	1	rn4	4
HOMINIDAE	8	6928384	46707933	-1	rn4	4
HOMINIDAE	8	46707933	51290240	1	rn4	6
HOMINIDAE	8	51290240	54200944	1	rn4	6
HOMINIDAE	8	54200944	67695418	1	rn4	4
HOMINIDAE	8	67695418	68241321	-1	rn4	4
HOMINIDAE	8	68241321	83714938	1	rn4	4
HOMINIDAE	8	83714938	91416806	-1	rn4	6
HOMINIDAE	8	91416806	94463850	-1	rn4	6
HOMINIDAE	8	94463850	103509228	1	rn4	4
HOMINIDAE	8	103509228	106686828	1	rn4	8
HOMINIDAE	8	106686828	114537981	1	rn4	17
HOMINIDAE	8	114537981	134637283	1	rn4	14
HOMINIDAE	8	134637283	139269164	-1	rn4	12
HOMINIDAE	8	139269164	139887148	1	rn4	12
HOMINIDAE	8	139887148	141711248	-1	rn4	12
HOMINIDAE	8	0	6820891	1	susScr2	18
HOMINIDAE	8	6820891	12675206	1	susScr2	9
HOMINIDAE	8	12675206	50079185	1	susScr2	18
HOMINIDAE	8	50079185	67432502	-1	susScr2	9
HOMINIDAE	8	67432502	95288621	1	susScr2	9
HOMINIDAE	8	95288621	110330651	-1	susScr2	18
HOMINIDAE	8	110330651	118730454	-1	susScr2	18
HOMINIDAE	8	118730454	123791218	1	susScr2	9
HOMINIDAE	8	123791218	124005424	1	susScr2	9
HOMINIDAE	8	124005424	124466662	-1	susScr2	9
HOMINIDAE	8	124466662	129836815	1	susScr2	9
HOMINIDAE	8	129836815	141711248	-1	susScr2	3
HOMINIDAE	8	0	40495227	-1	bosTau7	4
HOMINIDAE	8	40495227	50317063	1	bosTau7	4
HOMINIDAE	8	50317063	68026520	-1	bosTau7	4
HOMINIDAE	8	68026520	70519469	1	bosTau7	4
HOMINIDAE	8	70519469	71821531	-1	bosTau7	4
HOMINIDAE	8	71821531	95908989	1	bosTau7	4
HOMINIDAE	8	95908989	108562687	-1	bosTau7	4
HOMINIDAE	8	108562687	117754791	-1	bosTau7	4
HOMINIDAE	8	117754791	118418683	1	bosTau7	4
HOMINIDAE	8	118418683	120238743	-1	bosTau7	4
HOMINIDAE	8	120238743	120566869	1	bosTau7	4
HOMINIDAE	8	120566869	123791218	-1	bosTau7	4
HOMINIDAE	8	123791218	124056897	1	bosTau7	4
HOMINIDAE	8	124056897	124123499	-1	bosTau7	4
HOMINIDAE	8	124123499	124466662	1	bosTau7	4
HOMINIDAE	8	124466662	130353146	-1	bosTau7	4
HOMINIDAE	8	130353146	133619836	-1	bosTau7	22
HOMINIDAE	8	133619836	141711248	1	bosTau7	25
HOMINIDAE	8	0	40640953	1	calJac3	8
HOMINIDAE	8	40640953	103004876	-1	calJac3	8
HOMINIDAE	8	103004876	123791218	1	calJac3	8
HOMINIDAE	8	123791218	124466662	-1	calJac3	8
HOMINIDAE	8	124466662	132893870	1	calJac3	8
HOMINIDAE	8	132893870	141711248	1	calJac3	2
HOMINIDAE	8	0	9268592	-1	canFam2	16
HOMINIDAE	8	9268592	24153000	1	canFam2	16
HOMINIDAE	8	24153000	36118523	1	canFam2	14
HOMINIDAE	8	36118523	49934314	-1	canFam2	14
HOMINIDAE	8	49934314	65608902	1	canFam2	18
HOMINIDAE	8	65608902	107983807	1	canFam2	14
HOMINIDAE	8	107983807	114537981	-1	canFam2	18
HOMINIDAE	8	114537981	116565776	-1	canFam2	16
HOMINIDAE	8	116565776	123791218	1	canFam2	18
HOMINIDAE	8	123791218	124387160	-1	canFam2	18
HOMINIDAE	8	124387160	124466662	1	canFam2	18
HOMINIDAE	8	124466662	132782255	1	canFam2	18
HOMINIDAE	8	132782255	141711248	1	canFam2	6
HOMINIDAE	8	0	41391443	-1	capHir1	4
HOMINIDAE	8	41391443	50181764	1	capHir1	4
HOMINIDAE	8	50181764	68055230	-1	capHir1	4
HOMINIDAE	8	68055230	70441967	1	capHir1	4
HOMINIDAE	8	70441967	96215547	1	capHir1	4
HOMINIDAE	8	96215547	109016908	-1	capHir1	4
HOMINIDAE	8	109016908	117725086	-1	capHir1	4
HOMINIDAE	8	117725086	118427902	-1	capHir1	4
HOMINIDAE	8	118427902	118808188	1	capHir1	4
HOMINIDAE	8	118808188	123906626	-1	capHir1	4
HOMINIDAE	8	123906626	124466662	1	capHir1	4
HOMINIDAE	8	124466662	131337146	-1	capHir1	22
HOMINIDAE	8	131337146	141711248	1	capHir1	25
HOMINIDAE	8	0	50837647	-1	equCab2	4
HOMINIDAE	8	50837647	60894383	-1	equCab2	4
HOMINIDAE	8	60894383	107399830	1	equCab2	4
HOMINIDAE	8	107399830	123791218	1	equCab2	4
HOMINIDAE	8	123791218	124396751	-1	equCab2	4
HOMINIDAE	8	124396751	124466662	1	equCab2	4
HOMINIDAE	8	124466662	132661564	1	equCab2	4
HOMINIDAE	8	132661564	141711248	-1	equCab2	13
HOMINIDAE	8	0	12708540	-1	galGal3	2
HOMINIDAE	8	12708540	20161848	1	galGal3	1
HOMINIDAE	8	20161848	48780443	1	galGal3	1
HOMINIDAE	8	48780443	69328355	-1	galGal3	1
HOMINIDAE	8	69328355	104730868	1	galGal3	2
HOMINIDAE	8	104730868	108294233	-1	galGal3	2
HOMINIDAE	8	108294233	116699192	1	galGal3	2
HOMINIDAE	8	116699192	123791218	1	galGal3	2
HOMINIDAE	8	136932520	137258967	1	galGal3	19
HOMINIDAE	8	137258967	141711248	1	galGal3	19
HOMINIDAE	8	0	56746549	-1	gorGor3	7
HOMINIDAE	8	56746549	77629024	1	gorGor3	7
HOMINIDAE	8	77629024	137258967	1	gorGor3	7
HOMINIDAE	8	137258967	141711248	-1	gorGor3	7
HOMINIDAE	8	0	56746549	-1	hg19	7
HOMINIDAE	8	56746549	77629024	1	hg19	7
HOMINIDAE	8	77629024	137258967	1	hg19	7
HOMINIDAE	8	137258967	141711248	-1	hg19	7
HOMINIDAE	8	0	1365913	1	mm10	12
HOMINIDAE	8	1365913	7402550	-1	mm10	5
HOMINIDAE	8	7402550	46611638	-1	mm10	6
HOMINIDAE	8	46611638	51550566	1	mm10	12
HOMINIDAE	8	51550566	54085307	1	mm10	12
HOMINIDAE	8	54085307	73644533	-1	mm10	5
HOMINIDAE	8	73644533	83832317	1	mm10	6
HOMINIDAE	8	83832317	91424742	-1	mm10	12
HOMINIDAE	8	91424742	94382226	-1	mm10	12
HOMINIDAE	8	94382226	103297153	1	mm10	6
HOMINIDAE	8	103297153	106854114	1	mm10	9
HOMINIDAE	8	106854114	114537981	-1	mm10	13
HOMINIDAE	8	114537981	134860217	1	mm10	11
HOMINIDAE	8	134860217	141711248	1	mm10	5
HOMINIDAE	8	0	39378918	-1	monDom5	8
HOMINIDAE	8	39378918	40353986	1	monDom5	8
HOMINIDAE	8	40353986	71303216	-1	monDom5	8
HOMINIDAE	8	71303216	77629024	1	monDom5	8
HOMINIDAE	8	77629024	83735874	1	monDom5	8
HOMINIDAE	8	83735874	103194309	-1	monDom5	8
HOMINIDAE	8	103194309	105000862	-1	monDom5	6
HOMINIDAE	8	105000862	108108854	1	monDom5	6
HOMINIDAE	8	108108854	114537981	1	monDom5	6
HOMINIDAE	8	114537981	115505988	1	monDom5	1
HOMINIDAE	8	115505988	123791218	-1	monDom5	6
HOMINIDAE	8	123791218	124434669	1	monDom5	6
HOMINIDAE	8	124434669	124466662	-1	monDom5	6
HOMINIDAE	8	124466662	134411552	-1	monDom5	6
HOMINIDAE	8	134411552	135459043	1	monDom5	4
HOMINIDAE	8	135459043	137258967	-1	monDom5	2
HOMINIDAE	8	137258967	141711248	1	monDom5	2
HOMINIDAE	8	0	56746549	-1	panTro3	7
HOMINIDAE	8	56746549	77629024	1	panTro3	7
HOMINIDAE	8	77629024	110330651	1	panTro3	7
HOMINIDAE	8	110330651	114537981	-1	panTro3	7
HOMINIDAE	8	114537981	123791218	1	panTro3	7
HOMINIDAE	8	123791218	124466662	-1	panTro3	7
HOMINIDAE	8	124466662	137258967	1	panTro3	7
HOMINIDAE	8	137258967	141711248	-1	panTro3	7
HOMINIDAE	8	0	136932520	-1	ponAbe2	7
HOMINIDAE	8	136932520	141711248	1	ponAbe2	7
HOMINIDAE	8	0	1261268	1	rn4	6
HOMINIDAE	8	1261268	6928384	1	rn4	4
HOMINIDAE	8	6928384	46707933	-1	rn4	4
HOMINIDAE	8	46707933	51290240	1	rn4	6
HOMINIDAE	8	51290240	54200944	1	rn4	6
HOMINIDAE	8	54200944	67695418	1	rn4	4
HOMINIDAE	8	67695418	68241321	-1	rn4	4
HOMINIDAE	8	68241321	83714938	1	rn4	4
HOMINIDAE	8	83714938	91416806	-1	rn4	6
HOMINIDAE	8	91416806	94463850	-1	rn4	6
HOMINIDAE	8	94463850	103509228	1	rn4	4
HOMINIDAE	8	103509228	106686828	1	rn4	8
HOMINIDAE	8	106686828	114537981	1	rn4	17
HOMINIDAE	8	114537981	134637283	1	rn4	14
HOMINIDAE	8	134637283	139269164	-1	rn4	12
HOMINIDAE	8	139269164	139887148	1	rn4	12
HOMINIDAE	8	139887148	141711248	-1	rn4	12
HOMINIDAE	8	0	6820891	1	susScr2	18
HOMINIDAE	8	6820891	12675206	1	susScr2	9
HOMINIDAE	8	12675206	50079185	1	susScr2	18
HOMINIDAE	8	50079185	67432502	-1	susScr2	9
HOMINIDAE	8	67432502	95288621	1	susScr2	9
HOMINIDAE	8	95288621	110330651	-1	susScr2	18
HOMINIDAE	8	110330651	118730454	-1	susScr2	18
HOMINIDAE	8	118730454	123791218	1	susScr2	9
HOMINIDAE	8	123791218	124005424	1	susScr2	9
HOMINIDAE	8	124005424	124466662	-1	susScr2	9
HOMINIDAE	8	124466662	129836815	1	susScr2	9
HOMINIDAE	8	129836815	141711248	-1	susScr2	3
HOMINIDAE	8	0	40495227	-1	bosTau7	4
HOMINIDAE	8	40495227	50317063	1	bosTau7	4
HOMINIDAE	8	50317063	68026520	-1	bosTau7	4
HOMINIDAE	8	68026520	70519469	1	bosTau7	4
HOMINIDAE	8	70519469	71821531	-1	bosTau7	4
HOMINIDAE	8	71821531	95908989	1	bosTau7	4
HOMINIDAE	8	95908989	108562687	-1	bosTau7	4
HOMINIDAE	8	108562687	117754791	-1	bosTau7	4
HOMINIDAE	8	117754791	118418683	1	bosTau7	4
HOMINIDAE	8	118418683	120238743	-1	bosTau7	4
HOMINIDAE	8	120238743	120566869	1	bosTau7	4
HOMINIDAE	8	120566869	123791218	-1	bosTau7	4
HOMINIDAE	8	123791218	124056897	1	bosTau7	4
HOMINIDAE	8	124056897	124123499	-1	bosTau7	4
HOMINIDAE	8	124123499	124466662	1	bosTau7	4
HOMINIDAE	8	124466662	130353146	-1	bosTau7	4
HOMINIDAE	8	130353146	133619836	-1	bosTau7	22
HOMINIDAE	8	133619836	141711248	1	bosTau7	25
HOMINIDAE	8	0	40640953	1	calJac3	8
HOMINIDAE	8	40640953	103004876	-1	calJac3	8
HOMINIDAE	8	103004876	123791218	1	calJac3	8
HOMINIDAE	8	123791218	124466662	-1	calJac3	8
HOMINIDAE	8	124466662	132893870	1	calJac3	8
HOMINIDAE	8	132893870	141711248	1	calJac3	2
HOMINIDAE	8	0	9268592	-1	canFam2	16
HOMINIDAE	8	9268592	24153000	1	canFam2	16
HOMINIDAE	8	24153000	36118523	1	canFam2	14
HOMINIDAE	8	36118523	49934314	-1	canFam2	14
HOMINIDAE	8	49934314	65608902	1	canFam2	18
HOMINIDAE	8	65608902	107983807	1	canFam2	14
HOMINIDAE	8	107983807	114537981	-1	canFam2	18
HOMINIDAE	8	114537981	116565776	-1	canFam2	16
HOMINIDAE	8	116565776	123791218	1	canFam2	18
HOMINIDAE	8	123791218	124387160	-1	canFam2	18
HOMINIDAE	8	124387160	124466662	1	canFam2	18
HOMINIDAE	8	124466662	132782255	1	canFam2	18
HOMINIDAE	8	132782255	141711248	1	canFam2	6
HOMINIDAE	8	0	41391443	-1	capHir1	4
HOMINIDAE	8	41391443	50181764	1	capHir1	4
HOMINIDAE	8	50181764	68055230	-1	capHir1	4
HOMINIDAE	8	68055230	70441967	1	capHir1	4
HOMINIDAE	8	70441967	96215547	1	capHir1	4
HOMINIDAE	8	96215547	109016908	-1	capHir1	4
HOMINIDAE	8	109016908	117725086	-1	capHir1	4
HOMINIDAE	8	117725086	118427902	-1	capHir1	4
HOMINIDAE	8	118427902	118808188	1	capHir1	4
HOMINIDAE	8	118808188	123906626	-1	capHir1	4
HOMINIDAE	8	123906626	124466662	1	capHir1	4
HOMINIDAE	8	124466662	131337146	-1	capHir1	22
HOMINIDAE	8	131337146	141711248	1	capHir1	25
HOMINIDAE	8	0	50837647	-1	equCab2	4
HOMINIDAE	8	50837647	60894383	-1	equCab2	4
HOMINIDAE	8	60894383	107399830	1	equCab2	4
HOMINIDAE	8	107399830	123791218	1	equCab2	4
HOMINIDAE	8	123791218	124396751	-1	equCab2	4
HOMINIDAE	8	124396751	124466662	1	equCab2	4
HOMINIDAE	8	124466662	132661564	1	equCab2	4
HOMINIDAE	8	132661564	141711248	-1	equCab2	13
HOMINIDAE	8	0	12708540	-1	galGal3	2
HOMINIDAE	8	12708540	20161848	1	galGal3	1
HOMINIDAE	8	20161848	48780443	1	galGal3	1
HOMINIDAE	8	48780443	69328355	-1	galGal3	1
HOMINIDAE	8	69328355	104730868	1	galGal3	2
HOMINIDAE	8	104730868	108294233	-1	galGal3	2
HOMINIDAE	8	108294233	116699192	1	galGal3	2
HOMINIDAE	8	116699192	123791218	1	galGal3	2
HOMINIDAE	8	136932520	137258967	1	galGal3	19
HOMINIDAE	8	137258967	141711248	1	galGal3	19
HOMINIDAE	8	0	56746549	-1	gorGor3	7
HOMINIDAE	8	56746549	77629024	1	gorGor3	7
HOMINIDAE	8	77629024	137258967	1	gorGor3	7
HOMINIDAE	8	137258967	141711248	-1	gorGor3	7
HOMINIDAE	8	0	56746549	-1	hg19	7
HOMINIDAE	8	56746549	77629024	1	hg19	7
HOMINIDAE	8	77629024	137258967	1	hg19	7
HOMINIDAE	8	137258967	141711248	-1	hg19	7
HOMINIDAE	8	0	1365913	1	mm10	12
HOMINIDAE	8	1365913	7402550	-1	mm10	5
HOMINIDAE	8	7402550	46611638	-1	mm10	6
HOMINIDAE	8	46611638	51550566	1	mm10	12
HOMINIDAE	8	51550566	54085307	1	mm10	12
HOMINIDAE	8	54085307	73644533	-1	mm10	5
HOMINIDAE	8	73644533	83832317	1	mm10	6
HOMINIDAE	8	83832317	91424742	-1	mm10	12
HOMINIDAE	8	91424742	94382226	-1	mm10	12
HOMINIDAE	8	94382226	103297153	1	mm10	6
HOMINIDAE	8	103297153	106854114	1	mm10	9
HOMINIDAE	8	106854114	114537981	-1	mm10	13
HOMINIDAE	8	114537981	134860217	1	mm10	11
HOMINIDAE	8	134860217	141711248	1	mm10	5
HOMINIDAE	8	0	39378918	-1	monDom5	8
HOMINIDAE	8	39378918	40353986	1	monDom5	8
HOMINIDAE	8	40353986	71303216	-1	monDom5	8
HOMINIDAE	8	71303216	77629024	1	monDom5	8
HOMINIDAE	8	77629024	83735874	1	monDom5	8
HOMINIDAE	8	83735874	103194309	-1	monDom5	8
HOMINIDAE	8	103194309	105000862	-1	monDom5	6
HOMINIDAE	8	105000862	108108854	1	monDom5	6
HOMINIDAE	8	108108854	114537981	1	monDom5	6
HOMINIDAE	8	114537981	115505988	1	monDom5	1
HOMINIDAE	8	115505988	123791218	-1	monDom5	6
HOMINIDAE	8	123791218	124434669	1	monDom5	6
HOMINIDAE	8	124434669	124466662	-1	monDom5	6
HOMINIDAE	8	124466662	134411552	-1	monDom5	6
HOMINIDAE	8	134411552	135459043	1	monDom5	4
HOMINIDAE	8	135459043	137258967	-1	monDom5	2
HOMINIDAE	8	137258967	141711248	1	monDom5	2
HOMINIDAE	8	0	56746549	-1	panTro3	7
HOMINIDAE	8	56746549	77629024	1	panTro3	7
HOMINIDAE	8	77629024	110330651	1	panTro3	7
HOMINIDAE	8	110330651	114537981	-1	panTro3	7
HOMINIDAE	8	114537981	123791218	1	panTro3	7
HOMINIDAE	8	123791218	124466662	-1	panTro3	7
HOMINIDAE	8	124466662	137258967	1	panTro3	7
HOMINIDAE	8	137258967	141711248	-1	panTro3	7
HOMINIDAE	8	0	136932520	-1	ponAbe2	7
HOMINIDAE	8	136932520	141711248	1	ponAbe2	7
HOMINIDAE	8	0	1261268	1	rn4	6
HOMINIDAE	8	1261268	6928384	1	rn4	4
HOMINIDAE	8	6928384	46707933	-1	rn4	4
HOMINIDAE	8	46707933	51290240	1	rn4	6
HOMINIDAE	8	51290240	54200944	1	rn4	6
HOMINIDAE	8	54200944	67695418	1	rn4	4
HOMINIDAE	8	67695418	68241321	-1	rn4	4
HOMINIDAE	8	68241321	83714938	1	rn4	4
HOMINIDAE	8	83714938	91416806	-1	rn4	6
HOMINIDAE	8	91416806	94463850	-1	rn4	6
HOMINIDAE	8	94463850	103509228	1	rn4	4
HOMINIDAE	8	103509228	106686828	1	rn4	8
HOMINIDAE	8	106686828	114537981	1	rn4	17
HOMINIDAE	8	114537981	134637283	1	rn4	14
HOMINIDAE	8	134637283	139269164	-1	rn4	12
HOMINIDAE	8	139269164	139887148	1	rn4	12
HOMINIDAE	8	139887148	141711248	-1	rn4	12
HOMINIDAE	8	0	6820891	1	susScr2	18
HOMINIDAE	8	6820891	12675206	1	susScr2	9
HOMINIDAE	8	12675206	50079185	1	susScr2	18
HOMINIDAE	8	50079185	67432502	-1	susScr2	9
HOMINIDAE	8	67432502	95288621	1	susScr2	9
HOMINIDAE	8	95288621	110330651	-1	susScr2	18
HOMINIDAE	8	110330651	118730454	-1	susScr2	18
HOMINIDAE	8	118730454	123791218	1	susScr2	9
HOMINIDAE	8	123791218	124005424	1	susScr2	9
HOMINIDAE	8	124005424	124466662	-1	susScr2	9
HOMINIDAE	8	124466662	129836815	1	susScr2	9
HOMINIDAE	8	129836815	141711248	-1	susScr2	3
HOMINIDAE	8	0	40495227	-1	bosTau7	4
HOMINIDAE	8	40495227	50317063	1	bosTau7	4
HOMINIDAE	8	50317063	68026520	-1	bosTau7	4
HOMINIDAE	8	68026520	70519469	1	bosTau7	4
HOMINIDAE	8	70519469	71821531	-1	bosTau7	4
HOMINIDAE	8	71821531	95908989	1	bosTau7	4
HOMINIDAE	8	95908989	108562687	-1	bosTau7	4
HOMINIDAE	8	108562687	117754791	-1	bosTau7	4
HOMINIDAE	8	117754791	118418683	1	bosTau7	4
HOMINIDAE	8	118418683	120238743	-1	bosTau7	4
HOMINIDAE	8	120238743	120566869	1	bosTau7	4
HOMINIDAE	8	120566869	123791218	-1	bosTau7	4
HOMINIDAE	8	123791218	124056897	1	bosTau7	4
HOMINIDAE	8	124056897	124123499	-1	bosTau7	4
HOMINIDAE	8	124123499	124466662	1	bosTau7	4
HOMINIDAE	8	124466662	130353146	-1	bosTau7	4
HOMINIDAE	8	130353146	133619836	-1	bosTau7	22
HOMINIDAE	8	133619836	141711248	1	bosTau7	25
HOMINIDAE	8	0	40640953	1	calJac3	8
HOMINIDAE	8	40640953	103004876	-1	calJac3	8
HOMINIDAE	8	103004876	123791218	1	calJac3	8
HOMINIDAE	8	123791218	124466662	-1	calJac3	8
HOMINIDAE	8	124466662	132893870	1	calJac3	8
HOMINIDAE	8	132893870	141711248	1	calJac3	2
HOMINIDAE	8	0	9268592	-1	canFam2	16
HOMINIDAE	8	9268592	24153000	1	canFam2	16
HOMINIDAE	8	24153000	36118523	1	canFam2	14
HOMINIDAE	8	36118523	49934314	-1	canFam2	14
HOMINIDAE	8	49934314	65608902	1	canFam2	18
HOMINIDAE	8	65608902	107983807	1	canFam2	14
HOMINIDAE	8	107983807	114537981	-1	canFam2	18
HOMINIDAE	8	114537981	116565776	-1	canFam2	16
HOMINIDAE	8	116565776	123791218	1	canFam2	18
HOMINIDAE	8	123791218	124387160	-1	canFam2	18
HOMINIDAE	8	124387160	124466662	1	canFam2	18
HOMINIDAE	8	124466662	132782255	1	canFam2	18
HOMINIDAE	8	132782255	141711248	1	canFam2	6
HOMINIDAE	8	0	41391443	-1	capHir1	4
HOMINIDAE	8	41391443	50181764	1	capHir1	4
HOMINIDAE	8	50181764	68055230	-1	capHir1	4
HOMINIDAE	8	68055230	70441967	1	capHir1	4
HOMINIDAE	8	70441967	96215547	1	capHir1	4
HOMINIDAE	8	96215547	109016908	-1	capHir1	4
HOMINIDAE	8	109016908	117725086	-1	capHir1	4
HOMINIDAE	8	117725086	118427902	-1	capHir1	4
HOMINIDAE	8	118427902	118808188	1	capHir1	4
HOMINIDAE	8	118808188	123906626	-1	capHir1	4
HOMINIDAE	8	123906626	124466662	1	capHir1	4
HOMINIDAE	8	124466662	131337146	-1	capHir1	22
HOMINIDAE	8	131337146	141711248	1	capHir1	25
HOMINIDAE	8	0	50837647	-1	equCab2	4
HOMINIDAE	8	50837647	60894383	-1	equCab2	4
HOMINIDAE	8	60894383	107399830	1	equCab2	4
HOMINIDAE	8	107399830	123791218	1	equCab2	4
HOMINIDAE	8	123791218	124396751	-1	equCab2	4
HOMINIDAE	8	124396751	124466662	1	equCab2	4
HOMINIDAE	8	124466662	132661564	1	equCab2	4
HOMINIDAE	8	132661564	141711248	-1	equCab2	13
HOMINIDAE	8	0	12708540	-1	galGal3	2
HOMINIDAE	8	12708540	20161848	1	galGal3	1
HOMINIDAE	8	20161848	48780443	1	galGal3	1
HOMINIDAE	8	48780443	69328355	-1	galGal3	1
HOMINIDAE	8	69328355	104730868	1	galGal3	2
HOMINIDAE	8	104730868	108294233	-1	galGal3	2
HOMINIDAE	8	108294233	116699192	1	galGal3	2
HOMINIDAE	8	116699192	123791218	1	galGal3	2
HOMINIDAE	8	136932520	137258967	1	galGal3	19
HOMINIDAE	8	137258967	141711248	1	galGal3	19
HOMINIDAE	8	0	56746549	-1	gorGor3	7
HOMINIDAE	8	56746549	77629024	1	gorGor3	7
HOMINIDAE	8	77629024	137258967	1	gorGor3	7
HOMINIDAE	8	137258967	141711248	-1	gorGor3	7
HOMINIDAE	8	0	56746549	-1	hg19	7
HOMINIDAE	8	56746549	77629024	1	hg19	7
HOMINIDAE	8	77629024	137258967	1	hg19	7
HOMINIDAE	8	137258967	141711248	-1	hg19	7
HOMINIDAE	8	0	1365913	1	mm10	12
HOMINIDAE	8	1365913	7402550	-1	mm10	5
HOMINIDAE	8	7402550	46611638	-1	mm10	6
HOMINIDAE	8	46611638	51550566	1	mm10	12
HOMINIDAE	8	51550566	54085307	1	mm10	12
HOMINIDAE	8	54085307	73644533	-1	mm10	5
HOMINIDAE	8	73644533	83832317	1	mm10	6
HOMINIDAE	8	83832317	91424742	-1	mm10	12
HOMINIDAE	8	91424742	94382226	-1	mm10	12
HOMINIDAE	8	94382226	103297153	1	mm10	6
HOMINIDAE	8	103297153	106854114	1	mm10	9
HOMINIDAE	8	106854114	114537981	-1	mm10	13
HOMINIDAE	8	114537981	134860217	1	mm10	11
HOMINIDAE	8	134860217	141711248	1	mm10	5
HOMINIDAE	8	0	39378918	-1	monDom5	8
HOMINIDAE	8	39378918	40353986	1	monDom5	8
HOMINIDAE	8	40353986	71303216	-1	monDom5	8
HOMINIDAE	8	71303216	77629024	1	monDom5	8
HOMINIDAE	8	77629024	83735874	1	monDom5	8
HOMINIDAE	8	83735874	103194309	-1	monDom5	8
HOMINIDAE	8	103194309	105000862	-1	monDom5	6
HOMINIDAE	8	105000862	108108854	1	monDom5	6
HOMINIDAE	8	108108854	114537981	1	monDom5	6
HOMINIDAE	8	114537981	115505988	1	monDom5	1
HOMINIDAE	8	115505988	123791218	-1	monDom5	6
HOMINIDAE	8	123791218	124434669	1	monDom5	6
HOMINIDAE	8	124434669	124466662	-1	monDom5	6
HOMINIDAE	8	124466662	134411552	-1	monDom5	6
HOMINIDAE	8	134411552	135459043	1	monDom5	4
HOMINIDAE	8	135459043	137258967	-1	monDom5	2
HOMINIDAE	8	137258967	141711248	1	monDom5	2
HOMINIDAE	8	0	56746549	-1	panTro3	7
HOMINIDAE	8	56746549	77629024	1	panTro3	7
HOMINIDAE	8	77629024	110330651	1	panTro3	7
HOMINIDAE	8	110330651	114537981	-1	panTro3	7
HOMINIDAE	8	114537981	123791218	1	panTro3	7
HOMINIDAE	8	123791218	124466662	-1	panTro3	7
HOMINIDAE	8	124466662	137258967	1	panTro3	7
HOMINIDAE	8	137258967	141711248	-1	panTro3	7
HOMINIDAE	8	0	136932520	-1	ponAbe2	7
HOMINIDAE	8	136932520	141711248	1	ponAbe2	7
HOMINIDAE	8	0	1261268	1	rn4	6
HOMINIDAE	8	1261268	6928384	1	rn4	4
HOMINIDAE	8	6928384	46707933	-1	rn4	4
HOMINIDAE	8	46707933	51290240	1	rn4	6
HOMINIDAE	8	51290240	54200944	1	rn4	6
HOMINIDAE	8	54200944	67695418	1	rn4	4
HOMINIDAE	8	67695418	68241321	-1	rn4	4
HOMINIDAE	8	68241321	83714938	1	rn4	4
HOMINIDAE	8	83714938	91416806	-1	rn4	6
HOMINIDAE	8	91416806	94463850	-1	rn4	6
HOMINIDAE	8	94463850	103509228	1	rn4	4
HOMINIDAE	8	103509228	106686828	1	rn4	8
HOMINIDAE	8	106686828	114537981	1	rn4	17
HOMINIDAE	8	114537981	134637283	1	rn4	14
HOMINIDAE	8	134637283	139269164	-1	rn4	12
HOMINIDAE	8	139269164	139887148	1	rn4	12
HOMINIDAE	8	139887148	141711248	-1	rn4	12
HOMINIDAE	8	0	6820891	1	susScr2	18
HOMINIDAE	8	6820891	12675206	1	susScr2	9
HOMINIDAE	8	12675206	50079185	1	susScr2	18
HOMINIDAE	8	50079185	67432502	-1	susScr2	9
HOMINIDAE	8	67432502	95288621	1	susScr2	9
HOMINIDAE	8	95288621	110330651	-1	susScr2	18
HOMINIDAE	8	110330651	118730454	-1	susScr2	18
HOMINIDAE	8	118730454	123791218	1	susScr2	9
HOMINIDAE	8	123791218	124005424	1	susScr2	9
HOMINIDAE	8	124005424	124466662	-1	susScr2	9
HOMINIDAE	8	124466662	129836815	1	susScr2	9
HOMINIDAE	8	129836815	141711248	-1	susScr2	3
HOMINIDAE	8	0	40495227	-1	bosTau7	4
HOMINIDAE	8	40495227	50317063	1	bosTau7	4
HOMINIDAE	8	50317063	68026520	-1	bosTau7	4
HOMINIDAE	8	68026520	70519469	1	bosTau7	4
HOMINIDAE	8	70519469	71821531	-1	bosTau7	4
HOMINIDAE	8	71821531	95908989	1	bosTau7	4
HOMINIDAE	8	95908989	108562687	-1	bosTau7	4
HOMINIDAE	8	108562687	117754791	-1	bosTau7	4
HOMINIDAE	8	117754791	118418683	1	bosTau7	4
HOMINIDAE	8	118418683	120238743	-1	bosTau7	4
HOMINIDAE	8	120238743	120566869	1	bosTau7	4
HOMINIDAE	8	120566869	123791218	-1	bosTau7	4
HOMINIDAE	8	123791218	124056897	1	bosTau7	4
HOMINIDAE	8	124056897	124123499	-1	bosTau7	4
HOMINIDAE	8	124123499	124466662	1	bosTau7	4
HOMINIDAE	8	124466662	130353146	-1	bosTau7	4
HOMINIDAE	8	130353146	133619836	-1	bosTau7	22
HOMINIDAE	8	133619836	141711248	1	bosTau7	25
HOMINIDAE	8	0	40640953	1	calJac3	8
HOMINIDAE	8	40640953	103004876	-1	calJac3	8
HOMINIDAE	8	103004876	123791218	1	calJac3	8
HOMINIDAE	8	123791218	124466662	-1	calJac3	8
HOMINIDAE	8	124466662	132893870	1	calJac3	8
HOMINIDAE	8	132893870	141711248	1	calJac3	2
HOMINIDAE	8	0	9268592	-1	canFam2	16
HOMINIDAE	8	9268592	24153000	1	canFam2	16
HOMINIDAE	8	24153000	36118523	1	canFam2	14
HOMINIDAE	8	36118523	49934314	-1	canFam2	14
HOMINIDAE	8	49934314	65608902	1	canFam2	18
HOMINIDAE	8	65608902	107983807	1	canFam2	14
HOMINIDAE	8	107983807	114537981	-1	canFam2	18
HOMINIDAE	8	114537981	116565776	-1	canFam2	16
HOMINIDAE	8	116565776	123791218	1	canFam2	18
HOMINIDAE	8	123791218	124387160	-1	canFam2	18
HOMINIDAE	8	124387160	124466662	1	canFam2	18
HOMINIDAE	8	124466662	132782255	1	canFam2	18
HOMINIDAE	8	132782255	141711248	1	canFam2	6
HOMINIDAE	8	0	41391443	-1	capHir1	4
HOMINIDAE	8	41391443	50181764	1	capHir1	4
HOMINIDAE	8	50181764	68055230	-1	capHir1	4
HOMINIDAE	8	68055230	70441967	1	capHir1	4
HOMINIDAE	8	70441967	96215547	1	capHir1	4
HOMINIDAE	8	96215547	109016908	-1	capHir1	4
HOMINIDAE	8	109016908	117725086	-1	capHir1	4
HOMINIDAE	8	117725086	118427902	-1	capHir1	4
HOMINIDAE	8	118427902	118808188	1	capHir1	4
HOMINIDAE	8	118808188	123906626	-1	capHir1	4
HOMINIDAE	8	123906626	124466662	1	capHir1	4
HOMINIDAE	8	124466662	131337146	-1	capHir1	22
HOMINIDAE	8	131337146	141711248	1	capHir1	25
HOMINIDAE	8	0	50837647	-1	equCab2	4
HOMINIDAE	8	50837647	60894383	-1	equCab2	4
HOMINIDAE	8	60894383	107399830	1	equCab2	4
HOMINIDAE	8	107399830	123791218	1	equCab2	4
HOMINIDAE	8	123791218	124396751	-1	equCab2	4
HOMINIDAE	8	124396751	124466662	1	equCab2	4
HOMINIDAE	8	124466662	132661564	1	equCab2	4
HOMINIDAE	8	132661564	141711248	-1	equCab2	13
HOMINIDAE	8	0	12708540	-1	galGal3	2
HOMINIDAE	8	12708540	20161848	1	galGal3	1
HOMINIDAE	8	20161848	48780443	1	galGal3	1
HOMINIDAE	8	48780443	69328355	-1	galGal3	1
HOMINIDAE	8	69328355	104730868	1	galGal3	2
HOMINIDAE	8	104730868	108294233	-1	galGal3	2
HOMINIDAE	8	108294233	116699192	1	galGal3	2
HOMINIDAE	8	116699192	123791218	1	galGal3	2
HOMINIDAE	8	136932520	137258967	1	galGal3	19
HOMINIDAE	8	137258967	141711248	1	galGal3	19
HOMINIDAE	8	0	56746549	-1	gorGor3	7
HOMINIDAE	8	56746549	77629024	1	gorGor3	7
HOMINIDAE	8	77629024	137258967	1	gorGor3	7
HOMINIDAE	8	137258967	141711248	-1	gorGor3	7
HOMINIDAE	8	0	56746549	-1	hg19	7
HOMINIDAE	8	56746549	77629024	1	hg19	7
HOMINIDAE	8	77629024	137258967	1	hg19	7
HOMINIDAE	8	137258967	141711248	-1	hg19	7
HOMINIDAE	8	0	1365913	1	mm10	12
HOMINIDAE	8	1365913	7402550	-1	mm10	5
HOMINIDAE	8	7402550	46611638	-1	mm10	6
HOMINIDAE	8	46611638	51550566	1	mm10	12
HOMINIDAE	8	51550566	54085307	1	mm10	12
HOMINIDAE	8	54085307	73644533	-1	mm10	5
HOMINIDAE	8	73644533	83832317	1	mm10	6
HOMINIDAE	8	83832317	91424742	-1	mm10	12
HOMINIDAE	8	91424742	94382226	-1	mm10	12
HOMINIDAE	8	94382226	103297153	1	mm10	6
HOMINIDAE	8	103297153	106854114	1	mm10	9
HOMINIDAE	8	106854114	114537981	-1	mm10	13
HOMINIDAE	8	114537981	134860217	1	mm10	11
HOMINIDAE	8	134860217	141711248	1	mm10	5
HOMINIDAE	8	0	39378918	-1	monDom5	8
HOMINIDAE	8	39378918	40353986	1	monDom5	8
HOMINIDAE	8	40353986	71303216	-1	monDom5	8
HOMINIDAE	8	71303216	77629024	1	monDom5	8
HOMINIDAE	8	77629024	83735874	1	monDom5	8
HOMINIDAE	8	83735874	103194309	-1	monDom5	8
HOMINIDAE	8	103194309	105000862	-1	monDom5	6
HOMINIDAE	8	105000862	108108854	1	monDom5	6
HOMINIDAE	8	108108854	114537981	1	monDom5	6
HOMINIDAE	8	114537981	115505988	1	monDom5	1
HOMINIDAE	8	115505988	123791218	-1	monDom5	6
HOMINIDAE	8	123791218	124434669	1	monDom5	6
HOMINIDAE	8	124434669	124466662	-1	monDom5	6
HOMINIDAE	8	124466662	134411552	-1	monDom5	6
HOMINIDAE	8	134411552	135459043	1	monDom5	4
HOMINIDAE	8	135459043	137258967	-1	monDom5	2
HOMINIDAE	8	137258967	141711248	1	monDom5	2
HOMINIDAE	8	0	56746549	-1	panTro3	7
HOMINIDAE	8	56746549	77629024	1	panTro3	7
HOMINIDAE	8	77629024	110330651	1	panTro3	7
HOMINIDAE	8	110330651	114537981	-1	panTro3	7
HOMINIDAE	8	114537981	123791218	1	panTro3	7
HOMINIDAE	8	123791218	124466662	-1	panTro3	7
HOMINIDAE	8	124466662	137258967	1	panTro3	7
HOMINIDAE	8	137258967	141711248	-1	panTro3	7
HOMINIDAE	8	0	136932520	-1	ponAbe2	7
HOMINIDAE	8	136932520	141711248	1	ponAbe2	7
HOMINIDAE	8	0	1261268	1	rn4	6
HOMINIDAE	8	1261268	6928384	1	rn4	4
HOMINIDAE	8	6928384	46707933	-1	rn4	4
HOMINIDAE	8	46707933	51290240	1	rn4	6
HOMINIDAE	8	51290240	54200944	1	rn4	6
HOMINIDAE	8	54200944	67695418	1	rn4	4
HOMINIDAE	8	67695418	68241321	-1	rn4	4
HOMINIDAE	8	68241321	83714938	1	rn4	4
HOMINIDAE	8	83714938	91416806	-1	rn4	6
HOMINIDAE	8	91416806	94463850	-1	rn4	6
HOMINIDAE	8	94463850	103509228	1	rn4	4
HOMINIDAE	8	103509228	106686828	1	rn4	8
HOMINIDAE	8	106686828	114537981	1	rn4	17
HOMINIDAE	8	114537981	134637283	1	rn4	14
HOMINIDAE	8	134637283	139269164	-1	rn4	12
HOMINIDAE	8	139269164	139887148	1	rn4	12
HOMINIDAE	8	139887148	141711248	-1	rn4	12
HOMINIDAE	8	0	6820891	1	susScr2	18
HOMINIDAE	8	6820891	12675206	1	susScr2	9
HOMINIDAE	8	12675206	50079185	1	susScr2	18
HOMINIDAE	8	50079185	67432502	-1	susScr2	9
HOMINIDAE	8	67432502	95288621	1	susScr2	9
HOMINIDAE	8	95288621	110330651	-1	susScr2	18
HOMINIDAE	8	110330651	118730454	-1	susScr2	18
HOMINIDAE	8	118730454	123791218	1	susScr2	9
HOMINIDAE	8	123791218	124005424	1	susScr2	9
HOMINIDAE	8	124005424	124466662	-1	susScr2	9
HOMINIDAE	8	124466662	129836815	1	susScr2	9
HOMINIDAE	8	129836815	141711248	-1	susScr2	3
HOMINIDAE	8	0	40495227	-1	bosTau7	4
HOMINIDAE	8	40495227	50317063	1	bosTau7	4
HOMINIDAE	8	50317063	68026520	-1	bosTau7	4
HOMINIDAE	8	68026520	70519469	1	bosTau7	4
HOMINIDAE	8	70519469	71821531	-1	bosTau7	4
HOMINIDAE	8	71821531	95908989	1	bosTau7	4
HOMINIDAE	8	95908989	108562687	-1	bosTau7	4
HOMINIDAE	8	108562687	117754791	-1	bosTau7	4
HOMINIDAE	8	117754791	118418683	1	bosTau7	4
HOMINIDAE	8	118418683	120238743	-1	bosTau7	4
HOMINIDAE	8	120238743	120566869	1	bosTau7	4
HOMINIDAE	8	120566869	123791218	-1	bosTau7	4
HOMINIDAE	8	123791218	124056897	1	bosTau7	4
HOMINIDAE	8	124056897	124123499	-1	bosTau7	4
HOMINIDAE	8	124123499	124466662	1	bosTau7	4
HOMINIDAE	8	124466662	130353146	-1	bosTau7	4
HOMINIDAE	8	130353146	133619836	-1	bosTau7	22
HOMINIDAE	8	133619836	141711248	1	bosTau7	25
HOMINIDAE	8	0	40640953	1	calJac3	8
HOMINIDAE	8	40640953	103004876	-1	calJac3	8
HOMINIDAE	8	103004876	123791218	1	calJac3	8
HOMINIDAE	8	123791218	124466662	-1	calJac3	8
HOMINIDAE	8	124466662	132893870	1	calJac3	8
HOMINIDAE	8	132893870	141711248	1	calJac3	2
HOMINIDAE	8	0	9268592	-1	canFam2	16
HOMINIDAE	8	9268592	24153000	1	canFam2	16
HOMINIDAE	8	24153000	36118523	1	canFam2	14
HOMINIDAE	8	36118523	49934314	-1	canFam2	14
HOMINIDAE	8	49934314	65608902	1	canFam2	18
HOMINIDAE	8	65608902	107983807	1	canFam2	14
HOMINIDAE	8	107983807	114537981	-1	canFam2	18
HOMINIDAE	8	114537981	116565776	-1	canFam2	16
HOMINIDAE	8	116565776	123791218	1	canFam2	18
HOMINIDAE	8	123791218	124387160	-1	canFam2	18
HOMINIDAE	8	124387160	124466662	1	canFam2	18
HOMINIDAE	8	124466662	132782255	1	canFam2	18
HOMINIDAE	8	132782255	141711248	1	canFam2	6
HOMINIDAE	8	0	41391443	-1	capHir1	4
HOMINIDAE	8	41391443	50181764	1	capHir1	4
HOMINIDAE	8	50181764	68055230	-1	capHir1	4
HOMINIDAE	8	68055230	70441967	1	capHir1	4
HOMINIDAE	8	70441967	96215547	1	capHir1	4
HOMINIDAE	8	96215547	109016908	-1	capHir1	4
HOMINIDAE	8	109016908	117725086	-1	capHir1	4
HOMINIDAE	8	117725086	118427902	-1	capHir1	4
HOMINIDAE	8	118427902	118808188	1	capHir1	4
HOMINIDAE	8	118808188	123906626	-1	capHir1	4
HOMINIDAE	8	123906626	124466662	1	capHir1	4
HOMINIDAE	8	124466662	131337146	-1	capHir1	22
HOMINIDAE	8	131337146	141711248	1	capHir1	25
HOMINIDAE	8	0	50837647	-1	equCab2	4
HOMINIDAE	8	50837647	60894383	-1	equCab2	4
HOMINIDAE	8	60894383	107399830	1	equCab2	4
HOMINIDAE	8	107399830	123791218	1	equCab2	4
HOMINIDAE	8	123791218	124396751	-1	equCab2	4
HOMINIDAE	8	124396751	124466662	1	equCab2	4
HOMINIDAE	8	124466662	132661564	1	equCab2	4
HOMINIDAE	8	132661564	141711248	-1	equCab2	13
HOMINIDAE	8	0	12708540	-1	galGal3	2
HOMINIDAE	8	12708540	20161848	1	galGal3	1
HOMINIDAE	8	20161848	48780443	1	galGal3	1
HOMINIDAE	8	48780443	69328355	-1	galGal3	1
HOMINIDAE	8	69328355	104730868	1	galGal3	2
HOMINIDAE	8	104730868	108294233	-1	galGal3	2
HOMINIDAE	8	108294233	116699192	1	galGal3	2
HOMINIDAE	8	116699192	123791218	1	galGal3	2
HOMINIDAE	8	136932520	137258967	1	galGal3	19
HOMINIDAE	8	137258967	141711248	1	galGal3	19
HOMINIDAE	8	0	56746549	-1	gorGor3	7
HOMINIDAE	8	56746549	77629024	1	gorGor3	7
HOMINIDAE	8	77629024	137258967	1	gorGor3	7
HOMINIDAE	8	137258967	141711248	-1	gorGor3	7
HOMINIDAE	8	0	56746549	-1	hg19	7
HOMINIDAE	8	56746549	77629024	1	hg19	7
HOMINIDAE	8	77629024	137258967	1	hg19	7
HOMINIDAE	8	137258967	141711248	-1	hg19	7
HOMINIDAE	8	0	1365913	1	mm10	12
HOMINIDAE	8	1365913	7402550	-1	mm10	5
HOMINIDAE	8	7402550	46611638	-1	mm10	6
HOMINIDAE	8	46611638	51550566	1	mm10	12
HOMINIDAE	8	51550566	54085307	1	mm10	12
HOMINIDAE	8	54085307	73644533	-1	mm10	5
HOMINIDAE	8	73644533	83832317	1	mm10	6
HOMINIDAE	8	83832317	91424742	-1	mm10	12
HOMINIDAE	8	91424742	94382226	-1	mm10	12
HOMINIDAE	8	94382226	103297153	1	mm10	6
HOMINIDAE	8	103297153	106854114	1	mm10	9
HOMINIDAE	8	106854114	114537981	-1	mm10	13
HOMINIDAE	8	114537981	134860217	1	mm10	11
HOMINIDAE	8	134860217	141711248	1	mm10	5
HOMINIDAE	8	0	39378918	-1	monDom5	8
HOMINIDAE	8	39378918	40353986	1	monDom5	8
HOMINIDAE	8	40353986	71303216	-1	monDom5	8
HOMINIDAE	8	71303216	77629024	1	monDom5	8
HOMINIDAE	8	77629024	83735874	1	monDom5	8
HOMINIDAE	8	83735874	103194309	-1	monDom5	8
HOMINIDAE	8	103194309	105000862	-1	monDom5	6
HOMINIDAE	8	105000862	108108854	1	monDom5	6
HOMINIDAE	8	108108854	114537981	1	monDom5	6
HOMINIDAE	8	114537981	115505988	1	monDom5	1
HOMINIDAE	8	115505988	123791218	-1	monDom5	6
HOMINIDAE	8	123791218	124434669	1	monDom5	6
HOMINIDAE	8	124434669	124466662	-1	monDom5	6
HOMINIDAE	8	124466662	134411552	-1	monDom5	6
HOMINIDAE	8	134411552	135459043	1	monDom5	4
HOMINIDAE	8	135459043	137258967	-1	monDom5	2
HOMINIDAE	8	137258967	141711248	1	monDom5	2
HOMINIDAE	8	0	56746549	-1	panTro3	7
HOMINIDAE	8	56746549	77629024	1	panTro3	7
HOMINIDAE	8	77629024	110330651	1	panTro3	7
HOMINIDAE	8	110330651	114537981	-1	panTro3	7
HOMINIDAE	8	114537981	123791218	1	panTro3	7
HOMINIDAE	8	123791218	124466662	-1	panTro3	7
HOMINIDAE	8	124466662	137258967	1	panTro3	7
HOMINIDAE	8	137258967	141711248	-1	panTro3	7
HOMINIDAE	8	0	136932520	-1	ponAbe2	7
HOMINIDAE	8	136932520	141711248	1	ponAbe2	7
HOMINIDAE	8	0	1261268	1	rn4	6
HOMINIDAE	8	1261268	6928384	1	rn4	4
HOMINIDAE	8	6928384	46707933	-1	rn4	4
HOMINIDAE	8	46707933	51290240	1	rn4	6
HOMINIDAE	8	51290240	54200944	1	rn4	6
HOMINIDAE	8	54200944	67695418	1	rn4	4
HOMINIDAE	8	67695418	68241321	-1	rn4	4
HOMINIDAE	8	68241321	83714938	1	rn4	4
HOMINIDAE	8	83714938	91416806	-1	rn4	6
HOMINIDAE	8	91416806	94463850	-1	rn4	6
HOMINIDAE	8	94463850	103509228	1	rn4	4
HOMINIDAE	8	103509228	106686828	1	rn4	8
HOMINIDAE	8	106686828	114537981	1	rn4	17
HOMINIDAE	8	114537981	134637283	1	rn4	14
HOMINIDAE	8	134637283	139269164	-1	rn4	12
HOMINIDAE	8	139269164	139887148	1	rn4	12
HOMINIDAE	8	139887148	141711248	-1	rn4	12
HOMINIDAE	8	0	6820891	1	susScr2	18
HOMINIDAE	8	6820891	12675206	1	susScr2	9
HOMINIDAE	8	12675206	50079185	1	susScr2	18
HOMINIDAE	8	50079185	67432502	-1	susScr2	9
HOMINIDAE	8	67432502	95288621	1	susScr2	9
HOMINIDAE	8	95288621	110330651	-1	susScr2	18
HOMINIDAE	8	110330651	118730454	-1	susScr2	18
HOMINIDAE	8	118730454	123791218	1	susScr2	9
HOMINIDAE	8	123791218	124005424	1	susScr2	9
HOMINIDAE	8	124005424	124466662	-1	susScr2	9
HOMINIDAE	8	124466662	129836815	1	susScr2	9
HOMINIDAE	8	129836815	141711248	-1	susScr2	3
HOMINIDAE	8	0	40495227	-1	bosTau7	4
HOMINIDAE	8	40495227	50317063	1	bosTau7	4
HOMINIDAE	8	50317063	68026520	-1	bosTau7	4
HOMINIDAE	8	68026520	70519469	1	bosTau7	4
HOMINIDAE	8	70519469	71821531	-1	bosTau7	4
HOMINIDAE	8	71821531	95908989	1	bosTau7	4
HOMINIDAE	8	95908989	108562687	-1	bosTau7	4
HOMINIDAE	8	108562687	117754791	-1	bosTau7	4
HOMINIDAE	8	117754791	118418683	1	bosTau7	4
HOMINIDAE	8	118418683	120238743	-1	bosTau7	4
HOMINIDAE	8	120238743	120566869	1	bosTau7	4
HOMINIDAE	8	120566869	123791218	-1	bosTau7	4
HOMINIDAE	8	123791218	124056897	1	bosTau7	4
HOMINIDAE	8	124056897	124123499	-1	bosTau7	4
HOMINIDAE	8	124123499	124466662	1	bosTau7	4
HOMINIDAE	8	124466662	130353146	-1	bosTau7	4
HOMINIDAE	8	130353146	133619836	-1	bosTau7	22
HOMINIDAE	8	133619836	141711248	1	bosTau7	25
HOMINIDAE	8	0	40640953	1	calJac3	8
HOMINIDAE	8	40640953	103004876	-1	calJac3	8
HOMINIDAE	8	103004876	123791218	1	calJac3	8
HOMINIDAE	8	123791218	124466662	-1	calJac3	8
HOMINIDAE	8	124466662	132893870	1	calJac3	8
HOMINIDAE	8	132893870	141711248	1	calJac3	2
HOMINIDAE	8	0	9268592	-1	canFam2	16
HOMINIDAE	8	9268592	24153000	1	canFam2	16
HOMINIDAE	8	24153000	36118523	1	canFam2	14
HOMINIDAE	8	36118523	49934314	-1	canFam2	14
HOMINIDAE	8	49934314	65608902	1	canFam2	18
HOMINIDAE	8	65608902	107983807	1	canFam2	14
HOMINIDAE	8	107983807	114537981	-1	canFam2	18
HOMINIDAE	8	114537981	116565776	-1	canFam2	16
HOMINIDAE	8	116565776	123791218	1	canFam2	18
HOMINIDAE	8	123791218	124387160	-1	canFam2	18
HOMINIDAE	8	124387160	124466662	1	canFam2	18
HOMINIDAE	8	124466662	132782255	1	canFam2	18
HOMINIDAE	8	132782255	141711248	1	canFam2	6
HOMINIDAE	8	0	41391443	-1	capHir1	4
HOMINIDAE	8	41391443	50181764	1	capHir1	4
HOMINIDAE	8	50181764	68055230	-1	capHir1	4
HOMINIDAE	8	68055230	70441967	1	capHir1	4
HOMINIDAE	8	70441967	96215547	1	capHir1	4
HOMINIDAE	8	96215547	109016908	-1	capHir1	4
HOMINIDAE	8	109016908	117725086	-1	capHir1	4
HOMINIDAE	8	117725086	118427902	-1	capHir1	4
HOMINIDAE	8	118427902	118808188	1	capHir1	4
HOMINIDAE	8	118808188	123906626	-1	capHir1	4
HOMINIDAE	8	123906626	124466662	1	capHir1	4
HOMINIDAE	8	124466662	131337146	-1	capHir1	22
HOMINIDAE	8	131337146	141711248	1	capHir1	25
HOMINIDAE	8	0	50837647	-1	equCab2	4
HOMINIDAE	8	50837647	60894383	-1	equCab2	4
HOMINIDAE	8	60894383	107399830	1	equCab2	4
HOMINIDAE	8	107399830	123791218	1	equCab2	4
HOMINIDAE	8	123791218	124396751	-1	equCab2	4
HOMINIDAE	8	124396751	124466662	1	equCab2	4
HOMINIDAE	8	124466662	132661564	1	equCab2	4
HOMINIDAE	8	132661564	141711248	-1	equCab2	13
HOMINIDAE	8	0	12708540	-1	galGal3	2
HOMINIDAE	8	12708540	20161848	1	galGal3	1
HOMINIDAE	8	20161848	48780443	1	galGal3	1
HOMINIDAE	8	48780443	69328355	-1	galGal3	1
HOMINIDAE	8	69328355	104730868	1	galGal3	2
HOMINIDAE	8	104730868	108294233	-1	galGal3	2
HOMINIDAE	8	108294233	116699192	1	galGal3	2
HOMINIDAE	8	116699192	123791218	1	galGal3	2
HOMINIDAE	8	136932520	137258967	1	galGal3	19
HOMINIDAE	8	137258967	141711248	1	galGal3	19
HOMINIDAE	8	0	56746549	-1	gorGor3	7
HOMINIDAE	8	56746549	77629024	1	gorGor3	7
HOMINIDAE	8	77629024	137258967	1	gorGor3	7
HOMINIDAE	8	137258967	141711248	-1	gorGor3	7
HOMINIDAE	8	0	56746549	-1	hg19	7
HOMINIDAE	8	56746549	77629024	1	hg19	7
HOMINIDAE	8	77629024	137258967	1	hg19	7
HOMINIDAE	8	137258967	141711248	-1	hg19	7
HOMINIDAE	8	0	1365913	1	mm10	12
HOMINIDAE	8	1365913	7402550	-1	mm10	5
HOMINIDAE	8	7402550	46611638	-1	mm10	6
HOMINIDAE	8	46611638	51550566	1	mm10	12
HOMINIDAE	8	51550566	54085307	1	mm10	12
HOMINIDAE	8	54085307	73644533	-1	mm10	5
HOMINIDAE	8	73644533	83832317	1	mm10	6
HOMINIDAE	8	83832317	91424742	-1	mm10	12
HOMINIDAE	8	91424742	94382226	-1	mm10	12
HOMINIDAE	8	94382226	103297153	1	mm10	6
HOMINIDAE	8	103297153	106854114	1	mm10	9
HOMINIDAE	8	106854114	114537981	-1	mm10	13
HOMINIDAE	8	114537981	134860217	1	mm10	11
HOMINIDAE	8	134860217	141711248	1	mm10	5
HOMINIDAE	8	0	39378918	-1	monDom5	8
HOMINIDAE	8	39378918	40353986	1	monDom5	8
HOMINIDAE	8	40353986	71303216	-1	monDom5	8
HOMINIDAE	8	71303216	77629024	1	monDom5	8
HOMINIDAE	8	77629024	83735874	1	monDom5	8
HOMINIDAE	8	83735874	103194309	-1	monDom5	8
HOMINIDAE	8	103194309	105000862	-1	monDom5	6
HOMINIDAE	8	105000862	108108854	1	monDom5	6
HOMINIDAE	8	108108854	114537981	1	monDom5	6
HOMINIDAE	8	114537981	115505988	1	monDom5	1
HOMINIDAE	8	115505988	123791218	-1	monDom5	6
HOMINIDAE	8	123791218	124434669	1	monDom5	6
HOMINIDAE	8	124434669	124466662	-1	monDom5	6
HOMINIDAE	8	124466662	134411552	-1	monDom5	6
HOMINIDAE	8	134411552	135459043	1	monDom5	4
HOMINIDAE	8	135459043	137258967	-1	monDom5	2
HOMINIDAE	8	137258967	141711248	1	monDom5	2
HOMINIDAE	8	0	56746549	-1	panTro3	7
HOMINIDAE	8	56746549	77629024	1	panTro3	7
HOMINIDAE	8	77629024	110330651	1	panTro3	7
HOMINIDAE	8	110330651	114537981	-1	panTro3	7
HOMINIDAE	8	114537981	123791218	1	panTro3	7
HOMINIDAE	8	123791218	124466662	-1	panTro3	7
HOMINIDAE	8	124466662	137258967	1	panTro3	7
HOMINIDAE	8	137258967	141711248	-1	panTro3	7
HOMINIDAE	8	0	136932520	-1	ponAbe2	7
HOMINIDAE	8	136932520	141711248	1	ponAbe2	7
HOMINIDAE	8	0	1261268	1	rn4	6
HOMINIDAE	8	1261268	6928384	1	rn4	4
HOMINIDAE	8	6928384	46707933	-1	rn4	4
HOMINIDAE	8	46707933	51290240	1	rn4	6
HOMINIDAE	8	51290240	54200944	1	rn4	6
HOMINIDAE	8	54200944	67695418	1	rn4	4
HOMINIDAE	8	67695418	68241321	-1	rn4	4
HOMINIDAE	8	68241321	83714938	1	rn4	4
HOMINIDAE	8	83714938	91416806	-1	rn4	6
HOMINIDAE	8	91416806	94463850	-1	rn4	6
HOMINIDAE	8	94463850	103509228	1	rn4	4
HOMINIDAE	8	103509228	106686828	1	rn4	8
HOMINIDAE	8	106686828	114537981	1	rn4	17
HOMINIDAE	8	114537981	134637283	1	rn4	14
HOMINIDAE	8	134637283	139269164	-1	rn4	12
HOMINIDAE	8	139269164	139887148	1	rn4	12
HOMINIDAE	8	139887148	141711248	-1	rn4	12
HOMINIDAE	8	0	6820891	1	susScr2	18
HOMINIDAE	8	6820891	12675206	1	susScr2	9
HOMINIDAE	8	12675206	50079185	1	susScr2	18
HOMINIDAE	8	50079185	67432502	-1	susScr2	9
HOMINIDAE	8	67432502	95288621	1	susScr2	9
HOMINIDAE	8	95288621	110330651	-1	susScr2	18
HOMINIDAE	8	110330651	118730454	-1	susScr2	18
HOMINIDAE	8	118730454	123791218	1	susScr2	9
HOMINIDAE	8	123791218	124005424	1	susScr2	9
HOMINIDAE	8	124005424	124466662	-1	susScr2	9
HOMINIDAE	8	124466662	129836815	1	susScr2	9
HOMINIDAE	8	129836815	141711248	-1	susScr2	3
HOMINIDAE	8	0	40495227	-1	bosTau7	4
HOMINIDAE	8	40495227	50317063	1	bosTau7	4
HOMINIDAE	8	50317063	68026520	-1	bosTau7	4
HOMINIDAE	8	68026520	70519469	1	bosTau7	4
HOMINIDAE	8	70519469	71821531	-1	bosTau7	4
HOMINIDAE	8	71821531	95908989	1	bosTau7	4
HOMINIDAE	8	95908989	108562687	-1	bosTau7	4
HOMINIDAE	8	108562687	117754791	-1	bosTau7	4
HOMINIDAE	8	117754791	118418683	1	bosTau7	4
HOMINIDAE	8	118418683	120238743	-1	bosTau7	4
HOMINIDAE	8	120238743	120566869	1	bosTau7	4
HOMINIDAE	8	120566869	123791218	-1	bosTau7	4
HOMINIDAE	8	123791218	124056897	1	bosTau7	4
HOMINIDAE	8	124056897	124123499	-1	bosTau7	4
HOMINIDAE	8	124123499	124466662	1	bosTau7	4
HOMINIDAE	8	124466662	130353146	-1	bosTau7	4
HOMINIDAE	8	130353146	133619836	-1	bosTau7	22
HOMINIDAE	8	133619836	141711248	1	bosTau7	25
HOMINIDAE	8	0	40640953	1	calJac3	8
HOMINIDAE	8	40640953	103004876	-1	calJac3	8
HOMINIDAE	8	103004876	123791218	1	calJac3	8
HOMINIDAE	8	123791218	124466662	-1	calJac3	8
HOMINIDAE	8	124466662	132893870	1	calJac3	8
HOMINIDAE	8	132893870	141711248	1	calJac3	2
HOMINIDAE	8	0	9268592	-1	canFam2	16
HOMINIDAE	8	9268592	24153000	1	canFam2	16
HOMINIDAE	8	24153000	36118523	1	canFam2	14
HOMINIDAE	8	36118523	49934314	-1	canFam2	14
HOMINIDAE	8	49934314	65608902	1	canFam2	18
HOMINIDAE	8	65608902	107983807	1	canFam2	14
HOMINIDAE	8	107983807	114537981	-1	canFam2	18
HOMINIDAE	8	114537981	116565776	-1	canFam2	16
HOMINIDAE	8	116565776	123791218	1	canFam2	18
HOMINIDAE	8	123791218	124387160	-1	canFam2	18
HOMINIDAE	8	124387160	124466662	1	canFam2	18
HOMINIDAE	8	124466662	132782255	1	canFam2	18
HOMINIDAE	8	132782255	141711248	1	canFam2	6
HOMINIDAE	8	0	41391443	-1	capHir1	4
HOMINIDAE	8	41391443	50181764	1	capHir1	4
HOMINIDAE	8	50181764	68055230	-1	capHir1	4
HOMINIDAE	8	68055230	70441967	1	capHir1	4
HOMINIDAE	8	70441967	96215547	1	capHir1	4
HOMINIDAE	8	96215547	109016908	-1	capHir1	4
HOMINIDAE	8	109016908	117725086	-1	capHir1	4
HOMINIDAE	8	117725086	118427902	-1	capHir1	4
HOMINIDAE	8	118427902	118808188	1	capHir1	4
HOMINIDAE	8	118808188	123906626	-1	capHir1	4
HOMINIDAE	8	123906626	124466662	1	capHir1	4
HOMINIDAE	8	124466662	131337146	-1	capHir1	22
HOMINIDAE	8	131337146	141711248	1	capHir1	25
HOMINIDAE	8	0	50837647	-1	equCab2	4
HOMINIDAE	8	50837647	60894383	-1	equCab2	4
HOMINIDAE	8	60894383	107399830	1	equCab2	4
HOMINIDAE	8	107399830	123791218	1	equCab2	4
HOMINIDAE	8	123791218	124396751	-1	equCab2	4
HOMINIDAE	8	124396751	124466662	1	equCab2	4
HOMINIDAE	8	124466662	132661564	1	equCab2	4
HOMINIDAE	8	132661564	141711248	-1	equCab2	13
HOMINIDAE	8	0	12708540	-1	galGal3	2
HOMINIDAE	8	12708540	20161848	1	galGal3	1
HOMINIDAE	8	20161848	48780443	1	galGal3	1
HOMINIDAE	8	48780443	69328355	-1	galGal3	1
HOMINIDAE	8	69328355	104730868	1	galGal3	2
HOMINIDAE	8	104730868	108294233	-1	galGal3	2
HOMINIDAE	8	108294233	116699192	1	galGal3	2
HOMINIDAE	8	116699192	123791218	1	galGal3	2
HOMINIDAE	8	136932520	137258967	1	galGal3	19
HOMINIDAE	8	137258967	141711248	1	galGal3	19
HOMINIDAE	8	0	56746549	-1	gorGor3	7
HOMINIDAE	8	56746549	77629024	1	gorGor3	7
HOMINIDAE	8	77629024	137258967	1	gorGor3	7
HOMINIDAE	8	137258967	141711248	-1	gorGor3	7
HOMINIDAE	8	0	56746549	-1	hg19	7
HOMINIDAE	8	56746549	77629024	1	hg19	7
HOMINIDAE	8	77629024	137258967	1	hg19	7
HOMINIDAE	8	137258967	141711248	-1	hg19	7
HOMINIDAE	8	0	1365913	1	mm10	12
HOMINIDAE	8	1365913	7402550	-1	mm10	5
HOMINIDAE	8	7402550	46611638	-1	mm10	6
HOMINIDAE	8	46611638	51550566	1	mm10	12
HOMINIDAE	8	51550566	54085307	1	mm10	12
HOMINIDAE	8	54085307	73644533	-1	mm10	5
HOMINIDAE	8	73644533	83832317	1	mm10	6
HOMINIDAE	8	83832317	91424742	-1	mm10	12
HOMINIDAE	8	91424742	94382226	-1	mm10	12
HOMINIDAE	8	94382226	103297153	1	mm10	6
HOMINIDAE	8	103297153	106854114	1	mm10	9
HOMINIDAE	8	106854114	114537981	-1	mm10	13
HOMINIDAE	8	114537981	134860217	1	mm10	11
HOMINIDAE	8	134860217	141711248	1	mm10	5
HOMINIDAE	8	0	39378918	-1	monDom5	8
HOMINIDAE	8	39378918	40353986	1	monDom5	8
HOMINIDAE	8	40353986	71303216	-1	monDom5	8
HOMINIDAE	8	71303216	77629024	1	monDom5	8
HOMINIDAE	8	77629024	83735874	1	monDom5	8
HOMINIDAE	8	83735874	103194309	-1	monDom5	8
HOMINIDAE	8	103194309	105000862	-1	monDom5	6
HOMINIDAE	8	105000862	108108854	1	monDom5	6
HOMINIDAE	8	108108854	114537981	1	monDom5	6
HOMINIDAE	8	114537981	115505988	1	monDom5	1
HOMINIDAE	8	115505988	123791218	-1	monDom5	6
HOMINIDAE	8	123791218	124434669	1	monDom5	6
HOMINIDAE	8	124434669	124466662	-1	monDom5	6
HOMINIDAE	8	124466662	134411552	-1	monDom5	6
HOMINIDAE	8	134411552	135459043	1	monDom5	4
HOMINIDAE	8	135459043	137258967	-1	monDom5	2
HOMINIDAE	8	137258967	141711248	1	monDom5	2
HOMINIDAE	8	0	56746549	-1	panTro3	7
HOMINIDAE	8	56746549	77629024	1	panTro3	7
HOMINIDAE	8	77629024	110330651	1	panTro3	7
HOMINIDAE	8	110330651	114537981	-1	panTro3	7
HOMINIDAE	8	114537981	123791218	1	panTro3	7
HOMINIDAE	8	123791218	124466662	-1	panTro3	7
HOMINIDAE	8	124466662	137258967	1	panTro3	7
HOMINIDAE	8	137258967	141711248	-1	panTro3	7
HOMINIDAE	8	0	136932520	-1	ponAbe2	7
HOMINIDAE	8	136932520	141711248	1	ponAbe2	7
HOMINIDAE	8	0	1261268	1	rn4	6
HOMINIDAE	8	1261268	6928384	1	rn4	4
HOMINIDAE	8	6928384	46707933	-1	rn4	4
HOMINIDAE	8	46707933	51290240	1	rn4	6
HOMINIDAE	8	51290240	54200944	1	rn4	6
HOMINIDAE	8	54200944	67695418	1	rn4	4
HOMINIDAE	8	67695418	68241321	-1	rn4	4
HOMINIDAE	8	68241321	83714938	1	rn4	4
HOMINIDAE	8	83714938	91416806	-1	rn4	6
HOMINIDAE	8	91416806	94463850	-1	rn4	6
HOMINIDAE	8	94463850	103509228	1	rn4	4
HOMINIDAE	8	103509228	106686828	1	rn4	8
HOMINIDAE	8	106686828	114537981	1	rn4	17
HOMINIDAE	8	114537981	134637283	1	rn4	14
HOMINIDAE	8	134637283	139269164	-1	rn4	12
HOMINIDAE	8	139269164	139887148	1	rn4	12
HOMINIDAE	8	139887148	141711248	-1	rn4	12
HOMINIDAE	8	0	6820891	1	susScr2	18
HOMINIDAE	8	6820891	12675206	1	susScr2	9
HOMINIDAE	8	12675206	50079185	1	susScr2	18
HOMINIDAE	8	50079185	67432502	-1	susScr2	9
HOMINIDAE	8	67432502	95288621	1	susScr2	9
HOMINIDAE	8	95288621	110330651	-1	susScr2	18
HOMINIDAE	8	110330651	118730454	-1	susScr2	18
HOMINIDAE	8	118730454	123791218	1	susScr2	9
HOMINIDAE	8	123791218	124005424	1	susScr2	9
HOMINIDAE	8	124005424	124466662	-1	susScr2	9
HOMINIDAE	8	124466662	129836815	1	susScr2	9
HOMINIDAE	8	129836815	141711248	-1	susScr2	3
