HOMINIDAE	24	0	1291750	-1	bosTau7	1
HOMINIDAE	24	1291750	2207857	1	bosTau7	1
HOMINIDAE	24	2207857	6850808	-1	bosTau7	1
HOMINIDAE	24	6850808	11600633	-1	bosTau7	1
HOMINIDAE	24	11600633	33196894	1	bosTau7	1
HOMINIDAE	24	0	33196894	-1	calJac3	21
HOMINIDAE	24	0	33196894	-1	canFam2	31
HOMINIDAE	24	0	7151420	-1	capHir1	1
HOMINIDAE	24	7151420	11660315	-1	capHir1	1
HOMINIDAE	24	11660315	33196894	1	capHir1	1
HOMINIDAE	24	0	33196894	-1	equCab2	26
HOMINIDAE	24	0	33196894	-1	gorGor3	21
HOMINIDAE	24	0	33196894	-1	hg19	21
HOMINIDAE	24	0	2906876	1	mm10	10
HOMINIDAE	24	2906876	4337502	-1	mm10	17
HOMINIDAE	24	4337502	33196894	-1	mm10	16
HOMINIDAE	24	0	1468371	-1	monDom5	2
HOMINIDAE	24	1468371	6578552	-1	monDom5	4
HOMINIDAE	24	6578552	15085636	1	monDom5	4
HOMINIDAE	24	15085636	16616024	-1	monDom5	4
HOMINIDAE	24	16616024	27789059	1	monDom5	4
HOMINIDAE	24	27789059	29471611	1	monDom5	4
HOMINIDAE	24	29471611	31109262	-1	monDom5	4
HOMINIDAE	24	31109262	33196894	-1	monDom5	4
HOMINIDAE	24	0	33196894	-1	oryCun2	14
HOMINIDAE	24	0	33196894	-1	panTro3	21
HOMINIDAE	24	0	33196894	-1	ponAbe2	21
HOMINIDAE	24	0	33196894	1	rheMac3	3
HOMINIDAE	24	0	4346780	-1	rn4	20
HOMINIDAE	24	4346780	13522227	-1	rn4	11
HOMINIDAE	24	13522227	14588045	1	rn4	11
HOMINIDAE	24	14588045	33196894	-1	rn4	11
HOMINIDAE	24	0	33196894	-1	susScr2	13
