HOMINIDAE	4	0	2061625	1	bosTau7	7
HOMINIDAE	4	2061625	6095218	-1	bosTau7	20
HOMINIDAE	4	6095218	9198466	1	bosTau7	20
HOMINIDAE	4	9198466	47976857	-1	bosTau7	7
HOMINIDAE	4	47976857	66273430	1	bosTau7	7
HOMINIDAE	4	66273430	69154945	-1	bosTau7	10
HOMINIDAE	4	69154945	71170778	1	bosTau7	10
HOMINIDAE	4	71170778	76473650	-1	bosTau7	7
HOMINIDAE	4	76473650	78848542	1	bosTau7	7
HOMINIDAE	4	78848542	99827421	-1	bosTau7	7
HOMINIDAE	4	99827421	105348563	-1	bosTau7	10
HOMINIDAE	4	105348563	180404915	1	bosTau7	20
HOMINIDAE	4	0	6957686	1	calJac3	2
HOMINIDAE	4	6957686	20032176	-1	calJac3	2
HOMINIDAE	4	20032176	44578820	-1	calJac3	2
HOMINIDAE	4	44578820	180404915	1	calJac3	2
HOMINIDAE	4	0	2890649	1	canFam2	11
HOMINIDAE	4	2890649	33336728	1	canFam2	4
HOMINIDAE	4	33336728	42936555	-1	canFam2	2
HOMINIDAE	4	42936555	68974702	-1	canFam2	11
HOMINIDAE	4	68974702	107062480	1	canFam2	3
HOMINIDAE	4	107062480	127573289	-1	canFam2	2
HOMINIDAE	4	127573289	165285802	1	canFam2	4
HOMINIDAE	4	165285802	180404915	1	canFam2	34
HOMINIDAE	4	0	1938373	1	capHir1	7
HOMINIDAE	4	1938373	3987869	-1	capHir1	7
HOMINIDAE	4	3987869	10458354	-1	capHir1	20
HOMINIDAE	4	10458354	48107522	-1	capHir1	7
HOMINIDAE	4	48107522	64951373	1	capHir1	7
HOMINIDAE	4	64951373	67654171	-1	capHir1	10
HOMINIDAE	4	67654171	69651118	1	capHir1	10
HOMINIDAE	4	69651118	81250138	-1	capHir1	7
HOMINIDAE	4	81250138	81567355	1	capHir1	7
HOMINIDAE	4	81567355	99827421	-1	capHir1	7
HOMINIDAE	4	99827421	105445259	-1	capHir1	10
HOMINIDAE	4	105445259	179164303	1	capHir1	20
HOMINIDAE	4	179164303	179605436	1	capHir1	20
HOMINIDAE	4	179605436	180404915	-1	capHir1	20
HOMINIDAE	4	0	110422954	1	equCab2	14
HOMINIDAE	4	110422954	180404915	1	equCab2	21
HOMINIDAE	4	0	55185315	1	galGal3	13
HOMINIDAE	4	55185315	99827421	1	galGal3	Z
HOMINIDAE	4	99827421	113116926	1	galGal3	Z
HOMINIDAE	4	113116926	145540795	-1	galGal3	Z
HOMINIDAE	4	145540795	175368009	1	galGal3	2
HOMINIDAE	4	175368009	180404915	-1	galGal3	2
HOMINIDAE	4	0	81250138	-1	gorGor3	5
HOMINIDAE	4	81250138	81567355	1	gorGor3	5
HOMINIDAE	4	81567355	99827421	-1	gorGor3	5
HOMINIDAE	4	99827421	180404915	1	gorGor3	17
HOMINIDAE	4	0	81250138	-1	hg19	5
HOMINIDAE	4	81250138	81567355	1	hg19	5
HOMINIDAE	4	81567355	180404915	-1	hg19	5
HOMINIDAE	4	0	3466998	1	mm10	11
HOMINIDAE	4	3466998	5695200	-1	mm10	13
HOMINIDAE	4	5695200	25641158	1	mm10	11
HOMINIDAE	4	25641158	29626565	-1	mm10	11
HOMINIDAE	4	29626565	32219345	1	mm10	18
HOMINIDAE	4	32219345	43970223	-1	mm10	18
HOMINIDAE	4	43970223	47003355	-1	mm10	13
HOMINIDAE	4	47003355	50853594	1	mm10	11
HOMINIDAE	4	50853594	69092348	-1	mm10	18
HOMINIDAE	4	69092348	71165372	-1	mm10	18
HOMINIDAE	4	71165372	79234541	-1	mm10	17
HOMINIDAE	4	79234541	82214367	-1	mm10	1
HOMINIDAE	4	82214367	84262632	1	mm10	17
HOMINIDAE	4	84262632	135188040	1	mm10	13
HOMINIDAE	4	135188040	172848812	1	mm10	15
HOMINIDAE	4	172848812	180404915	1	mm10	13
HOMINIDAE	4	0	49520817	-1	monDom5	1
HOMINIDAE	4	49520817	52717088	-1	monDom5	1
HOMINIDAE	4	52717088	58180281	1	monDom5	1
HOMINIDAE	4	58180281	61435169	-1	monDom5	1
HOMINIDAE	4	61435169	70258273	1	monDom5	6
HOMINIDAE	4	70258273	72069970	1	monDom5	3
HOMINIDAE	4	72069970	81250138	-1	monDom5	3
HOMINIDAE	4	81250138	81567355	1	monDom5	3
HOMINIDAE	4	81567355	82056268	-1	monDom5	3
HOMINIDAE	4	82056268	84182225	-1	monDom5	3
HOMINIDAE	4	84182225	99827421	1	monDom5	3
HOMINIDAE	4	99827421	103672960	1	monDom5	3
HOMINIDAE	4	103672960	109558521	-1	monDom5	3
HOMINIDAE	4	109558521	130074384	-1	monDom5	3
HOMINIDAE	4	130074384	143780176	1	monDom5	3
HOMINIDAE	4	143780176	168614819	-1	monDom5	3
HOMINIDAE	4	168614819	170522478	-1	monDom5	3
HOMINIDAE	4	170522478	171418039	1	monDom5	3
HOMINIDAE	4	171418039	180404915	-1	monDom5	3
HOMINIDAE	4	0	68181739	-1	oryCun2	3
HOMINIDAE	4	68181739	102174359	-1	oryCun2	11
HOMINIDAE	4	102174359	176928568	-1	oryCun2	11
HOMINIDAE	4	176928568	180404915	1	oryCun2	11
HOMINIDAE	4	0	84497996	-1	panTro3	5
HOMINIDAE	4	84497996	161866107	1	panTro3	5
HOMINIDAE	4	161866107	180404915	-1	panTro3	5
HOMINIDAE	4	0	180404915	-1	ponAbe2	5
HOMINIDAE	4	0	3446576	-1	rheMac3	6
HOMINIDAE	4	3446576	52240728	-1	rheMac3	6
HOMINIDAE	4	52240728	179152848	-1	rheMac3	6
HOMINIDAE	4	179152848	179705438	1	rheMac3	14
HOMINIDAE	4	179705438	180404915	-1	rheMac3	6
HOMINIDAE	4	0	3399012	1	rn4	10
HOMINIDAE	4	3399012	5432001	1	rn4	17
HOMINIDAE	4	5432001	25401239	1	rn4	10
HOMINIDAE	4	25401239	29238936	-1	rn4	10
HOMINIDAE	4	29238936	31647352	1	rn4	18
HOMINIDAE	4	31647352	43517033	-1	rn4	18
HOMINIDAE	4	43517033	46349389	1	rn4	17
HOMINIDAE	4	46349389	49703281	1	rn4	10
HOMINIDAE	4	49703281	68620057	-1	rn4	18
HOMINIDAE	4	68620057	70497802	-1	rn4	18
HOMINIDAE	4	70497802	82368376	-1	rn4	9
HOMINIDAE	4	82368376	84259366	1	rn4	1
HOMINIDAE	4	84259366	92911651	1	rn4	2
HOMINIDAE	4	92911651	93427601	-1	rn4	2
HOMINIDAE	4	93427601	173472225	1	rn4	2
HOMINIDAE	4	173472225	179363250	-1	rn4	17
HOMINIDAE	4	179363250	180404915	-1	rn4	1
HOMINIDAE	4	0	2838997	1	susScr2	2
HOMINIDAE	4	2838997	31644695	1	susScr2	16
HOMINIDAE	4	31644695	110245221	-1	susScr2	2
HOMINIDAE	4	110245221	170693756	-1	susScr2	16
HOMINIDAE	4	170693756	180404915	1	susScr2	16
HOMINIDAE	4	0	2061625	1	bosTau7	7
HOMINIDAE	4	2061625	6095218	-1	bosTau7	20
HOMINIDAE	4	6095218	9198466	1	bosTau7	20
HOMINIDAE	4	9198466	47976857	-1	bosTau7	7
HOMINIDAE	4	47976857	66273430	1	bosTau7	7
HOMINIDAE	4	66273430	69154945	-1	bosTau7	10
HOMINIDAE	4	69154945	71170778	1	bosTau7	10
HOMINIDAE	4	71170778	76473650	-1	bosTau7	7
HOMINIDAE	4	76473650	78848542	1	bosTau7	7
HOMINIDAE	4	78848542	99827421	-1	bosTau7	7
HOMINIDAE	4	99827421	105348563	-1	bosTau7	10
HOMINIDAE	4	105348563	180404915	1	bosTau7	20
HOMINIDAE	4	0	6957686	1	calJac3	2
HOMINIDAE	4	6957686	20032176	-1	calJac3	2
HOMINIDAE	4	20032176	44578820	-1	calJac3	2
HOMINIDAE	4	44578820	180404915	1	calJac3	2
HOMINIDAE	4	0	2890649	1	canFam2	11
HOMINIDAE	4	2890649	33336728	1	canFam2	4
HOMINIDAE	4	33336728	42936555	-1	canFam2	2
HOMINIDAE	4	42936555	68974702	-1	canFam2	11
HOMINIDAE	4	68974702	107062480	1	canFam2	3
HOMINIDAE	4	107062480	127573289	-1	canFam2	2
HOMINIDAE	4	127573289	165285802	1	canFam2	4
HOMINIDAE	4	165285802	180404915	1	canFam2	34
HOMINIDAE	4	0	1938373	1	capHir1	7
HOMINIDAE	4	1938373	3987869	-1	capHir1	7
HOMINIDAE	4	3987869	10458354	-1	capHir1	20
HOMINIDAE	4	10458354	48107522	-1	capHir1	7
HOMINIDAE	4	48107522	64951373	1	capHir1	7
HOMINIDAE	4	64951373	67654171	-1	capHir1	10
HOMINIDAE	4	67654171	69651118	1	capHir1	10
HOMINIDAE	4	69651118	81250138	-1	capHir1	7
HOMINIDAE	4	81250138	81567355	1	capHir1	7
HOMINIDAE	4	81567355	99827421	-1	capHir1	7
HOMINIDAE	4	99827421	105445259	-1	capHir1	10
HOMINIDAE	4	105445259	179164303	1	capHir1	20
HOMINIDAE	4	179164303	179605436	1	capHir1	20
HOMINIDAE	4	179605436	180404915	-1	capHir1	20
HOMINIDAE	4	0	110422954	1	equCab2	14
HOMINIDAE	4	110422954	180404915	1	equCab2	21
HOMINIDAE	4	0	55185315	1	galGal3	13
HOMINIDAE	4	55185315	99827421	1	galGal3	Z
HOMINIDAE	4	99827421	113116926	1	galGal3	Z
HOMINIDAE	4	113116926	145540795	-1	galGal3	Z
HOMINIDAE	4	145540795	175368009	1	galGal3	2
HOMINIDAE	4	175368009	180404915	-1	galGal3	2
HOMINIDAE	4	0	81250138	-1	gorGor3	5
HOMINIDAE	4	81250138	81567355	1	gorGor3	5
HOMINIDAE	4	81567355	99827421	-1	gorGor3	5
HOMINIDAE	4	99827421	180404915	1	gorGor3	17
HOMINIDAE	4	0	81250138	-1	hg19	5
HOMINIDAE	4	81250138	81567355	1	hg19	5
HOMINIDAE	4	81567355	180404915	-1	hg19	5
HOMINIDAE	4	0	3466998	1	mm10	11
HOMINIDAE	4	3466998	5695200	-1	mm10	13
HOMINIDAE	4	5695200	25641158	1	mm10	11
HOMINIDAE	4	25641158	29626565	-1	mm10	11
HOMINIDAE	4	29626565	32219345	1	mm10	18
HOMINIDAE	4	32219345	43970223	-1	mm10	18
HOMINIDAE	4	43970223	47003355	-1	mm10	13
HOMINIDAE	4	47003355	50853594	1	mm10	11
HOMINIDAE	4	50853594	69092348	-1	mm10	18
HOMINIDAE	4	69092348	71165372	-1	mm10	18
HOMINIDAE	4	71165372	79234541	-1	mm10	17
HOMINIDAE	4	79234541	82214367	-1	mm10	1
HOMINIDAE	4	82214367	84262632	1	mm10	17
HOMINIDAE	4	84262632	135188040	1	mm10	13
HOMINIDAE	4	135188040	172848812	1	mm10	15
HOMINIDAE	4	172848812	180404915	1	mm10	13
HOMINIDAE	4	0	49520817	-1	monDom5	1
HOMINIDAE	4	49520817	52717088	-1	monDom5	1
HOMINIDAE	4	52717088	58180281	1	monDom5	1
HOMINIDAE	4	58180281	61435169	-1	monDom5	1
HOMINIDAE	4	61435169	70258273	1	monDom5	6
HOMINIDAE	4	70258273	72069970	1	monDom5	3
HOMINIDAE	4	72069970	81250138	-1	monDom5	3
HOMINIDAE	4	81250138	81567355	1	monDom5	3
HOMINIDAE	4	81567355	82056268	-1	monDom5	3
HOMINIDAE	4	82056268	84182225	-1	monDom5	3
HOMINIDAE	4	84182225	99827421	1	monDom5	3
HOMINIDAE	4	99827421	103672960	1	monDom5	3
HOMINIDAE	4	103672960	109558521	-1	monDom5	3
HOMINIDAE	4	109558521	130074384	-1	monDom5	3
HOMINIDAE	4	130074384	143780176	1	monDom5	3
HOMINIDAE	4	143780176	168614819	-1	monDom5	3
HOMINIDAE	4	168614819	170522478	-1	monDom5	3
HOMINIDAE	4	170522478	171418039	1	monDom5	3
HOMINIDAE	4	171418039	180404915	-1	monDom5	3
HOMINIDAE	4	0	68181739	-1	oryCun2	3
HOMINIDAE	4	68181739	102174359	-1	oryCun2	11
HOMINIDAE	4	102174359	176928568	-1	oryCun2	11
HOMINIDAE	4	176928568	180404915	1	oryCun2	11
HOMINIDAE	4	0	84497996	-1	panTro3	5
HOMINIDAE	4	84497996	161866107	1	panTro3	5
HOMINIDAE	4	161866107	180404915	-1	panTro3	5
HOMINIDAE	4	0	180404915	-1	ponAbe2	5
HOMINIDAE	4	0	3446576	-1	rheMac3	6
HOMINIDAE	4	3446576	52240728	-1	rheMac3	6
HOMINIDAE	4	52240728	179152848	-1	rheMac3	6
HOMINIDAE	4	179152848	179705438	1	rheMac3	14
HOMINIDAE	4	179705438	180404915	-1	rheMac3	6
HOMINIDAE	4	0	3399012	1	rn4	10
HOMINIDAE	4	3399012	5432001	1	rn4	17
HOMINIDAE	4	5432001	25401239	1	rn4	10
HOMINIDAE	4	25401239	29238936	-1	rn4	10
HOMINIDAE	4	29238936	31647352	1	rn4	18
HOMINIDAE	4	31647352	43517033	-1	rn4	18
HOMINIDAE	4	43517033	46349389	1	rn4	17
HOMINIDAE	4	46349389	49703281	1	rn4	10
HOMINIDAE	4	49703281	68620057	-1	rn4	18
HOMINIDAE	4	68620057	70497802	-1	rn4	18
HOMINIDAE	4	70497802	82368376	-1	rn4	9
HOMINIDAE	4	82368376	84259366	1	rn4	1
HOMINIDAE	4	84259366	92911651	1	rn4	2
HOMINIDAE	4	92911651	93427601	-1	rn4	2
HOMINIDAE	4	93427601	173472225	1	rn4	2
HOMINIDAE	4	173472225	179363250	-1	rn4	17
HOMINIDAE	4	179363250	180404915	-1	rn4	1
HOMINIDAE	4	0	2838997	1	susScr2	2
HOMINIDAE	4	2838997	31644695	1	susScr2	16
HOMINIDAE	4	31644695	110245221	-1	susScr2	2
HOMINIDAE	4	110245221	170693756	-1	susScr2	16
HOMINIDAE	4	170693756	180404915	1	susScr2	16
HOMINIDAE	4	0	2061625	1	bosTau7	7
HOMINIDAE	4	2061625	6095218	-1	bosTau7	20
HOMINIDAE	4	6095218	9198466	1	bosTau7	20
HOMINIDAE	4	9198466	47976857	-1	bosTau7	7
HOMINIDAE	4	47976857	66273430	1	bosTau7	7
HOMINIDAE	4	66273430	69154945	-1	bosTau7	10
HOMINIDAE	4	69154945	71170778	1	bosTau7	10
HOMINIDAE	4	71170778	76473650	-1	bosTau7	7
HOMINIDAE	4	76473650	78848542	1	bosTau7	7
HOMINIDAE	4	78848542	99827421	-1	bosTau7	7
HOMINIDAE	4	99827421	105348563	-1	bosTau7	10
HOMINIDAE	4	105348563	180404915	1	bosTau7	20
HOMINIDAE	4	0	6957686	1	calJac3	2
HOMINIDAE	4	6957686	20032176	-1	calJac3	2
HOMINIDAE	4	20032176	44578820	-1	calJac3	2
HOMINIDAE	4	44578820	180404915	1	calJac3	2
HOMINIDAE	4	0	2890649	1	canFam2	11
HOMINIDAE	4	2890649	33336728	1	canFam2	4
HOMINIDAE	4	33336728	42936555	-1	canFam2	2
HOMINIDAE	4	42936555	68974702	-1	canFam2	11
HOMINIDAE	4	68974702	107062480	1	canFam2	3
HOMINIDAE	4	107062480	127573289	-1	canFam2	2
HOMINIDAE	4	127573289	165285802	1	canFam2	4
HOMINIDAE	4	165285802	180404915	1	canFam2	34
HOMINIDAE	4	0	1938373	1	capHir1	7
HOMINIDAE	4	1938373	3987869	-1	capHir1	7
HOMINIDAE	4	3987869	10458354	-1	capHir1	20
HOMINIDAE	4	10458354	48107522	-1	capHir1	7
HOMINIDAE	4	48107522	64951373	1	capHir1	7
HOMINIDAE	4	64951373	67654171	-1	capHir1	10
HOMINIDAE	4	67654171	69651118	1	capHir1	10
HOMINIDAE	4	69651118	81250138	-1	capHir1	7
HOMINIDAE	4	81250138	81567355	1	capHir1	7
HOMINIDAE	4	81567355	99827421	-1	capHir1	7
HOMINIDAE	4	99827421	105445259	-1	capHir1	10
HOMINIDAE	4	105445259	179164303	1	capHir1	20
HOMINIDAE	4	179164303	179605436	1	capHir1	20
HOMINIDAE	4	179605436	180404915	-1	capHir1	20
HOMINIDAE	4	0	110422954	1	equCab2	14
HOMINIDAE	4	110422954	180404915	1	equCab2	21
HOMINIDAE	4	0	55185315	1	galGal3	13
HOMINIDAE	4	55185315	99827421	1	galGal3	Z
HOMINIDAE	4	99827421	113116926	1	galGal3	Z
HOMINIDAE	4	113116926	145540795	-1	galGal3	Z
HOMINIDAE	4	145540795	175368009	1	galGal3	2
HOMINIDAE	4	175368009	180404915	-1	galGal3	2
HOMINIDAE	4	0	81250138	-1	gorGor3	5
HOMINIDAE	4	81250138	81567355	1	gorGor3	5
HOMINIDAE	4	81567355	99827421	-1	gorGor3	5
HOMINIDAE	4	99827421	180404915	1	gorGor3	17
HOMINIDAE	4	0	81250138	-1	hg19	5
HOMINIDAE	4	81250138	81567355	1	hg19	5
HOMINIDAE	4	81567355	180404915	-1	hg19	5
HOMINIDAE	4	0	3466998	1	mm10	11
HOMINIDAE	4	3466998	5695200	-1	mm10	13
HOMINIDAE	4	5695200	25641158	1	mm10	11
HOMINIDAE	4	25641158	29626565	-1	mm10	11
HOMINIDAE	4	29626565	32219345	1	mm10	18
HOMINIDAE	4	32219345	43970223	-1	mm10	18
HOMINIDAE	4	43970223	47003355	-1	mm10	13
HOMINIDAE	4	47003355	50853594	1	mm10	11
HOMINIDAE	4	50853594	69092348	-1	mm10	18
HOMINIDAE	4	69092348	71165372	-1	mm10	18
HOMINIDAE	4	71165372	79234541	-1	mm10	17
HOMINIDAE	4	79234541	82214367	-1	mm10	1
HOMINIDAE	4	82214367	84262632	1	mm10	17
HOMINIDAE	4	84262632	135188040	1	mm10	13
HOMINIDAE	4	135188040	172848812	1	mm10	15
HOMINIDAE	4	172848812	180404915	1	mm10	13
HOMINIDAE	4	0	49520817	-1	monDom5	1
HOMINIDAE	4	49520817	52717088	-1	monDom5	1
HOMINIDAE	4	52717088	58180281	1	monDom5	1
HOMINIDAE	4	58180281	61435169	-1	monDom5	1
HOMINIDAE	4	61435169	70258273	1	monDom5	6
HOMINIDAE	4	70258273	72069970	1	monDom5	3
HOMINIDAE	4	72069970	81250138	-1	monDom5	3
HOMINIDAE	4	81250138	81567355	1	monDom5	3
HOMINIDAE	4	81567355	82056268	-1	monDom5	3
HOMINIDAE	4	82056268	84182225	-1	monDom5	3
HOMINIDAE	4	84182225	99827421	1	monDom5	3
HOMINIDAE	4	99827421	103672960	1	monDom5	3
HOMINIDAE	4	103672960	109558521	-1	monDom5	3
HOMINIDAE	4	109558521	130074384	-1	monDom5	3
HOMINIDAE	4	130074384	143780176	1	monDom5	3
HOMINIDAE	4	143780176	168614819	-1	monDom5	3
HOMINIDAE	4	168614819	170522478	-1	monDom5	3
HOMINIDAE	4	170522478	171418039	1	monDom5	3
HOMINIDAE	4	171418039	180404915	-1	monDom5	3
HOMINIDAE	4	0	68181739	-1	oryCun2	3
HOMINIDAE	4	68181739	102174359	-1	oryCun2	11
HOMINIDAE	4	102174359	176928568	-1	oryCun2	11
HOMINIDAE	4	176928568	180404915	1	oryCun2	11
HOMINIDAE	4	0	84497996	-1	panTro3	5
HOMINIDAE	4	84497996	161866107	1	panTro3	5
HOMINIDAE	4	161866107	180404915	-1	panTro3	5
HOMINIDAE	4	0	180404915	-1	ponAbe2	5
HOMINIDAE	4	0	3446576	-1	rheMac3	6
HOMINIDAE	4	3446576	52240728	-1	rheMac3	6
HOMINIDAE	4	52240728	179152848	-1	rheMac3	6
HOMINIDAE	4	179152848	179705438	1	rheMac3	14
HOMINIDAE	4	179705438	180404915	-1	rheMac3	6
HOMINIDAE	4	0	3399012	1	rn4	10
HOMINIDAE	4	3399012	5432001	1	rn4	17
HOMINIDAE	4	5432001	25401239	1	rn4	10
HOMINIDAE	4	25401239	29238936	-1	rn4	10
HOMINIDAE	4	29238936	31647352	1	rn4	18
HOMINIDAE	4	31647352	43517033	-1	rn4	18
HOMINIDAE	4	43517033	46349389	1	rn4	17
HOMINIDAE	4	46349389	49703281	1	rn4	10
HOMINIDAE	4	49703281	68620057	-1	rn4	18
HOMINIDAE	4	68620057	70497802	-1	rn4	18
HOMINIDAE	4	70497802	82368376	-1	rn4	9
HOMINIDAE	4	82368376	84259366	1	rn4	1
HOMINIDAE	4	84259366	92911651	1	rn4	2
HOMINIDAE	4	92911651	93427601	-1	rn4	2
HOMINIDAE	4	93427601	173472225	1	rn4	2
HOMINIDAE	4	173472225	179363250	-1	rn4	17
HOMINIDAE	4	179363250	180404915	-1	rn4	1
HOMINIDAE	4	0	2838997	1	susScr2	2
HOMINIDAE	4	2838997	31644695	1	susScr2	16
HOMINIDAE	4	31644695	110245221	-1	susScr2	2
HOMINIDAE	4	110245221	170693756	-1	susScr2	16
HOMINIDAE	4	170693756	180404915	1	susScr2	16
HOMINIDAE	4	0	2061625	1	bosTau7	7
HOMINIDAE	4	2061625	6095218	-1	bosTau7	20
HOMINIDAE	4	6095218	9198466	1	bosTau7	20
HOMINIDAE	4	9198466	47976857	-1	bosTau7	7
HOMINIDAE	4	47976857	66273430	1	bosTau7	7
HOMINIDAE	4	66273430	69154945	-1	bosTau7	10
HOMINIDAE	4	69154945	71170778	1	bosTau7	10
HOMINIDAE	4	71170778	76473650	-1	bosTau7	7
HOMINIDAE	4	76473650	78848542	1	bosTau7	7
HOMINIDAE	4	78848542	99827421	-1	bosTau7	7
HOMINIDAE	4	99827421	105348563	-1	bosTau7	10
HOMINIDAE	4	105348563	180404915	1	bosTau7	20
HOMINIDAE	4	0	6957686	1	calJac3	2
HOMINIDAE	4	6957686	20032176	-1	calJac3	2
HOMINIDAE	4	20032176	44578820	-1	calJac3	2
HOMINIDAE	4	44578820	180404915	1	calJac3	2
HOMINIDAE	4	0	2890649	1	canFam2	11
HOMINIDAE	4	2890649	33336728	1	canFam2	4
HOMINIDAE	4	33336728	42936555	-1	canFam2	2
HOMINIDAE	4	42936555	68974702	-1	canFam2	11
HOMINIDAE	4	68974702	107062480	1	canFam2	3
HOMINIDAE	4	107062480	127573289	-1	canFam2	2
HOMINIDAE	4	127573289	165285802	1	canFam2	4
HOMINIDAE	4	165285802	180404915	1	canFam2	34
HOMINIDAE	4	0	1938373	1	capHir1	7
HOMINIDAE	4	1938373	3987869	-1	capHir1	7
HOMINIDAE	4	3987869	10458354	-1	capHir1	20
HOMINIDAE	4	10458354	48107522	-1	capHir1	7
HOMINIDAE	4	48107522	64951373	1	capHir1	7
HOMINIDAE	4	64951373	67654171	-1	capHir1	10
HOMINIDAE	4	67654171	69651118	1	capHir1	10
HOMINIDAE	4	69651118	81250138	-1	capHir1	7
HOMINIDAE	4	81250138	81567355	1	capHir1	7
HOMINIDAE	4	81567355	99827421	-1	capHir1	7
HOMINIDAE	4	99827421	105445259	-1	capHir1	10
HOMINIDAE	4	105445259	179164303	1	capHir1	20
HOMINIDAE	4	179164303	179605436	1	capHir1	20
HOMINIDAE	4	179605436	180404915	-1	capHir1	20
HOMINIDAE	4	0	110422954	1	equCab2	14
HOMINIDAE	4	110422954	180404915	1	equCab2	21
HOMINIDAE	4	0	55185315	1	galGal3	13
HOMINIDAE	4	55185315	99827421	1	galGal3	Z
HOMINIDAE	4	99827421	113116926	1	galGal3	Z
HOMINIDAE	4	113116926	145540795	-1	galGal3	Z
HOMINIDAE	4	145540795	175368009	1	galGal3	2
HOMINIDAE	4	175368009	180404915	-1	galGal3	2
HOMINIDAE	4	0	81250138	-1	gorGor3	5
HOMINIDAE	4	81250138	81567355	1	gorGor3	5
HOMINIDAE	4	81567355	99827421	-1	gorGor3	5
HOMINIDAE	4	99827421	180404915	1	gorGor3	17
HOMINIDAE	4	0	81250138	-1	hg19	5
HOMINIDAE	4	81250138	81567355	1	hg19	5
HOMINIDAE	4	81567355	180404915	-1	hg19	5
HOMINIDAE	4	0	3466998	1	mm10	11
HOMINIDAE	4	3466998	5695200	-1	mm10	13
HOMINIDAE	4	5695200	25641158	1	mm10	11
HOMINIDAE	4	25641158	29626565	-1	mm10	11
HOMINIDAE	4	29626565	32219345	1	mm10	18
HOMINIDAE	4	32219345	43970223	-1	mm10	18
HOMINIDAE	4	43970223	47003355	-1	mm10	13
HOMINIDAE	4	47003355	50853594	1	mm10	11
HOMINIDAE	4	50853594	69092348	-1	mm10	18
HOMINIDAE	4	69092348	71165372	-1	mm10	18
HOMINIDAE	4	71165372	79234541	-1	mm10	17
HOMINIDAE	4	79234541	82214367	-1	mm10	1
HOMINIDAE	4	82214367	84262632	1	mm10	17
HOMINIDAE	4	84262632	135188040	1	mm10	13
HOMINIDAE	4	135188040	172848812	1	mm10	15
HOMINIDAE	4	172848812	180404915	1	mm10	13
HOMINIDAE	4	0	49520817	-1	monDom5	1
HOMINIDAE	4	49520817	52717088	-1	monDom5	1
HOMINIDAE	4	52717088	58180281	1	monDom5	1
HOMINIDAE	4	58180281	61435169	-1	monDom5	1
HOMINIDAE	4	61435169	70258273	1	monDom5	6
HOMINIDAE	4	70258273	72069970	1	monDom5	3
HOMINIDAE	4	72069970	81250138	-1	monDom5	3
HOMINIDAE	4	81250138	81567355	1	monDom5	3
HOMINIDAE	4	81567355	82056268	-1	monDom5	3
HOMINIDAE	4	82056268	84182225	-1	monDom5	3
HOMINIDAE	4	84182225	99827421	1	monDom5	3
HOMINIDAE	4	99827421	103672960	1	monDom5	3
HOMINIDAE	4	103672960	109558521	-1	monDom5	3
HOMINIDAE	4	109558521	130074384	-1	monDom5	3
HOMINIDAE	4	130074384	143780176	1	monDom5	3
HOMINIDAE	4	143780176	168614819	-1	monDom5	3
HOMINIDAE	4	168614819	170522478	-1	monDom5	3
HOMINIDAE	4	170522478	171418039	1	monDom5	3
HOMINIDAE	4	171418039	180404915	-1	monDom5	3
HOMINIDAE	4	0	68181739	-1	oryCun2	3
HOMINIDAE	4	68181739	102174359	-1	oryCun2	11
HOMINIDAE	4	102174359	176928568	-1	oryCun2	11
HOMINIDAE	4	176928568	180404915	1	oryCun2	11
HOMINIDAE	4	0	84497996	-1	panTro3	5
HOMINIDAE	4	84497996	161866107	1	panTro3	5
HOMINIDAE	4	161866107	180404915	-1	panTro3	5
HOMINIDAE	4	0	180404915	-1	ponAbe2	5
HOMINIDAE	4	0	3446576	-1	rheMac3	6
HOMINIDAE	4	3446576	52240728	-1	rheMac3	6
HOMINIDAE	4	52240728	179152848	-1	rheMac3	6
HOMINIDAE	4	179152848	179705438	1	rheMac3	14
HOMINIDAE	4	179705438	180404915	-1	rheMac3	6
HOMINIDAE	4	0	3399012	1	rn4	10
HOMINIDAE	4	3399012	5432001	1	rn4	17
HOMINIDAE	4	5432001	25401239	1	rn4	10
HOMINIDAE	4	25401239	29238936	-1	rn4	10
HOMINIDAE	4	29238936	31647352	1	rn4	18
HOMINIDAE	4	31647352	43517033	-1	rn4	18
HOMINIDAE	4	43517033	46349389	1	rn4	17
HOMINIDAE	4	46349389	49703281	1	rn4	10
HOMINIDAE	4	49703281	68620057	-1	rn4	18
HOMINIDAE	4	68620057	70497802	-1	rn4	18
HOMINIDAE	4	70497802	82368376	-1	rn4	9
HOMINIDAE	4	82368376	84259366	1	rn4	1
HOMINIDAE	4	84259366	92911651	1	rn4	2
HOMINIDAE	4	92911651	93427601	-1	rn4	2
HOMINIDAE	4	93427601	173472225	1	rn4	2
HOMINIDAE	4	173472225	179363250	-1	rn4	17
HOMINIDAE	4	179363250	180404915	-1	rn4	1
HOMINIDAE	4	0	2838997	1	susScr2	2
HOMINIDAE	4	2838997	31644695	1	susScr2	16
HOMINIDAE	4	31644695	110245221	-1	susScr2	2
HOMINIDAE	4	110245221	170693756	-1	susScr2	16
HOMINIDAE	4	170693756	180404915	1	susScr2	16
HOMINIDAE	4	0	2061625	1	bosTau7	7
HOMINIDAE	4	2061625	6095218	-1	bosTau7	20
HOMINIDAE	4	6095218	9198466	1	bosTau7	20
HOMINIDAE	4	9198466	47976857	-1	bosTau7	7
HOMINIDAE	4	47976857	66273430	1	bosTau7	7
HOMINIDAE	4	66273430	69154945	-1	bosTau7	10
HOMINIDAE	4	69154945	71170778	1	bosTau7	10
HOMINIDAE	4	71170778	76473650	-1	bosTau7	7
HOMINIDAE	4	76473650	78848542	1	bosTau7	7
HOMINIDAE	4	78848542	99827421	-1	bosTau7	7
HOMINIDAE	4	99827421	105348563	-1	bosTau7	10
HOMINIDAE	4	105348563	180404915	1	bosTau7	20
HOMINIDAE	4	0	6957686	1	calJac3	2
HOMINIDAE	4	6957686	20032176	-1	calJac3	2
HOMINIDAE	4	20032176	44578820	-1	calJac3	2
HOMINIDAE	4	44578820	180404915	1	calJac3	2
HOMINIDAE	4	0	2890649	1	canFam2	11
HOMINIDAE	4	2890649	33336728	1	canFam2	4
HOMINIDAE	4	33336728	42936555	-1	canFam2	2
HOMINIDAE	4	42936555	68974702	-1	canFam2	11
HOMINIDAE	4	68974702	107062480	1	canFam2	3
HOMINIDAE	4	107062480	127573289	-1	canFam2	2
HOMINIDAE	4	127573289	165285802	1	canFam2	4
HOMINIDAE	4	165285802	180404915	1	canFam2	34
HOMINIDAE	4	0	1938373	1	capHir1	7
HOMINIDAE	4	1938373	3987869	-1	capHir1	7
HOMINIDAE	4	3987869	10458354	-1	capHir1	20
HOMINIDAE	4	10458354	48107522	-1	capHir1	7
HOMINIDAE	4	48107522	64951373	1	capHir1	7
HOMINIDAE	4	64951373	67654171	-1	capHir1	10
HOMINIDAE	4	67654171	69651118	1	capHir1	10
HOMINIDAE	4	69651118	81250138	-1	capHir1	7
HOMINIDAE	4	81250138	81567355	1	capHir1	7
HOMINIDAE	4	81567355	99827421	-1	capHir1	7
HOMINIDAE	4	99827421	105445259	-1	capHir1	10
HOMINIDAE	4	105445259	179164303	1	capHir1	20
HOMINIDAE	4	179164303	179605436	1	capHir1	20
HOMINIDAE	4	179605436	180404915	-1	capHir1	20
HOMINIDAE	4	0	110422954	1	equCab2	14
HOMINIDAE	4	110422954	180404915	1	equCab2	21
HOMINIDAE	4	0	55185315	1	galGal3	13
HOMINIDAE	4	55185315	99827421	1	galGal3	Z
HOMINIDAE	4	99827421	113116926	1	galGal3	Z
HOMINIDAE	4	113116926	145540795	-1	galGal3	Z
HOMINIDAE	4	145540795	175368009	1	galGal3	2
HOMINIDAE	4	175368009	180404915	-1	galGal3	2
HOMINIDAE	4	0	81250138	-1	gorGor3	5
HOMINIDAE	4	81250138	81567355	1	gorGor3	5
HOMINIDAE	4	81567355	99827421	-1	gorGor3	5
HOMINIDAE	4	99827421	180404915	1	gorGor3	17
HOMINIDAE	4	0	81250138	-1	hg19	5
HOMINIDAE	4	81250138	81567355	1	hg19	5
HOMINIDAE	4	81567355	180404915	-1	hg19	5
HOMINIDAE	4	0	3466998	1	mm10	11
HOMINIDAE	4	3466998	5695200	-1	mm10	13
HOMINIDAE	4	5695200	25641158	1	mm10	11
HOMINIDAE	4	25641158	29626565	-1	mm10	11
HOMINIDAE	4	29626565	32219345	1	mm10	18
HOMINIDAE	4	32219345	43970223	-1	mm10	18
HOMINIDAE	4	43970223	47003355	-1	mm10	13
HOMINIDAE	4	47003355	50853594	1	mm10	11
HOMINIDAE	4	50853594	69092348	-1	mm10	18
HOMINIDAE	4	69092348	71165372	-1	mm10	18
HOMINIDAE	4	71165372	79234541	-1	mm10	17
HOMINIDAE	4	79234541	82214367	-1	mm10	1
HOMINIDAE	4	82214367	84262632	1	mm10	17
HOMINIDAE	4	84262632	135188040	1	mm10	13
HOMINIDAE	4	135188040	172848812	1	mm10	15
HOMINIDAE	4	172848812	180404915	1	mm10	13
HOMINIDAE	4	0	49520817	-1	monDom5	1
HOMINIDAE	4	49520817	52717088	-1	monDom5	1
HOMINIDAE	4	52717088	58180281	1	monDom5	1
HOMINIDAE	4	58180281	61435169	-1	monDom5	1
HOMINIDAE	4	61435169	70258273	1	monDom5	6
HOMINIDAE	4	70258273	72069970	1	monDom5	3
HOMINIDAE	4	72069970	81250138	-1	monDom5	3
HOMINIDAE	4	81250138	81567355	1	monDom5	3
HOMINIDAE	4	81567355	82056268	-1	monDom5	3
HOMINIDAE	4	82056268	84182225	-1	monDom5	3
HOMINIDAE	4	84182225	99827421	1	monDom5	3
HOMINIDAE	4	99827421	103672960	1	monDom5	3
HOMINIDAE	4	103672960	109558521	-1	monDom5	3
HOMINIDAE	4	109558521	130074384	-1	monDom5	3
HOMINIDAE	4	130074384	143780176	1	monDom5	3
HOMINIDAE	4	143780176	168614819	-1	monDom5	3
HOMINIDAE	4	168614819	170522478	-1	monDom5	3
HOMINIDAE	4	170522478	171418039	1	monDom5	3
HOMINIDAE	4	171418039	180404915	-1	monDom5	3
HOMINIDAE	4	0	68181739	-1	oryCun2	3
HOMINIDAE	4	68181739	102174359	-1	oryCun2	11
HOMINIDAE	4	102174359	176928568	-1	oryCun2	11
HOMINIDAE	4	176928568	180404915	1	oryCun2	11
HOMINIDAE	4	0	84497996	-1	panTro3	5
HOMINIDAE	4	84497996	161866107	1	panTro3	5
HOMINIDAE	4	161866107	180404915	-1	panTro3	5
HOMINIDAE	4	0	180404915	-1	ponAbe2	5
HOMINIDAE	4	0	3446576	-1	rheMac3	6
HOMINIDAE	4	3446576	52240728	-1	rheMac3	6
HOMINIDAE	4	52240728	179152848	-1	rheMac3	6
HOMINIDAE	4	179152848	179705438	1	rheMac3	14
HOMINIDAE	4	179705438	180404915	-1	rheMac3	6
HOMINIDAE	4	0	3399012	1	rn4	10
HOMINIDAE	4	3399012	5432001	1	rn4	17
HOMINIDAE	4	5432001	25401239	1	rn4	10
HOMINIDAE	4	25401239	29238936	-1	rn4	10
HOMINIDAE	4	29238936	31647352	1	rn4	18
HOMINIDAE	4	31647352	43517033	-1	rn4	18
HOMINIDAE	4	43517033	46349389	1	rn4	17
HOMINIDAE	4	46349389	49703281	1	rn4	10
HOMINIDAE	4	49703281	68620057	-1	rn4	18
HOMINIDAE	4	68620057	70497802	-1	rn4	18
HOMINIDAE	4	70497802	82368376	-1	rn4	9
HOMINIDAE	4	82368376	84259366	1	rn4	1
HOMINIDAE	4	84259366	92911651	1	rn4	2
HOMINIDAE	4	92911651	93427601	-1	rn4	2
HOMINIDAE	4	93427601	173472225	1	rn4	2
HOMINIDAE	4	173472225	179363250	-1	rn4	17
HOMINIDAE	4	179363250	180404915	-1	rn4	1
HOMINIDAE	4	0	2838997	1	susScr2	2
HOMINIDAE	4	2838997	31644695	1	susScr2	16
HOMINIDAE	4	31644695	110245221	-1	susScr2	2
HOMINIDAE	4	110245221	170693756	-1	susScr2	16
HOMINIDAE	4	170693756	180404915	1	susScr2	16
HOMINIDAE	4	0	2061625	1	bosTau7	7
HOMINIDAE	4	2061625	6095218	-1	bosTau7	20
HOMINIDAE	4	6095218	9198466	1	bosTau7	20
HOMINIDAE	4	9198466	47976857	-1	bosTau7	7
HOMINIDAE	4	47976857	66273430	1	bosTau7	7
HOMINIDAE	4	66273430	69154945	-1	bosTau7	10
HOMINIDAE	4	69154945	71170778	1	bosTau7	10
HOMINIDAE	4	71170778	76473650	-1	bosTau7	7
HOMINIDAE	4	76473650	78848542	1	bosTau7	7
HOMINIDAE	4	78848542	99827421	-1	bosTau7	7
HOMINIDAE	4	99827421	105348563	-1	bosTau7	10
HOMINIDAE	4	105348563	180404915	1	bosTau7	20
HOMINIDAE	4	0	6957686	1	calJac3	2
HOMINIDAE	4	6957686	20032176	-1	calJac3	2
HOMINIDAE	4	20032176	44578820	-1	calJac3	2
HOMINIDAE	4	44578820	180404915	1	calJac3	2
HOMINIDAE	4	0	2890649	1	canFam2	11
HOMINIDAE	4	2890649	33336728	1	canFam2	4
HOMINIDAE	4	33336728	42936555	-1	canFam2	2
HOMINIDAE	4	42936555	68974702	-1	canFam2	11
HOMINIDAE	4	68974702	107062480	1	canFam2	3
HOMINIDAE	4	107062480	127573289	-1	canFam2	2
HOMINIDAE	4	127573289	165285802	1	canFam2	4
HOMINIDAE	4	165285802	180404915	1	canFam2	34
HOMINIDAE	4	0	1938373	1	capHir1	7
HOMINIDAE	4	1938373	3987869	-1	capHir1	7
HOMINIDAE	4	3987869	10458354	-1	capHir1	20
HOMINIDAE	4	10458354	48107522	-1	capHir1	7
HOMINIDAE	4	48107522	64951373	1	capHir1	7
HOMINIDAE	4	64951373	67654171	-1	capHir1	10
HOMINIDAE	4	67654171	69651118	1	capHir1	10
HOMINIDAE	4	69651118	81250138	-1	capHir1	7
HOMINIDAE	4	81250138	81567355	1	capHir1	7
HOMINIDAE	4	81567355	99827421	-1	capHir1	7
HOMINIDAE	4	99827421	105445259	-1	capHir1	10
HOMINIDAE	4	105445259	179164303	1	capHir1	20
HOMINIDAE	4	179164303	179605436	1	capHir1	20
HOMINIDAE	4	179605436	180404915	-1	capHir1	20
HOMINIDAE	4	0	110422954	1	equCab2	14
HOMINIDAE	4	110422954	180404915	1	equCab2	21
HOMINIDAE	4	0	55185315	1	galGal3	13
HOMINIDAE	4	55185315	99827421	1	galGal3	Z
HOMINIDAE	4	99827421	113116926	1	galGal3	Z
HOMINIDAE	4	113116926	145540795	-1	galGal3	Z
HOMINIDAE	4	145540795	175368009	1	galGal3	2
HOMINIDAE	4	175368009	180404915	-1	galGal3	2
HOMINIDAE	4	0	81250138	-1	gorGor3	5
HOMINIDAE	4	81250138	81567355	1	gorGor3	5
HOMINIDAE	4	81567355	99827421	-1	gorGor3	5
HOMINIDAE	4	99827421	180404915	1	gorGor3	17
HOMINIDAE	4	0	81250138	-1	hg19	5
HOMINIDAE	4	81250138	81567355	1	hg19	5
HOMINIDAE	4	81567355	180404915	-1	hg19	5
HOMINIDAE	4	0	3466998	1	mm10	11
HOMINIDAE	4	3466998	5695200	-1	mm10	13
HOMINIDAE	4	5695200	25641158	1	mm10	11
HOMINIDAE	4	25641158	29626565	-1	mm10	11
HOMINIDAE	4	29626565	32219345	1	mm10	18
HOMINIDAE	4	32219345	43970223	-1	mm10	18
HOMINIDAE	4	43970223	47003355	-1	mm10	13
HOMINIDAE	4	47003355	50853594	1	mm10	11
HOMINIDAE	4	50853594	69092348	-1	mm10	18
HOMINIDAE	4	69092348	71165372	-1	mm10	18
HOMINIDAE	4	71165372	79234541	-1	mm10	17
HOMINIDAE	4	79234541	82214367	-1	mm10	1
HOMINIDAE	4	82214367	84262632	1	mm10	17
HOMINIDAE	4	84262632	135188040	1	mm10	13
HOMINIDAE	4	135188040	172848812	1	mm10	15
HOMINIDAE	4	172848812	180404915	1	mm10	13
HOMINIDAE	4	0	49520817	-1	monDom5	1
HOMINIDAE	4	49520817	52717088	-1	monDom5	1
HOMINIDAE	4	52717088	58180281	1	monDom5	1
HOMINIDAE	4	58180281	61435169	-1	monDom5	1
HOMINIDAE	4	61435169	70258273	1	monDom5	6
HOMINIDAE	4	70258273	72069970	1	monDom5	3
HOMINIDAE	4	72069970	81250138	-1	monDom5	3
HOMINIDAE	4	81250138	81567355	1	monDom5	3
HOMINIDAE	4	81567355	82056268	-1	monDom5	3
HOMINIDAE	4	82056268	84182225	-1	monDom5	3
HOMINIDAE	4	84182225	99827421	1	monDom5	3
HOMINIDAE	4	99827421	103672960	1	monDom5	3
HOMINIDAE	4	103672960	109558521	-1	monDom5	3
HOMINIDAE	4	109558521	130074384	-1	monDom5	3
HOMINIDAE	4	130074384	143780176	1	monDom5	3
HOMINIDAE	4	143780176	168614819	-1	monDom5	3
HOMINIDAE	4	168614819	170522478	-1	monDom5	3
HOMINIDAE	4	170522478	171418039	1	monDom5	3
HOMINIDAE	4	171418039	180404915	-1	monDom5	3
HOMINIDAE	4	0	68181739	-1	oryCun2	3
HOMINIDAE	4	68181739	102174359	-1	oryCun2	11
HOMINIDAE	4	102174359	176928568	-1	oryCun2	11
HOMINIDAE	4	176928568	180404915	1	oryCun2	11
HOMINIDAE	4	0	84497996	-1	panTro3	5
HOMINIDAE	4	84497996	161866107	1	panTro3	5
HOMINIDAE	4	161866107	180404915	-1	panTro3	5
HOMINIDAE	4	0	180404915	-1	ponAbe2	5
HOMINIDAE	4	0	3446576	-1	rheMac3	6
HOMINIDAE	4	3446576	52240728	-1	rheMac3	6
HOMINIDAE	4	52240728	179152848	-1	rheMac3	6
HOMINIDAE	4	179152848	179705438	1	rheMac3	14
HOMINIDAE	4	179705438	180404915	-1	rheMac3	6
HOMINIDAE	4	0	3399012	1	rn4	10
HOMINIDAE	4	3399012	5432001	1	rn4	17
HOMINIDAE	4	5432001	25401239	1	rn4	10
HOMINIDAE	4	25401239	29238936	-1	rn4	10
HOMINIDAE	4	29238936	31647352	1	rn4	18
HOMINIDAE	4	31647352	43517033	-1	rn4	18
HOMINIDAE	4	43517033	46349389	1	rn4	17
HOMINIDAE	4	46349389	49703281	1	rn4	10
HOMINIDAE	4	49703281	68620057	-1	rn4	18
HOMINIDAE	4	68620057	70497802	-1	rn4	18
HOMINIDAE	4	70497802	82368376	-1	rn4	9
HOMINIDAE	4	82368376	84259366	1	rn4	1
HOMINIDAE	4	84259366	92911651	1	rn4	2
HOMINIDAE	4	92911651	93427601	-1	rn4	2
HOMINIDAE	4	93427601	173472225	1	rn4	2
HOMINIDAE	4	173472225	179363250	-1	rn4	17
HOMINIDAE	4	179363250	180404915	-1	rn4	1
HOMINIDAE	4	0	2838997	1	susScr2	2
HOMINIDAE	4	2838997	31644695	1	susScr2	16
HOMINIDAE	4	31644695	110245221	-1	susScr2	2
HOMINIDAE	4	110245221	170693756	-1	susScr2	16
HOMINIDAE	4	170693756	180404915	1	susScr2	16
