HOMINIDAE	2	0	916516	1	bosTau7	1
HOMINIDAE	2	916516	2032142	-1	bosTau7	1
HOMINIDAE	2	2032142	7077881	1	bosTau7	1
HOMINIDAE	2	7077881	7366283	1	bosTau7	10
HOMINIDAE	2	7366283	30818610	1	bosTau7	1
HOMINIDAE	2	30818610	32783026	-1	bosTau7	1
HOMINIDAE	2	32783026	49899625	1	bosTau7	1
HOMINIDAE	2	49899625	50861776	-1	bosTau7	22
HOMINIDAE	2	50861776	52979113	1	bosTau7	22
HOMINIDAE	2	52979113	53961930	1	bosTau7	22
HOMINIDAE	2	53961930	55620910	-1	bosTau7	22
HOMINIDAE	2	55620910	96744643	1	bosTau7	22
HOMINIDAE	2	96744643	113374358	-1	bosTau7	22
HOMINIDAE	2	113374358	120340070	-1	bosTau7	27
HOMINIDAE	2	120340070	126168529	-1	bosTau7	1
HOMINIDAE	2	126168529	194211371	-1	bosTau7	1
HOMINIDAE	2	0	19020864	-1	calJac3	21
HOMINIDAE	2	19020864	33073593	-1	calJac3	15
HOMINIDAE	2	33073593	34568596	1	calJac3	15
HOMINIDAE	2	34568596	63826519	-1	calJac3	15
HOMINIDAE	2	63826519	64339777	1	calJac3	15
HOMINIDAE	2	64339777	99040266	-1	calJac3	15
HOMINIDAE	2	99040266	175644271	-1	calJac3	17
HOMINIDAE	2	175644271	194211371	1	calJac3	15
HOMINIDAE	2	0	12801310	-1	canFam2	31
HOMINIDAE	2	12801310	47668362	1	canFam2	33
HOMINIDAE	2	47668362	50861776	1	canFam2	20
HOMINIDAE	2	50861776	53068553	-1	canFam2	20
HOMINIDAE	2	53068553	97110042	1	canFam2	20
HOMINIDAE	2	97110042	98628943	1	canFam2	23
HOMINIDAE	2	98628943	108144892	-1	canFam2	23
HOMINIDAE	2	108144892	156267075	1	canFam2	23
HOMINIDAE	2	156267075	177131749	1	canFam2	34
HOMINIDAE	2	177131749	192446191	1	canFam2	34
HOMINIDAE	2	192446191	194211371	1	canFam2	33
HOMINIDAE	2	0	2313653	-1	capHir1	1
HOMINIDAE	2	2313653	49652585	1	capHir1	1
HOMINIDAE	2	49652585	50861776	-1	capHir1	22
HOMINIDAE	2	50861776	53444173	1	capHir1	22
HOMINIDAE	2	53444173	54831502	-1	capHir1	22
HOMINIDAE	2	54831502	96605074	1	capHir1	22
HOMINIDAE	2	96605074	113220071	-1	capHir1	22
HOMINIDAE	2	113220071	120331571	1	capHir1	27
HOMINIDAE	2	120331571	126168529	-1	capHir1	1
HOMINIDAE	2	126168529	192636518	-1	capHir1	1
HOMINIDAE	2	192636518	194211371	1	capHir1	1
HOMINIDAE	2	0	14654588	-1	equCab2	26
HOMINIDAE	2	14654588	49014936	-1	equCab2	19
HOMINIDAE	2	49014936	50861776	1	equCab2	16
HOMINIDAE	2	50861776	53080663	-1	equCab2	16
HOMINIDAE	2	53080663	151591684	1	equCab2	16
HOMINIDAE	2	151591684	154531940	1	equCab2	19
HOMINIDAE	2	154531940	156536915	1	equCab2	5
HOMINIDAE	2	156536915	192388657	1	equCab2	19
HOMINIDAE	2	192388657	194211371	-1	equCab2	19
HOMINIDAE	2	0	12564947	-1	galGal3	1
HOMINIDAE	2	12564947	20639472	1	galGal3	1
HOMINIDAE	2	20639472	33672336	1	galGal3	1
HOMINIDAE	2	33672336	42108414	-1	galGal3	1
HOMINIDAE	2	42108414	44836657	-1	galGal3	1
HOMINIDAE	2	44836657	50861776	1	galGal3	7
HOMINIDAE	2	50861776	51409850	-1	galGal3	12
HOMINIDAE	2	51409850	56897853	-1	galGal3	12
HOMINIDAE	2	56897853	87420467	-1	galGal3	12
HOMINIDAE	2	87420467	94970849	-1	galGal3	12
HOMINIDAE	2	94970849	126168529	-1	galGal3	2
HOMINIDAE	2	126168529	138599024	1	galGal3	9
HOMINIDAE	2	138599024	194211371	-1	galGal3	9
HOMINIDAE	2	0	50861776	1	gorGor3	3
HOMINIDAE	2	50861776	65977796	-1	gorGor3	3
HOMINIDAE	2	65977796	126168529	-1	gorGor3	3
HOMINIDAE	2	126168529	194211371	1	gorGor3	3
HOMINIDAE	2	0	50861776	1	hg19	3
HOMINIDAE	2	50861776	65977796	-1	hg19	3
HOMINIDAE	2	65977796	126168529	-1	hg19	3
HOMINIDAE	2	126168529	194211371	1	hg19	3
HOMINIDAE	2	0	47906792	-1	mm10	16
HOMINIDAE	2	47906792	50861776	-1	mm10	6
HOMINIDAE	2	50861776	53141470	-1	mm10	6
HOMINIDAE	2	53141470	79668173	-1	mm10	6
HOMINIDAE	2	79668173	87512534	-1	mm10	14
HOMINIDAE	2	87512534	93626462	1	mm10	14
HOMINIDAE	2	93626462	99764788	1	mm10	9
HOMINIDAE	2	99764788	106762506	-1	mm10	9
HOMINIDAE	2	106762506	115958209	1	mm10	9
HOMINIDAE	2	115958209	121521550	1	mm10	14
HOMINIDAE	2	121521550	126168529	-1	mm10	17
HOMINIDAE	2	126168529	143255774	-1	mm10	9
HOMINIDAE	2	143255774	163594332	1	mm10	3
HOMINIDAE	2	163594332	166337283	1	mm10	3
HOMINIDAE	2	166337283	175305574	-1	mm10	3
HOMINIDAE	2	175305574	179932866	1	mm10	3
HOMINIDAE	2	179932866	192610674	1	mm10	16
HOMINIDAE	2	192610674	194211371	-1	mm10	16
HOMINIDAE	2	0	18915915	1	monDom5	7
HOMINIDAE	2	18915915	28385928	-1	monDom5	4
HOMINIDAE	2	28385928	46993282	1	monDom5	4
HOMINIDAE	2	46993282	47599818	-1	monDom5	6
HOMINIDAE	2	47599818	50120911	1	monDom5	6
HOMINIDAE	2	50120911	52025318	1	monDom5	6
HOMINIDAE	2	52025318	53200713	-1	monDom5	6
HOMINIDAE	2	53200713	55155898	-1	monDom5	6
HOMINIDAE	2	55155898	55774013	1	monDom5	6
HOMINIDAE	2	55774013	87009643	-1	monDom5	6
HOMINIDAE	2	87009643	91084854	1	monDom5	6
HOMINIDAE	2	91084854	94007221	1	monDom5	6
HOMINIDAE	2	94007221	98788659	-1	monDom5	6
HOMINIDAE	2	98788659	101337914	1	monDom5	6
HOMINIDAE	2	101337914	103097857	-1	monDom5	8
HOMINIDAE	2	103097857	104514075	1	monDom5	8
HOMINIDAE	2	104514075	106552190	1	monDom5	8
HOMINIDAE	2	106552190	107928510	-1	monDom5	8
HOMINIDAE	2	107928510	109312558	1	monDom5	6
HOMINIDAE	2	109312558	129820104	-1	monDom5	8
HOMINIDAE	2	129820104	141643315	1	monDom5	4
HOMINIDAE	2	141643315	153822615	-1	monDom5	7
HOMINIDAE	2	153822615	175031260	-1	monDom5	7
HOMINIDAE	2	175031260	187427395	1	monDom5	7
HOMINIDAE	2	187427395	188887759	1	monDom5	2
HOMINIDAE	2	188887759	194211371	-1	monDom5	7
HOMINIDAE	2	0	48705366	-1	oryCun2	14
HOMINIDAE	2	48705366	50861776	1	oryCun2	9
HOMINIDAE	2	50861776	52053342	-1	oryCun2	9
HOMINIDAE	2	52053342	53017564	1	oryCun2	9
HOMINIDAE	2	53017564	65977796	1	oryCun2	9
HOMINIDAE	2	65977796	96799979	-1	oryCun2	9
HOMINIDAE	2	96799979	101430755	1	oryCun2	9
HOMINIDAE	2	101430755	126168529	-1	oryCun2	14
HOMINIDAE	2	126168529	181001645	1	oryCun2	14
HOMINIDAE	2	181001645	184873337	-1	oryCun2	14
HOMINIDAE	2	184873337	194211371	1	oryCun2	14
HOMINIDAE	2	0	50861776	1	panTro3	3
HOMINIDAE	2	50861776	65977796	-1	panTro3	3
HOMINIDAE	2	65977796	126168529	-1	panTro3	3
HOMINIDAE	2	126168529	194211371	1	panTro3	3
HOMINIDAE	2	0	14654588	1	ponAbe2	3
HOMINIDAE	2	14654588	53444173	-1	ponAbe2	3
HOMINIDAE	2	53444173	194211371	1	ponAbe2	3
HOMINIDAE	2	0	47936532	1	rheMac3	2
HOMINIDAE	2	47936532	51912404	-1	rheMac3	11
HOMINIDAE	2	51912404	105037213	1	rheMac3	2
HOMINIDAE	2	105037213	183667694	-1	rheMac3	2
HOMINIDAE	2	183667694	192385511	1	rheMac3	2
HOMINIDAE	2	192385511	194211371	-1	rheMac3	2
HOMINIDAE	2	0	14654588	-1	rn4	11
HOMINIDAE	2	14654588	48181228	1	rn4	11
HOMINIDAE	2	48181228	50861776	-1	rn4	4
HOMINIDAE	2	50861776	53127665	-1	rn4	4
HOMINIDAE	2	53127665	80372959	-1	rn4	4
HOMINIDAE	2	80372959	88126051	1	rn4	15
HOMINIDAE	2	88126051	94212675	1	rn4	16
HOMINIDAE	2	94212675	99113796	1	rn4	8
HOMINIDAE	2	99113796	105075953	-1	rn4	8
HOMINIDAE	2	105075953	112804060	1	rn4	8
HOMINIDAE	2	112804060	119684070	-1	rn4	15
HOMINIDAE	2	119684070	126168529	1	rn4	9
HOMINIDAE	2	126168529	142440618	-1	rn4	8
HOMINIDAE	2	142440618	163491585	1	rn4	2
HOMINIDAE	2	163491585	164900997	1	rn4	2
HOMINIDAE	2	164900997	167522377	-1	rn4	2
HOMINIDAE	2	167522377	175410565	-1	rn4	2
HOMINIDAE	2	175410565	180146474	1	rn4	2
HOMINIDAE	2	180146474	192715045	-1	rn4	11
HOMINIDAE	2	192715045	194211371	1	rn4	11
HOMINIDAE	2	0	32011563	-1	susScr2	13
HOMINIDAE	2	32011563	34124580	1	susScr2	13
HOMINIDAE	2	34124580	49459895	-1	susScr2	13
HOMINIDAE	2	49459895	50861776	-1	susScr2	13
HOMINIDAE	2	50861776	52558502	1	susScr2	13
HOMINIDAE	2	52558502	52831659	-1	susScr2	13
HOMINIDAE	2	52831659	128997180	-1	susScr2	13
HOMINIDAE	2	128997180	194211371	1	susScr2	13
HOMINIDAE	2	0	916516	1	bosTau7	1
HOMINIDAE	2	916516	2032142	-1	bosTau7	1
HOMINIDAE	2	2032142	7077881	1	bosTau7	1
HOMINIDAE	2	7077881	7366283	1	bosTau7	10
HOMINIDAE	2	7366283	30818610	1	bosTau7	1
HOMINIDAE	2	30818610	32783026	-1	bosTau7	1
HOMINIDAE	2	32783026	49899625	1	bosTau7	1
HOMINIDAE	2	49899625	50861776	-1	bosTau7	22
HOMINIDAE	2	50861776	52979113	1	bosTau7	22
HOMINIDAE	2	52979113	53961930	1	bosTau7	22
HOMINIDAE	2	53961930	55620910	-1	bosTau7	22
HOMINIDAE	2	55620910	96744643	1	bosTau7	22
HOMINIDAE	2	96744643	113374358	-1	bosTau7	22
HOMINIDAE	2	113374358	120340070	-1	bosTau7	27
HOMINIDAE	2	120340070	126168529	-1	bosTau7	1
HOMINIDAE	2	126168529	194211371	-1	bosTau7	1
HOMINIDAE	2	0	19020864	-1	calJac3	21
HOMINIDAE	2	19020864	33073593	-1	calJac3	15
HOMINIDAE	2	33073593	34568596	1	calJac3	15
HOMINIDAE	2	34568596	63826519	-1	calJac3	15
HOMINIDAE	2	63826519	64339777	1	calJac3	15
HOMINIDAE	2	64339777	99040266	-1	calJac3	15
HOMINIDAE	2	99040266	175644271	-1	calJac3	17
HOMINIDAE	2	175644271	194211371	1	calJac3	15
HOMINIDAE	2	0	12801310	-1	canFam2	31
HOMINIDAE	2	12801310	47668362	1	canFam2	33
HOMINIDAE	2	47668362	50861776	1	canFam2	20
HOMINIDAE	2	50861776	53068553	-1	canFam2	20
HOMINIDAE	2	53068553	97110042	1	canFam2	20
HOMINIDAE	2	97110042	98628943	1	canFam2	23
HOMINIDAE	2	98628943	108144892	-1	canFam2	23
HOMINIDAE	2	108144892	156267075	1	canFam2	23
HOMINIDAE	2	156267075	177131749	1	canFam2	34
HOMINIDAE	2	177131749	192446191	1	canFam2	34
HOMINIDAE	2	192446191	194211371	1	canFam2	33
HOMINIDAE	2	0	2313653	-1	capHir1	1
HOMINIDAE	2	2313653	49652585	1	capHir1	1
HOMINIDAE	2	49652585	50861776	-1	capHir1	22
HOMINIDAE	2	50861776	53444173	1	capHir1	22
HOMINIDAE	2	53444173	54831502	-1	capHir1	22
HOMINIDAE	2	54831502	96605074	1	capHir1	22
HOMINIDAE	2	96605074	113220071	-1	capHir1	22
HOMINIDAE	2	113220071	120331571	1	capHir1	27
HOMINIDAE	2	120331571	126168529	-1	capHir1	1
HOMINIDAE	2	126168529	192636518	-1	capHir1	1
HOMINIDAE	2	192636518	194211371	1	capHir1	1
HOMINIDAE	2	0	14654588	-1	equCab2	26
HOMINIDAE	2	14654588	49014936	-1	equCab2	19
HOMINIDAE	2	49014936	50861776	1	equCab2	16
HOMINIDAE	2	50861776	53080663	-1	equCab2	16
HOMINIDAE	2	53080663	151591684	1	equCab2	16
HOMINIDAE	2	151591684	154531940	1	equCab2	19
HOMINIDAE	2	154531940	156536915	1	equCab2	5
HOMINIDAE	2	156536915	192388657	1	equCab2	19
HOMINIDAE	2	192388657	194211371	-1	equCab2	19
HOMINIDAE	2	0	12564947	-1	galGal3	1
HOMINIDAE	2	12564947	20639472	1	galGal3	1
HOMINIDAE	2	20639472	33672336	1	galGal3	1
HOMINIDAE	2	33672336	42108414	-1	galGal3	1
HOMINIDAE	2	42108414	44836657	-1	galGal3	1
HOMINIDAE	2	44836657	50861776	1	galGal3	7
HOMINIDAE	2	50861776	51409850	-1	galGal3	12
HOMINIDAE	2	51409850	56897853	-1	galGal3	12
HOMINIDAE	2	56897853	87420467	-1	galGal3	12
HOMINIDAE	2	87420467	94970849	-1	galGal3	12
HOMINIDAE	2	94970849	126168529	-1	galGal3	2
HOMINIDAE	2	126168529	138599024	1	galGal3	9
HOMINIDAE	2	138599024	194211371	-1	galGal3	9
HOMINIDAE	2	0	50861776	1	gorGor3	3
HOMINIDAE	2	50861776	65977796	-1	gorGor3	3
HOMINIDAE	2	65977796	126168529	-1	gorGor3	3
HOMINIDAE	2	126168529	194211371	1	gorGor3	3
HOMINIDAE	2	0	50861776	1	hg19	3
HOMINIDAE	2	50861776	65977796	-1	hg19	3
HOMINIDAE	2	65977796	126168529	-1	hg19	3
HOMINIDAE	2	126168529	194211371	1	hg19	3
HOMINIDAE	2	0	47906792	-1	mm10	16
HOMINIDAE	2	47906792	50861776	-1	mm10	6
HOMINIDAE	2	50861776	53141470	-1	mm10	6
HOMINIDAE	2	53141470	79668173	-1	mm10	6
HOMINIDAE	2	79668173	87512534	-1	mm10	14
HOMINIDAE	2	87512534	93626462	1	mm10	14
HOMINIDAE	2	93626462	99764788	1	mm10	9
HOMINIDAE	2	99764788	106762506	-1	mm10	9
HOMINIDAE	2	106762506	115958209	1	mm10	9
HOMINIDAE	2	115958209	121521550	1	mm10	14
HOMINIDAE	2	121521550	126168529	-1	mm10	17
HOMINIDAE	2	126168529	143255774	-1	mm10	9
HOMINIDAE	2	143255774	163594332	1	mm10	3
HOMINIDAE	2	163594332	166337283	1	mm10	3
HOMINIDAE	2	166337283	175305574	-1	mm10	3
HOMINIDAE	2	175305574	179932866	1	mm10	3
HOMINIDAE	2	179932866	192610674	1	mm10	16
HOMINIDAE	2	192610674	194211371	-1	mm10	16
HOMINIDAE	2	0	18915915	1	monDom5	7
HOMINIDAE	2	18915915	28385928	-1	monDom5	4
HOMINIDAE	2	28385928	46993282	1	monDom5	4
HOMINIDAE	2	46993282	47599818	-1	monDom5	6
HOMINIDAE	2	47599818	50120911	1	monDom5	6
HOMINIDAE	2	50120911	52025318	1	monDom5	6
HOMINIDAE	2	52025318	53200713	-1	monDom5	6
HOMINIDAE	2	53200713	55155898	-1	monDom5	6
HOMINIDAE	2	55155898	55774013	1	monDom5	6
HOMINIDAE	2	55774013	87009643	-1	monDom5	6
HOMINIDAE	2	87009643	91084854	1	monDom5	6
HOMINIDAE	2	91084854	94007221	1	monDom5	6
HOMINIDAE	2	94007221	98788659	-1	monDom5	6
HOMINIDAE	2	98788659	101337914	1	monDom5	6
HOMINIDAE	2	101337914	103097857	-1	monDom5	8
HOMINIDAE	2	103097857	104514075	1	monDom5	8
HOMINIDAE	2	104514075	106552190	1	monDom5	8
HOMINIDAE	2	106552190	107928510	-1	monDom5	8
HOMINIDAE	2	107928510	109312558	1	monDom5	6
HOMINIDAE	2	109312558	129820104	-1	monDom5	8
HOMINIDAE	2	129820104	141643315	1	monDom5	4
HOMINIDAE	2	141643315	153822615	-1	monDom5	7
HOMINIDAE	2	153822615	175031260	-1	monDom5	7
HOMINIDAE	2	175031260	187427395	1	monDom5	7
HOMINIDAE	2	187427395	188887759	1	monDom5	2
HOMINIDAE	2	188887759	194211371	-1	monDom5	7
HOMINIDAE	2	0	48705366	-1	oryCun2	14
HOMINIDAE	2	48705366	50861776	1	oryCun2	9
HOMINIDAE	2	50861776	52053342	-1	oryCun2	9
HOMINIDAE	2	52053342	53017564	1	oryCun2	9
HOMINIDAE	2	53017564	65977796	1	oryCun2	9
HOMINIDAE	2	65977796	96799979	-1	oryCun2	9
HOMINIDAE	2	96799979	101430755	1	oryCun2	9
HOMINIDAE	2	101430755	126168529	-1	oryCun2	14
HOMINIDAE	2	126168529	181001645	1	oryCun2	14
HOMINIDAE	2	181001645	184873337	-1	oryCun2	14
HOMINIDAE	2	184873337	194211371	1	oryCun2	14
HOMINIDAE	2	0	50861776	1	panTro3	3
HOMINIDAE	2	50861776	65977796	-1	panTro3	3
HOMINIDAE	2	65977796	126168529	-1	panTro3	3
HOMINIDAE	2	126168529	194211371	1	panTro3	3
HOMINIDAE	2	0	14654588	1	ponAbe2	3
HOMINIDAE	2	14654588	53444173	-1	ponAbe2	3
HOMINIDAE	2	53444173	194211371	1	ponAbe2	3
HOMINIDAE	2	0	47936532	1	rheMac3	2
HOMINIDAE	2	47936532	51912404	-1	rheMac3	11
HOMINIDAE	2	51912404	105037213	1	rheMac3	2
HOMINIDAE	2	105037213	183667694	-1	rheMac3	2
HOMINIDAE	2	183667694	192385511	1	rheMac3	2
HOMINIDAE	2	192385511	194211371	-1	rheMac3	2
HOMINIDAE	2	0	14654588	-1	rn4	11
HOMINIDAE	2	14654588	48181228	1	rn4	11
HOMINIDAE	2	48181228	50861776	-1	rn4	4
HOMINIDAE	2	50861776	53127665	-1	rn4	4
HOMINIDAE	2	53127665	80372959	-1	rn4	4
HOMINIDAE	2	80372959	88126051	1	rn4	15
HOMINIDAE	2	88126051	94212675	1	rn4	16
HOMINIDAE	2	94212675	99113796	1	rn4	8
HOMINIDAE	2	99113796	105075953	-1	rn4	8
HOMINIDAE	2	105075953	112804060	1	rn4	8
HOMINIDAE	2	112804060	119684070	-1	rn4	15
HOMINIDAE	2	119684070	126168529	1	rn4	9
HOMINIDAE	2	126168529	142440618	-1	rn4	8
HOMINIDAE	2	142440618	163491585	1	rn4	2
HOMINIDAE	2	163491585	164900997	1	rn4	2
HOMINIDAE	2	164900997	167522377	-1	rn4	2
HOMINIDAE	2	167522377	175410565	-1	rn4	2
HOMINIDAE	2	175410565	180146474	1	rn4	2
HOMINIDAE	2	180146474	192715045	-1	rn4	11
HOMINIDAE	2	192715045	194211371	1	rn4	11
HOMINIDAE	2	0	32011563	-1	susScr2	13
HOMINIDAE	2	32011563	34124580	1	susScr2	13
HOMINIDAE	2	34124580	49459895	-1	susScr2	13
HOMINIDAE	2	49459895	50861776	-1	susScr2	13
HOMINIDAE	2	50861776	52558502	1	susScr2	13
HOMINIDAE	2	52558502	52831659	-1	susScr2	13
HOMINIDAE	2	52831659	128997180	-1	susScr2	13
HOMINIDAE	2	128997180	194211371	1	susScr2	13
HOMINIDAE	2	0	916516	1	bosTau7	1
HOMINIDAE	2	916516	2032142	-1	bosTau7	1
HOMINIDAE	2	2032142	7077881	1	bosTau7	1
HOMINIDAE	2	7077881	7366283	1	bosTau7	10
HOMINIDAE	2	7366283	30818610	1	bosTau7	1
HOMINIDAE	2	30818610	32783026	-1	bosTau7	1
HOMINIDAE	2	32783026	49899625	1	bosTau7	1
HOMINIDAE	2	49899625	50861776	-1	bosTau7	22
HOMINIDAE	2	50861776	52979113	1	bosTau7	22
HOMINIDAE	2	52979113	53961930	1	bosTau7	22
HOMINIDAE	2	53961930	55620910	-1	bosTau7	22
HOMINIDAE	2	55620910	96744643	1	bosTau7	22
HOMINIDAE	2	96744643	113374358	-1	bosTau7	22
HOMINIDAE	2	113374358	120340070	-1	bosTau7	27
HOMINIDAE	2	120340070	126168529	-1	bosTau7	1
HOMINIDAE	2	126168529	194211371	-1	bosTau7	1
HOMINIDAE	2	0	19020864	-1	calJac3	21
HOMINIDAE	2	19020864	33073593	-1	calJac3	15
HOMINIDAE	2	33073593	34568596	1	calJac3	15
HOMINIDAE	2	34568596	63826519	-1	calJac3	15
HOMINIDAE	2	63826519	64339777	1	calJac3	15
HOMINIDAE	2	64339777	99040266	-1	calJac3	15
HOMINIDAE	2	99040266	175644271	-1	calJac3	17
HOMINIDAE	2	175644271	194211371	1	calJac3	15
HOMINIDAE	2	0	12801310	-1	canFam2	31
HOMINIDAE	2	12801310	47668362	1	canFam2	33
HOMINIDAE	2	47668362	50861776	1	canFam2	20
HOMINIDAE	2	50861776	53068553	-1	canFam2	20
HOMINIDAE	2	53068553	97110042	1	canFam2	20
HOMINIDAE	2	97110042	98628943	1	canFam2	23
HOMINIDAE	2	98628943	108144892	-1	canFam2	23
HOMINIDAE	2	108144892	156267075	1	canFam2	23
HOMINIDAE	2	156267075	177131749	1	canFam2	34
HOMINIDAE	2	177131749	192446191	1	canFam2	34
HOMINIDAE	2	192446191	194211371	1	canFam2	33
HOMINIDAE	2	0	2313653	-1	capHir1	1
HOMINIDAE	2	2313653	49652585	1	capHir1	1
HOMINIDAE	2	49652585	50861776	-1	capHir1	22
HOMINIDAE	2	50861776	53444173	1	capHir1	22
HOMINIDAE	2	53444173	54831502	-1	capHir1	22
HOMINIDAE	2	54831502	96605074	1	capHir1	22
HOMINIDAE	2	96605074	113220071	-1	capHir1	22
HOMINIDAE	2	113220071	120331571	1	capHir1	27
HOMINIDAE	2	120331571	126168529	-1	capHir1	1
HOMINIDAE	2	126168529	192636518	-1	capHir1	1
HOMINIDAE	2	192636518	194211371	1	capHir1	1
HOMINIDAE	2	0	14654588	-1	equCab2	26
HOMINIDAE	2	14654588	49014936	-1	equCab2	19
HOMINIDAE	2	49014936	50861776	1	equCab2	16
HOMINIDAE	2	50861776	53080663	-1	equCab2	16
HOMINIDAE	2	53080663	151591684	1	equCab2	16
HOMINIDAE	2	151591684	154531940	1	equCab2	19
HOMINIDAE	2	154531940	156536915	1	equCab2	5
HOMINIDAE	2	156536915	192388657	1	equCab2	19
HOMINIDAE	2	192388657	194211371	-1	equCab2	19
HOMINIDAE	2	0	12564947	-1	galGal3	1
HOMINIDAE	2	12564947	20639472	1	galGal3	1
HOMINIDAE	2	20639472	33672336	1	galGal3	1
HOMINIDAE	2	33672336	42108414	-1	galGal3	1
HOMINIDAE	2	42108414	44836657	-1	galGal3	1
HOMINIDAE	2	44836657	50861776	1	galGal3	7
HOMINIDAE	2	50861776	51409850	-1	galGal3	12
HOMINIDAE	2	51409850	56897853	-1	galGal3	12
HOMINIDAE	2	56897853	87420467	-1	galGal3	12
HOMINIDAE	2	87420467	94970849	-1	galGal3	12
HOMINIDAE	2	94970849	126168529	-1	galGal3	2
HOMINIDAE	2	126168529	138599024	1	galGal3	9
HOMINIDAE	2	138599024	194211371	-1	galGal3	9
HOMINIDAE	2	0	50861776	1	gorGor3	3
HOMINIDAE	2	50861776	65977796	-1	gorGor3	3
HOMINIDAE	2	65977796	126168529	-1	gorGor3	3
HOMINIDAE	2	126168529	194211371	1	gorGor3	3
HOMINIDAE	2	0	50861776	1	hg19	3
HOMINIDAE	2	50861776	65977796	-1	hg19	3
HOMINIDAE	2	65977796	126168529	-1	hg19	3
HOMINIDAE	2	126168529	194211371	1	hg19	3
HOMINIDAE	2	0	47906792	-1	mm10	16
HOMINIDAE	2	47906792	50861776	-1	mm10	6
HOMINIDAE	2	50861776	53141470	-1	mm10	6
HOMINIDAE	2	53141470	79668173	-1	mm10	6
HOMINIDAE	2	79668173	87512534	-1	mm10	14
HOMINIDAE	2	87512534	93626462	1	mm10	14
HOMINIDAE	2	93626462	99764788	1	mm10	9
HOMINIDAE	2	99764788	106762506	-1	mm10	9
HOMINIDAE	2	106762506	115958209	1	mm10	9
HOMINIDAE	2	115958209	121521550	1	mm10	14
HOMINIDAE	2	121521550	126168529	-1	mm10	17
HOMINIDAE	2	126168529	143255774	-1	mm10	9
HOMINIDAE	2	143255774	163594332	1	mm10	3
HOMINIDAE	2	163594332	166337283	1	mm10	3
HOMINIDAE	2	166337283	175305574	-1	mm10	3
HOMINIDAE	2	175305574	179932866	1	mm10	3
HOMINIDAE	2	179932866	192610674	1	mm10	16
HOMINIDAE	2	192610674	194211371	-1	mm10	16
HOMINIDAE	2	0	18915915	1	monDom5	7
HOMINIDAE	2	18915915	28385928	-1	monDom5	4
HOMINIDAE	2	28385928	46993282	1	monDom5	4
HOMINIDAE	2	46993282	47599818	-1	monDom5	6
HOMINIDAE	2	47599818	50120911	1	monDom5	6
HOMINIDAE	2	50120911	52025318	1	monDom5	6
HOMINIDAE	2	52025318	53200713	-1	monDom5	6
HOMINIDAE	2	53200713	55155898	-1	monDom5	6
HOMINIDAE	2	55155898	55774013	1	monDom5	6
HOMINIDAE	2	55774013	87009643	-1	monDom5	6
HOMINIDAE	2	87009643	91084854	1	monDom5	6
HOMINIDAE	2	91084854	94007221	1	monDom5	6
HOMINIDAE	2	94007221	98788659	-1	monDom5	6
HOMINIDAE	2	98788659	101337914	1	monDom5	6
HOMINIDAE	2	101337914	103097857	-1	monDom5	8
HOMINIDAE	2	103097857	104514075	1	monDom5	8
HOMINIDAE	2	104514075	106552190	1	monDom5	8
HOMINIDAE	2	106552190	107928510	-1	monDom5	8
HOMINIDAE	2	107928510	109312558	1	monDom5	6
HOMINIDAE	2	109312558	129820104	-1	monDom5	8
HOMINIDAE	2	129820104	141643315	1	monDom5	4
HOMINIDAE	2	141643315	153822615	-1	monDom5	7
HOMINIDAE	2	153822615	175031260	-1	monDom5	7
HOMINIDAE	2	175031260	187427395	1	monDom5	7
HOMINIDAE	2	187427395	188887759	1	monDom5	2
HOMINIDAE	2	188887759	194211371	-1	monDom5	7
HOMINIDAE	2	0	48705366	-1	oryCun2	14
HOMINIDAE	2	48705366	50861776	1	oryCun2	9
HOMINIDAE	2	50861776	52053342	-1	oryCun2	9
HOMINIDAE	2	52053342	53017564	1	oryCun2	9
HOMINIDAE	2	53017564	65977796	1	oryCun2	9
HOMINIDAE	2	65977796	96799979	-1	oryCun2	9
HOMINIDAE	2	96799979	101430755	1	oryCun2	9
HOMINIDAE	2	101430755	126168529	-1	oryCun2	14
HOMINIDAE	2	126168529	181001645	1	oryCun2	14
HOMINIDAE	2	181001645	184873337	-1	oryCun2	14
HOMINIDAE	2	184873337	194211371	1	oryCun2	14
HOMINIDAE	2	0	50861776	1	panTro3	3
HOMINIDAE	2	50861776	65977796	-1	panTro3	3
HOMINIDAE	2	65977796	126168529	-1	panTro3	3
HOMINIDAE	2	126168529	194211371	1	panTro3	3
HOMINIDAE	2	0	14654588	1	ponAbe2	3
HOMINIDAE	2	14654588	53444173	-1	ponAbe2	3
HOMINIDAE	2	53444173	194211371	1	ponAbe2	3
HOMINIDAE	2	0	47936532	1	rheMac3	2
HOMINIDAE	2	47936532	51912404	-1	rheMac3	11
HOMINIDAE	2	51912404	105037213	1	rheMac3	2
HOMINIDAE	2	105037213	183667694	-1	rheMac3	2
HOMINIDAE	2	183667694	192385511	1	rheMac3	2
HOMINIDAE	2	192385511	194211371	-1	rheMac3	2
HOMINIDAE	2	0	14654588	-1	rn4	11
HOMINIDAE	2	14654588	48181228	1	rn4	11
HOMINIDAE	2	48181228	50861776	-1	rn4	4
HOMINIDAE	2	50861776	53127665	-1	rn4	4
HOMINIDAE	2	53127665	80372959	-1	rn4	4
HOMINIDAE	2	80372959	88126051	1	rn4	15
HOMINIDAE	2	88126051	94212675	1	rn4	16
HOMINIDAE	2	94212675	99113796	1	rn4	8
HOMINIDAE	2	99113796	105075953	-1	rn4	8
HOMINIDAE	2	105075953	112804060	1	rn4	8
HOMINIDAE	2	112804060	119684070	-1	rn4	15
HOMINIDAE	2	119684070	126168529	1	rn4	9
HOMINIDAE	2	126168529	142440618	-1	rn4	8
HOMINIDAE	2	142440618	163491585	1	rn4	2
HOMINIDAE	2	163491585	164900997	1	rn4	2
HOMINIDAE	2	164900997	167522377	-1	rn4	2
HOMINIDAE	2	167522377	175410565	-1	rn4	2
HOMINIDAE	2	175410565	180146474	1	rn4	2
HOMINIDAE	2	180146474	192715045	-1	rn4	11
HOMINIDAE	2	192715045	194211371	1	rn4	11
HOMINIDAE	2	0	32011563	-1	susScr2	13
HOMINIDAE	2	32011563	34124580	1	susScr2	13
HOMINIDAE	2	34124580	49459895	-1	susScr2	13
HOMINIDAE	2	49459895	50861776	-1	susScr2	13
HOMINIDAE	2	50861776	52558502	1	susScr2	13
HOMINIDAE	2	52558502	52831659	-1	susScr2	13
HOMINIDAE	2	52831659	128997180	-1	susScr2	13
HOMINIDAE	2	128997180	194211371	1	susScr2	13
HOMINIDAE	2	0	916516	1	bosTau7	1
HOMINIDAE	2	916516	2032142	-1	bosTau7	1
HOMINIDAE	2	2032142	7077881	1	bosTau7	1
HOMINIDAE	2	7077881	7366283	1	bosTau7	10
HOMINIDAE	2	7366283	30818610	1	bosTau7	1
HOMINIDAE	2	30818610	32783026	-1	bosTau7	1
HOMINIDAE	2	32783026	49899625	1	bosTau7	1
HOMINIDAE	2	49899625	50861776	-1	bosTau7	22
HOMINIDAE	2	50861776	52979113	1	bosTau7	22
HOMINIDAE	2	52979113	53961930	1	bosTau7	22
HOMINIDAE	2	53961930	55620910	-1	bosTau7	22
HOMINIDAE	2	55620910	96744643	1	bosTau7	22
HOMINIDAE	2	96744643	113374358	-1	bosTau7	22
HOMINIDAE	2	113374358	120340070	-1	bosTau7	27
HOMINIDAE	2	120340070	126168529	-1	bosTau7	1
HOMINIDAE	2	126168529	194211371	-1	bosTau7	1
HOMINIDAE	2	0	19020864	-1	calJac3	21
HOMINIDAE	2	19020864	33073593	-1	calJac3	15
HOMINIDAE	2	33073593	34568596	1	calJac3	15
HOMINIDAE	2	34568596	63826519	-1	calJac3	15
HOMINIDAE	2	63826519	64339777	1	calJac3	15
HOMINIDAE	2	64339777	99040266	-1	calJac3	15
HOMINIDAE	2	99040266	175644271	-1	calJac3	17
HOMINIDAE	2	175644271	194211371	1	calJac3	15
HOMINIDAE	2	0	12801310	-1	canFam2	31
HOMINIDAE	2	12801310	47668362	1	canFam2	33
HOMINIDAE	2	47668362	50861776	1	canFam2	20
HOMINIDAE	2	50861776	53068553	-1	canFam2	20
HOMINIDAE	2	53068553	97110042	1	canFam2	20
HOMINIDAE	2	97110042	98628943	1	canFam2	23
HOMINIDAE	2	98628943	108144892	-1	canFam2	23
HOMINIDAE	2	108144892	156267075	1	canFam2	23
HOMINIDAE	2	156267075	177131749	1	canFam2	34
HOMINIDAE	2	177131749	192446191	1	canFam2	34
HOMINIDAE	2	192446191	194211371	1	canFam2	33
HOMINIDAE	2	0	2313653	-1	capHir1	1
HOMINIDAE	2	2313653	49652585	1	capHir1	1
HOMINIDAE	2	49652585	50861776	-1	capHir1	22
HOMINIDAE	2	50861776	53444173	1	capHir1	22
HOMINIDAE	2	53444173	54831502	-1	capHir1	22
HOMINIDAE	2	54831502	96605074	1	capHir1	22
HOMINIDAE	2	96605074	113220071	-1	capHir1	22
HOMINIDAE	2	113220071	120331571	1	capHir1	27
HOMINIDAE	2	120331571	126168529	-1	capHir1	1
HOMINIDAE	2	126168529	192636518	-1	capHir1	1
HOMINIDAE	2	192636518	194211371	1	capHir1	1
HOMINIDAE	2	0	14654588	-1	equCab2	26
HOMINIDAE	2	14654588	49014936	-1	equCab2	19
HOMINIDAE	2	49014936	50861776	1	equCab2	16
HOMINIDAE	2	50861776	53080663	-1	equCab2	16
HOMINIDAE	2	53080663	151591684	1	equCab2	16
HOMINIDAE	2	151591684	154531940	1	equCab2	19
HOMINIDAE	2	154531940	156536915	1	equCab2	5
HOMINIDAE	2	156536915	192388657	1	equCab2	19
HOMINIDAE	2	192388657	194211371	-1	equCab2	19
HOMINIDAE	2	0	12564947	-1	galGal3	1
HOMINIDAE	2	12564947	20639472	1	galGal3	1
HOMINIDAE	2	20639472	33672336	1	galGal3	1
HOMINIDAE	2	33672336	42108414	-1	galGal3	1
HOMINIDAE	2	42108414	44836657	-1	galGal3	1
HOMINIDAE	2	44836657	50861776	1	galGal3	7
HOMINIDAE	2	50861776	51409850	-1	galGal3	12
HOMINIDAE	2	51409850	56897853	-1	galGal3	12
HOMINIDAE	2	56897853	87420467	-1	galGal3	12
HOMINIDAE	2	87420467	94970849	-1	galGal3	12
HOMINIDAE	2	94970849	126168529	-1	galGal3	2
HOMINIDAE	2	126168529	138599024	1	galGal3	9
HOMINIDAE	2	138599024	194211371	-1	galGal3	9
HOMINIDAE	2	0	50861776	1	gorGor3	3
HOMINIDAE	2	50861776	65977796	-1	gorGor3	3
HOMINIDAE	2	65977796	126168529	-1	gorGor3	3
HOMINIDAE	2	126168529	194211371	1	gorGor3	3
HOMINIDAE	2	0	50861776	1	hg19	3
HOMINIDAE	2	50861776	65977796	-1	hg19	3
HOMINIDAE	2	65977796	126168529	-1	hg19	3
HOMINIDAE	2	126168529	194211371	1	hg19	3
HOMINIDAE	2	0	47906792	-1	mm10	16
HOMINIDAE	2	47906792	50861776	-1	mm10	6
HOMINIDAE	2	50861776	53141470	-1	mm10	6
HOMINIDAE	2	53141470	79668173	-1	mm10	6
HOMINIDAE	2	79668173	87512534	-1	mm10	14
HOMINIDAE	2	87512534	93626462	1	mm10	14
HOMINIDAE	2	93626462	99764788	1	mm10	9
HOMINIDAE	2	99764788	106762506	-1	mm10	9
HOMINIDAE	2	106762506	115958209	1	mm10	9
HOMINIDAE	2	115958209	121521550	1	mm10	14
HOMINIDAE	2	121521550	126168529	-1	mm10	17
HOMINIDAE	2	126168529	143255774	-1	mm10	9
HOMINIDAE	2	143255774	163594332	1	mm10	3
HOMINIDAE	2	163594332	166337283	1	mm10	3
HOMINIDAE	2	166337283	175305574	-1	mm10	3
HOMINIDAE	2	175305574	179932866	1	mm10	3
HOMINIDAE	2	179932866	192610674	1	mm10	16
HOMINIDAE	2	192610674	194211371	-1	mm10	16
HOMINIDAE	2	0	18915915	1	monDom5	7
HOMINIDAE	2	18915915	28385928	-1	monDom5	4
HOMINIDAE	2	28385928	46993282	1	monDom5	4
HOMINIDAE	2	46993282	47599818	-1	monDom5	6
HOMINIDAE	2	47599818	50120911	1	monDom5	6
HOMINIDAE	2	50120911	52025318	1	monDom5	6
HOMINIDAE	2	52025318	53200713	-1	monDom5	6
HOMINIDAE	2	53200713	55155898	-1	monDom5	6
HOMINIDAE	2	55155898	55774013	1	monDom5	6
HOMINIDAE	2	55774013	87009643	-1	monDom5	6
HOMINIDAE	2	87009643	91084854	1	monDom5	6
HOMINIDAE	2	91084854	94007221	1	monDom5	6
HOMINIDAE	2	94007221	98788659	-1	monDom5	6
HOMINIDAE	2	98788659	101337914	1	monDom5	6
HOMINIDAE	2	101337914	103097857	-1	monDom5	8
HOMINIDAE	2	103097857	104514075	1	monDom5	8
HOMINIDAE	2	104514075	106552190	1	monDom5	8
HOMINIDAE	2	106552190	107928510	-1	monDom5	8
HOMINIDAE	2	107928510	109312558	1	monDom5	6
HOMINIDAE	2	109312558	129820104	-1	monDom5	8
HOMINIDAE	2	129820104	141643315	1	monDom5	4
HOMINIDAE	2	141643315	153822615	-1	monDom5	7
HOMINIDAE	2	153822615	175031260	-1	monDom5	7
HOMINIDAE	2	175031260	187427395	1	monDom5	7
HOMINIDAE	2	187427395	188887759	1	monDom5	2
HOMINIDAE	2	188887759	194211371	-1	monDom5	7
HOMINIDAE	2	0	48705366	-1	oryCun2	14
HOMINIDAE	2	48705366	50861776	1	oryCun2	9
HOMINIDAE	2	50861776	52053342	-1	oryCun2	9
HOMINIDAE	2	52053342	53017564	1	oryCun2	9
HOMINIDAE	2	53017564	65977796	1	oryCun2	9
HOMINIDAE	2	65977796	96799979	-1	oryCun2	9
HOMINIDAE	2	96799979	101430755	1	oryCun2	9
HOMINIDAE	2	101430755	126168529	-1	oryCun2	14
HOMINIDAE	2	126168529	181001645	1	oryCun2	14
HOMINIDAE	2	181001645	184873337	-1	oryCun2	14
HOMINIDAE	2	184873337	194211371	1	oryCun2	14
HOMINIDAE	2	0	50861776	1	panTro3	3
HOMINIDAE	2	50861776	65977796	-1	panTro3	3
HOMINIDAE	2	65977796	126168529	-1	panTro3	3
HOMINIDAE	2	126168529	194211371	1	panTro3	3
HOMINIDAE	2	0	14654588	1	ponAbe2	3
HOMINIDAE	2	14654588	53444173	-1	ponAbe2	3
HOMINIDAE	2	53444173	194211371	1	ponAbe2	3
HOMINIDAE	2	0	47936532	1	rheMac3	2
HOMINIDAE	2	47936532	51912404	-1	rheMac3	11
HOMINIDAE	2	51912404	105037213	1	rheMac3	2
HOMINIDAE	2	105037213	183667694	-1	rheMac3	2
HOMINIDAE	2	183667694	192385511	1	rheMac3	2
HOMINIDAE	2	192385511	194211371	-1	rheMac3	2
HOMINIDAE	2	0	14654588	-1	rn4	11
HOMINIDAE	2	14654588	48181228	1	rn4	11
HOMINIDAE	2	48181228	50861776	-1	rn4	4
HOMINIDAE	2	50861776	53127665	-1	rn4	4
HOMINIDAE	2	53127665	80372959	-1	rn4	4
HOMINIDAE	2	80372959	88126051	1	rn4	15
HOMINIDAE	2	88126051	94212675	1	rn4	16
HOMINIDAE	2	94212675	99113796	1	rn4	8
HOMINIDAE	2	99113796	105075953	-1	rn4	8
HOMINIDAE	2	105075953	112804060	1	rn4	8
HOMINIDAE	2	112804060	119684070	-1	rn4	15
HOMINIDAE	2	119684070	126168529	1	rn4	9
HOMINIDAE	2	126168529	142440618	-1	rn4	8
HOMINIDAE	2	142440618	163491585	1	rn4	2
HOMINIDAE	2	163491585	164900997	1	rn4	2
HOMINIDAE	2	164900997	167522377	-1	rn4	2
HOMINIDAE	2	167522377	175410565	-1	rn4	2
HOMINIDAE	2	175410565	180146474	1	rn4	2
HOMINIDAE	2	180146474	192715045	-1	rn4	11
HOMINIDAE	2	192715045	194211371	1	rn4	11
HOMINIDAE	2	0	32011563	-1	susScr2	13
HOMINIDAE	2	32011563	34124580	1	susScr2	13
HOMINIDAE	2	34124580	49459895	-1	susScr2	13
HOMINIDAE	2	49459895	50861776	-1	susScr2	13
HOMINIDAE	2	50861776	52558502	1	susScr2	13
HOMINIDAE	2	52558502	52831659	-1	susScr2	13
HOMINIDAE	2	52831659	128997180	-1	susScr2	13
HOMINIDAE	2	128997180	194211371	1	susScr2	13
HOMINIDAE	2	0	916516	1	bosTau7	1
HOMINIDAE	2	916516	2032142	-1	bosTau7	1
HOMINIDAE	2	2032142	7077881	1	bosTau7	1
HOMINIDAE	2	7077881	7366283	1	bosTau7	10
HOMINIDAE	2	7366283	30818610	1	bosTau7	1
HOMINIDAE	2	30818610	32783026	-1	bosTau7	1
HOMINIDAE	2	32783026	49899625	1	bosTau7	1
HOMINIDAE	2	49899625	50861776	-1	bosTau7	22
HOMINIDAE	2	50861776	52979113	1	bosTau7	22
HOMINIDAE	2	52979113	53961930	1	bosTau7	22
HOMINIDAE	2	53961930	55620910	-1	bosTau7	22
HOMINIDAE	2	55620910	96744643	1	bosTau7	22
HOMINIDAE	2	96744643	113374358	-1	bosTau7	22
HOMINIDAE	2	113374358	120340070	-1	bosTau7	27
HOMINIDAE	2	120340070	126168529	-1	bosTau7	1
HOMINIDAE	2	126168529	194211371	-1	bosTau7	1
HOMINIDAE	2	0	19020864	-1	calJac3	21
HOMINIDAE	2	19020864	33073593	-1	calJac3	15
HOMINIDAE	2	33073593	34568596	1	calJac3	15
HOMINIDAE	2	34568596	63826519	-1	calJac3	15
HOMINIDAE	2	63826519	64339777	1	calJac3	15
HOMINIDAE	2	64339777	99040266	-1	calJac3	15
HOMINIDAE	2	99040266	175644271	-1	calJac3	17
HOMINIDAE	2	175644271	194211371	1	calJac3	15
HOMINIDAE	2	0	12801310	-1	canFam2	31
HOMINIDAE	2	12801310	47668362	1	canFam2	33
HOMINIDAE	2	47668362	50861776	1	canFam2	20
HOMINIDAE	2	50861776	53068553	-1	canFam2	20
HOMINIDAE	2	53068553	97110042	1	canFam2	20
HOMINIDAE	2	97110042	98628943	1	canFam2	23
HOMINIDAE	2	98628943	108144892	-1	canFam2	23
HOMINIDAE	2	108144892	156267075	1	canFam2	23
HOMINIDAE	2	156267075	177131749	1	canFam2	34
HOMINIDAE	2	177131749	192446191	1	canFam2	34
HOMINIDAE	2	192446191	194211371	1	canFam2	33
HOMINIDAE	2	0	2313653	-1	capHir1	1
HOMINIDAE	2	2313653	49652585	1	capHir1	1
HOMINIDAE	2	49652585	50861776	-1	capHir1	22
HOMINIDAE	2	50861776	53444173	1	capHir1	22
HOMINIDAE	2	53444173	54831502	-1	capHir1	22
HOMINIDAE	2	54831502	96605074	1	capHir1	22
HOMINIDAE	2	96605074	113220071	-1	capHir1	22
HOMINIDAE	2	113220071	120331571	1	capHir1	27
HOMINIDAE	2	120331571	126168529	-1	capHir1	1
HOMINIDAE	2	126168529	192636518	-1	capHir1	1
HOMINIDAE	2	192636518	194211371	1	capHir1	1
HOMINIDAE	2	0	14654588	-1	equCab2	26
HOMINIDAE	2	14654588	49014936	-1	equCab2	19
HOMINIDAE	2	49014936	50861776	1	equCab2	16
HOMINIDAE	2	50861776	53080663	-1	equCab2	16
HOMINIDAE	2	53080663	151591684	1	equCab2	16
HOMINIDAE	2	151591684	154531940	1	equCab2	19
HOMINIDAE	2	154531940	156536915	1	equCab2	5
HOMINIDAE	2	156536915	192388657	1	equCab2	19
HOMINIDAE	2	192388657	194211371	-1	equCab2	19
HOMINIDAE	2	0	12564947	-1	galGal3	1
HOMINIDAE	2	12564947	20639472	1	galGal3	1
HOMINIDAE	2	20639472	33672336	1	galGal3	1
HOMINIDAE	2	33672336	42108414	-1	galGal3	1
HOMINIDAE	2	42108414	44836657	-1	galGal3	1
HOMINIDAE	2	44836657	50861776	1	galGal3	7
HOMINIDAE	2	50861776	51409850	-1	galGal3	12
HOMINIDAE	2	51409850	56897853	-1	galGal3	12
HOMINIDAE	2	56897853	87420467	-1	galGal3	12
HOMINIDAE	2	87420467	94970849	-1	galGal3	12
HOMINIDAE	2	94970849	126168529	-1	galGal3	2
HOMINIDAE	2	126168529	138599024	1	galGal3	9
HOMINIDAE	2	138599024	194211371	-1	galGal3	9
HOMINIDAE	2	0	50861776	1	gorGor3	3
HOMINIDAE	2	50861776	65977796	-1	gorGor3	3
HOMINIDAE	2	65977796	126168529	-1	gorGor3	3
HOMINIDAE	2	126168529	194211371	1	gorGor3	3
HOMINIDAE	2	0	50861776	1	hg19	3
HOMINIDAE	2	50861776	65977796	-1	hg19	3
HOMINIDAE	2	65977796	126168529	-1	hg19	3
HOMINIDAE	2	126168529	194211371	1	hg19	3
HOMINIDAE	2	0	47906792	-1	mm10	16
HOMINIDAE	2	47906792	50861776	-1	mm10	6
HOMINIDAE	2	50861776	53141470	-1	mm10	6
HOMINIDAE	2	53141470	79668173	-1	mm10	6
HOMINIDAE	2	79668173	87512534	-1	mm10	14
HOMINIDAE	2	87512534	93626462	1	mm10	14
HOMINIDAE	2	93626462	99764788	1	mm10	9
HOMINIDAE	2	99764788	106762506	-1	mm10	9
HOMINIDAE	2	106762506	115958209	1	mm10	9
HOMINIDAE	2	115958209	121521550	1	mm10	14
HOMINIDAE	2	121521550	126168529	-1	mm10	17
HOMINIDAE	2	126168529	143255774	-1	mm10	9
HOMINIDAE	2	143255774	163594332	1	mm10	3
HOMINIDAE	2	163594332	166337283	1	mm10	3
HOMINIDAE	2	166337283	175305574	-1	mm10	3
HOMINIDAE	2	175305574	179932866	1	mm10	3
HOMINIDAE	2	179932866	192610674	1	mm10	16
HOMINIDAE	2	192610674	194211371	-1	mm10	16
HOMINIDAE	2	0	18915915	1	monDom5	7
HOMINIDAE	2	18915915	28385928	-1	monDom5	4
HOMINIDAE	2	28385928	46993282	1	monDom5	4
HOMINIDAE	2	46993282	47599818	-1	monDom5	6
HOMINIDAE	2	47599818	50120911	1	monDom5	6
HOMINIDAE	2	50120911	52025318	1	monDom5	6
HOMINIDAE	2	52025318	53200713	-1	monDom5	6
HOMINIDAE	2	53200713	55155898	-1	monDom5	6
HOMINIDAE	2	55155898	55774013	1	monDom5	6
HOMINIDAE	2	55774013	87009643	-1	monDom5	6
HOMINIDAE	2	87009643	91084854	1	monDom5	6
HOMINIDAE	2	91084854	94007221	1	monDom5	6
HOMINIDAE	2	94007221	98788659	-1	monDom5	6
HOMINIDAE	2	98788659	101337914	1	monDom5	6
HOMINIDAE	2	101337914	103097857	-1	monDom5	8
HOMINIDAE	2	103097857	104514075	1	monDom5	8
HOMINIDAE	2	104514075	106552190	1	monDom5	8
HOMINIDAE	2	106552190	107928510	-1	monDom5	8
HOMINIDAE	2	107928510	109312558	1	monDom5	6
HOMINIDAE	2	109312558	129820104	-1	monDom5	8
HOMINIDAE	2	129820104	141643315	1	monDom5	4
HOMINIDAE	2	141643315	153822615	-1	monDom5	7
HOMINIDAE	2	153822615	175031260	-1	monDom5	7
HOMINIDAE	2	175031260	187427395	1	monDom5	7
HOMINIDAE	2	187427395	188887759	1	monDom5	2
HOMINIDAE	2	188887759	194211371	-1	monDom5	7
HOMINIDAE	2	0	48705366	-1	oryCun2	14
HOMINIDAE	2	48705366	50861776	1	oryCun2	9
HOMINIDAE	2	50861776	52053342	-1	oryCun2	9
HOMINIDAE	2	52053342	53017564	1	oryCun2	9
HOMINIDAE	2	53017564	65977796	1	oryCun2	9
HOMINIDAE	2	65977796	96799979	-1	oryCun2	9
HOMINIDAE	2	96799979	101430755	1	oryCun2	9
HOMINIDAE	2	101430755	126168529	-1	oryCun2	14
HOMINIDAE	2	126168529	181001645	1	oryCun2	14
HOMINIDAE	2	181001645	184873337	-1	oryCun2	14
HOMINIDAE	2	184873337	194211371	1	oryCun2	14
HOMINIDAE	2	0	50861776	1	panTro3	3
HOMINIDAE	2	50861776	65977796	-1	panTro3	3
HOMINIDAE	2	65977796	126168529	-1	panTro3	3
HOMINIDAE	2	126168529	194211371	1	panTro3	3
HOMINIDAE	2	0	14654588	1	ponAbe2	3
HOMINIDAE	2	14654588	53444173	-1	ponAbe2	3
HOMINIDAE	2	53444173	194211371	1	ponAbe2	3
HOMINIDAE	2	0	47936532	1	rheMac3	2
HOMINIDAE	2	47936532	51912404	-1	rheMac3	11
HOMINIDAE	2	51912404	105037213	1	rheMac3	2
HOMINIDAE	2	105037213	183667694	-1	rheMac3	2
HOMINIDAE	2	183667694	192385511	1	rheMac3	2
HOMINIDAE	2	192385511	194211371	-1	rheMac3	2
HOMINIDAE	2	0	14654588	-1	rn4	11
HOMINIDAE	2	14654588	48181228	1	rn4	11
HOMINIDAE	2	48181228	50861776	-1	rn4	4
HOMINIDAE	2	50861776	53127665	-1	rn4	4
HOMINIDAE	2	53127665	80372959	-1	rn4	4
HOMINIDAE	2	80372959	88126051	1	rn4	15
HOMINIDAE	2	88126051	94212675	1	rn4	16
HOMINIDAE	2	94212675	99113796	1	rn4	8
HOMINIDAE	2	99113796	105075953	-1	rn4	8
HOMINIDAE	2	105075953	112804060	1	rn4	8
HOMINIDAE	2	112804060	119684070	-1	rn4	15
HOMINIDAE	2	119684070	126168529	1	rn4	9
HOMINIDAE	2	126168529	142440618	-1	rn4	8
HOMINIDAE	2	142440618	163491585	1	rn4	2
HOMINIDAE	2	163491585	164900997	1	rn4	2
HOMINIDAE	2	164900997	167522377	-1	rn4	2
HOMINIDAE	2	167522377	175410565	-1	rn4	2
HOMINIDAE	2	175410565	180146474	1	rn4	2
HOMINIDAE	2	180146474	192715045	-1	rn4	11
HOMINIDAE	2	192715045	194211371	1	rn4	11
HOMINIDAE	2	0	32011563	-1	susScr2	13
HOMINIDAE	2	32011563	34124580	1	susScr2	13
HOMINIDAE	2	34124580	49459895	-1	susScr2	13
HOMINIDAE	2	49459895	50861776	-1	susScr2	13
HOMINIDAE	2	50861776	52558502	1	susScr2	13
HOMINIDAE	2	52558502	52831659	-1	susScr2	13
HOMINIDAE	2	52831659	128997180	-1	susScr2	13
HOMINIDAE	2	128997180	194211371	1	susScr2	13
HOMINIDAE	2	0	916516	1	bosTau7	1
HOMINIDAE	2	916516	2032142	-1	bosTau7	1
HOMINIDAE	2	2032142	7077881	1	bosTau7	1
HOMINIDAE	2	7077881	7366283	1	bosTau7	10
HOMINIDAE	2	7366283	30818610	1	bosTau7	1
HOMINIDAE	2	30818610	32783026	-1	bosTau7	1
HOMINIDAE	2	32783026	49899625	1	bosTau7	1
HOMINIDAE	2	49899625	50861776	-1	bosTau7	22
HOMINIDAE	2	50861776	52979113	1	bosTau7	22
HOMINIDAE	2	52979113	53961930	1	bosTau7	22
HOMINIDAE	2	53961930	55620910	-1	bosTau7	22
HOMINIDAE	2	55620910	96744643	1	bosTau7	22
HOMINIDAE	2	96744643	113374358	-1	bosTau7	22
HOMINIDAE	2	113374358	120340070	-1	bosTau7	27
HOMINIDAE	2	120340070	126168529	-1	bosTau7	1
HOMINIDAE	2	126168529	194211371	-1	bosTau7	1
HOMINIDAE	2	0	19020864	-1	calJac3	21
HOMINIDAE	2	19020864	33073593	-1	calJac3	15
HOMINIDAE	2	33073593	34568596	1	calJac3	15
HOMINIDAE	2	34568596	63826519	-1	calJac3	15
HOMINIDAE	2	63826519	64339777	1	calJac3	15
HOMINIDAE	2	64339777	99040266	-1	calJac3	15
HOMINIDAE	2	99040266	175644271	-1	calJac3	17
HOMINIDAE	2	175644271	194211371	1	calJac3	15
HOMINIDAE	2	0	12801310	-1	canFam2	31
HOMINIDAE	2	12801310	47668362	1	canFam2	33
HOMINIDAE	2	47668362	50861776	1	canFam2	20
HOMINIDAE	2	50861776	53068553	-1	canFam2	20
HOMINIDAE	2	53068553	97110042	1	canFam2	20
HOMINIDAE	2	97110042	98628943	1	canFam2	23
HOMINIDAE	2	98628943	108144892	-1	canFam2	23
HOMINIDAE	2	108144892	156267075	1	canFam2	23
HOMINIDAE	2	156267075	177131749	1	canFam2	34
HOMINIDAE	2	177131749	192446191	1	canFam2	34
HOMINIDAE	2	192446191	194211371	1	canFam2	33
HOMINIDAE	2	0	2313653	-1	capHir1	1
HOMINIDAE	2	2313653	49652585	1	capHir1	1
HOMINIDAE	2	49652585	50861776	-1	capHir1	22
HOMINIDAE	2	50861776	53444173	1	capHir1	22
HOMINIDAE	2	53444173	54831502	-1	capHir1	22
HOMINIDAE	2	54831502	96605074	1	capHir1	22
HOMINIDAE	2	96605074	113220071	-1	capHir1	22
HOMINIDAE	2	113220071	120331571	1	capHir1	27
HOMINIDAE	2	120331571	126168529	-1	capHir1	1
HOMINIDAE	2	126168529	192636518	-1	capHir1	1
HOMINIDAE	2	192636518	194211371	1	capHir1	1
HOMINIDAE	2	0	14654588	-1	equCab2	26
HOMINIDAE	2	14654588	49014936	-1	equCab2	19
HOMINIDAE	2	49014936	50861776	1	equCab2	16
HOMINIDAE	2	50861776	53080663	-1	equCab2	16
HOMINIDAE	2	53080663	151591684	1	equCab2	16
HOMINIDAE	2	151591684	154531940	1	equCab2	19
HOMINIDAE	2	154531940	156536915	1	equCab2	5
HOMINIDAE	2	156536915	192388657	1	equCab2	19
HOMINIDAE	2	192388657	194211371	-1	equCab2	19
HOMINIDAE	2	0	12564947	-1	galGal3	1
HOMINIDAE	2	12564947	20639472	1	galGal3	1
HOMINIDAE	2	20639472	33672336	1	galGal3	1
HOMINIDAE	2	33672336	42108414	-1	galGal3	1
HOMINIDAE	2	42108414	44836657	-1	galGal3	1
HOMINIDAE	2	44836657	50861776	1	galGal3	7
HOMINIDAE	2	50861776	51409850	-1	galGal3	12
HOMINIDAE	2	51409850	56897853	-1	galGal3	12
HOMINIDAE	2	56897853	87420467	-1	galGal3	12
HOMINIDAE	2	87420467	94970849	-1	galGal3	12
HOMINIDAE	2	94970849	126168529	-1	galGal3	2
HOMINIDAE	2	126168529	138599024	1	galGal3	9
HOMINIDAE	2	138599024	194211371	-1	galGal3	9
HOMINIDAE	2	0	50861776	1	gorGor3	3
HOMINIDAE	2	50861776	65977796	-1	gorGor3	3
HOMINIDAE	2	65977796	126168529	-1	gorGor3	3
HOMINIDAE	2	126168529	194211371	1	gorGor3	3
HOMINIDAE	2	0	50861776	1	hg19	3
HOMINIDAE	2	50861776	65977796	-1	hg19	3
HOMINIDAE	2	65977796	126168529	-1	hg19	3
HOMINIDAE	2	126168529	194211371	1	hg19	3
HOMINIDAE	2	0	47906792	-1	mm10	16
HOMINIDAE	2	47906792	50861776	-1	mm10	6
HOMINIDAE	2	50861776	53141470	-1	mm10	6
HOMINIDAE	2	53141470	79668173	-1	mm10	6
HOMINIDAE	2	79668173	87512534	-1	mm10	14
HOMINIDAE	2	87512534	93626462	1	mm10	14
HOMINIDAE	2	93626462	99764788	1	mm10	9
HOMINIDAE	2	99764788	106762506	-1	mm10	9
HOMINIDAE	2	106762506	115958209	1	mm10	9
HOMINIDAE	2	115958209	121521550	1	mm10	14
HOMINIDAE	2	121521550	126168529	-1	mm10	17
HOMINIDAE	2	126168529	143255774	-1	mm10	9
HOMINIDAE	2	143255774	163594332	1	mm10	3
HOMINIDAE	2	163594332	166337283	1	mm10	3
HOMINIDAE	2	166337283	175305574	-1	mm10	3
HOMINIDAE	2	175305574	179932866	1	mm10	3
HOMINIDAE	2	179932866	192610674	1	mm10	16
HOMINIDAE	2	192610674	194211371	-1	mm10	16
HOMINIDAE	2	0	18915915	1	monDom5	7
HOMINIDAE	2	18915915	28385928	-1	monDom5	4
HOMINIDAE	2	28385928	46993282	1	monDom5	4
HOMINIDAE	2	46993282	47599818	-1	monDom5	6
HOMINIDAE	2	47599818	50120911	1	monDom5	6
HOMINIDAE	2	50120911	52025318	1	monDom5	6
HOMINIDAE	2	52025318	53200713	-1	monDom5	6
HOMINIDAE	2	53200713	55155898	-1	monDom5	6
HOMINIDAE	2	55155898	55774013	1	monDom5	6
HOMINIDAE	2	55774013	87009643	-1	monDom5	6
HOMINIDAE	2	87009643	91084854	1	monDom5	6
HOMINIDAE	2	91084854	94007221	1	monDom5	6
HOMINIDAE	2	94007221	98788659	-1	monDom5	6
HOMINIDAE	2	98788659	101337914	1	monDom5	6
HOMINIDAE	2	101337914	103097857	-1	monDom5	8
HOMINIDAE	2	103097857	104514075	1	monDom5	8
HOMINIDAE	2	104514075	106552190	1	monDom5	8
HOMINIDAE	2	106552190	107928510	-1	monDom5	8
HOMINIDAE	2	107928510	109312558	1	monDom5	6
HOMINIDAE	2	109312558	129820104	-1	monDom5	8
HOMINIDAE	2	129820104	141643315	1	monDom5	4
HOMINIDAE	2	141643315	153822615	-1	monDom5	7
HOMINIDAE	2	153822615	175031260	-1	monDom5	7
HOMINIDAE	2	175031260	187427395	1	monDom5	7
HOMINIDAE	2	187427395	188887759	1	monDom5	2
HOMINIDAE	2	188887759	194211371	-1	monDom5	7
HOMINIDAE	2	0	48705366	-1	oryCun2	14
HOMINIDAE	2	48705366	50861776	1	oryCun2	9
HOMINIDAE	2	50861776	52053342	-1	oryCun2	9
HOMINIDAE	2	52053342	53017564	1	oryCun2	9
HOMINIDAE	2	53017564	65977796	1	oryCun2	9
HOMINIDAE	2	65977796	96799979	-1	oryCun2	9
HOMINIDAE	2	96799979	101430755	1	oryCun2	9
HOMINIDAE	2	101430755	126168529	-1	oryCun2	14
HOMINIDAE	2	126168529	181001645	1	oryCun2	14
HOMINIDAE	2	181001645	184873337	-1	oryCun2	14
HOMINIDAE	2	184873337	194211371	1	oryCun2	14
HOMINIDAE	2	0	50861776	1	panTro3	3
HOMINIDAE	2	50861776	65977796	-1	panTro3	3
HOMINIDAE	2	65977796	126168529	-1	panTro3	3
HOMINIDAE	2	126168529	194211371	1	panTro3	3
HOMINIDAE	2	0	14654588	1	ponAbe2	3
HOMINIDAE	2	14654588	53444173	-1	ponAbe2	3
HOMINIDAE	2	53444173	194211371	1	ponAbe2	3
HOMINIDAE	2	0	47936532	1	rheMac3	2
HOMINIDAE	2	47936532	51912404	-1	rheMac3	11
HOMINIDAE	2	51912404	105037213	1	rheMac3	2
HOMINIDAE	2	105037213	183667694	-1	rheMac3	2
HOMINIDAE	2	183667694	192385511	1	rheMac3	2
HOMINIDAE	2	192385511	194211371	-1	rheMac3	2
HOMINIDAE	2	0	14654588	-1	rn4	11
HOMINIDAE	2	14654588	48181228	1	rn4	11
HOMINIDAE	2	48181228	50861776	-1	rn4	4
HOMINIDAE	2	50861776	53127665	-1	rn4	4
HOMINIDAE	2	53127665	80372959	-1	rn4	4
HOMINIDAE	2	80372959	88126051	1	rn4	15
HOMINIDAE	2	88126051	94212675	1	rn4	16
HOMINIDAE	2	94212675	99113796	1	rn4	8
HOMINIDAE	2	99113796	105075953	-1	rn4	8
HOMINIDAE	2	105075953	112804060	1	rn4	8
HOMINIDAE	2	112804060	119684070	-1	rn4	15
HOMINIDAE	2	119684070	126168529	1	rn4	9
HOMINIDAE	2	126168529	142440618	-1	rn4	8
HOMINIDAE	2	142440618	163491585	1	rn4	2
HOMINIDAE	2	163491585	164900997	1	rn4	2
HOMINIDAE	2	164900997	167522377	-1	rn4	2
HOMINIDAE	2	167522377	175410565	-1	rn4	2
HOMINIDAE	2	175410565	180146474	1	rn4	2
HOMINIDAE	2	180146474	192715045	-1	rn4	11
HOMINIDAE	2	192715045	194211371	1	rn4	11
HOMINIDAE	2	0	32011563	-1	susScr2	13
HOMINIDAE	2	32011563	34124580	1	susScr2	13
HOMINIDAE	2	34124580	49459895	-1	susScr2	13
HOMINIDAE	2	49459895	50861776	-1	susScr2	13
HOMINIDAE	2	50861776	52558502	1	susScr2	13
HOMINIDAE	2	52558502	52831659	-1	susScr2	13
HOMINIDAE	2	52831659	128997180	-1	susScr2	13
HOMINIDAE	2	128997180	194211371	1	susScr2	13
