HOMINIDAE	13	0	6900245	-1	bosTau7	3
HOMINIDAE	13	6900245	48611156	-1	bosTau7	2
HOMINIDAE	13	48611156	124327827	1	bosTau7	2
HOMINIDAE	13	124327827	127972373	-1	bosTau7	2
HOMINIDAE	13	127972373	128626102	1	bosTau7	2
HOMINIDAE	13	0	56133943	-1	calJac3	6
HOMINIDAE	13	56133943	124229483	1	calJac3	6
HOMINIDAE	13	124229483	128001840	-1	calJac3	6
HOMINIDAE	13	128001840	128626102	1	calJac3	6
HOMINIDAE	13	0	16425465	-1	canFam2	25
HOMINIDAE	13	16425465	51775004	-1	canFam2	37
HOMINIDAE	13	51775004	88249809	-1	canFam2	36
HOMINIDAE	13	88249809	128009891	-1	canFam2	19
HOMINIDAE	13	128009891	128626102	1	canFam2	19
HOMINIDAE	13	0	8143152	-1	capHir1	3
HOMINIDAE	13	8143152	49884389	-1	capHir1	2
HOMINIDAE	13	49884389	124351842	1	capHir1	2
HOMINIDAE	13	124351842	127587466	-1	capHir1	2
HOMINIDAE	13	127587466	128626102	1	capHir1	2
HOMINIDAE	13	0	31943171	-1	equCab2	6
HOMINIDAE	13	31943171	127797484	-1	equCab2	18
HOMINIDAE	13	127797484	128626102	1	equCab2	18
HOMINIDAE	13	0	13636252	-1	galGal3	9
HOMINIDAE	13	13636252	32133940	-1	galGal3	7
HOMINIDAE	13	32133940	42074938	1	galGal3	7
HOMINIDAE	13	42074938	79314630	1	galGal3	7
HOMINIDAE	13	79314630	116518422	-1	galGal3	7
HOMINIDAE	13	116518422	120947738	1	galGal3	7
HOMINIDAE	13	120947738	128626102	-1	galGal3	7
HOMINIDAE	13	0	110004834	-1	gorGor3	2B
HOMINIDAE	13	110004834	128626102	1	gorGor3	2B
HOMINIDAE	13	0	110004834	-1	hg19	2
HOMINIDAE	13	110004834	128626102	1	hg19	2
HOMINIDAE	13	0	46052188	-1	mm10	1
HOMINIDAE	13	46052188	53498465	1	mm10	1
HOMINIDAE	13	53498465	104638805	-1	mm10	2
HOMINIDAE	13	104638805	120705311	-1	mm10	1
HOMINIDAE	13	120705311	125930256	1	mm10	1
HOMINIDAE	13	125930256	127096592	-1	mm10	18
HOMINIDAE	13	127096592	128626102	-1	mm10	1
HOMINIDAE	13	0	9616288	1	monDom5	7
HOMINIDAE	13	9616288	28820641	1	monDom5	7
HOMINIDAE	13	28820641	128253842	-1	monDom5	4
HOMINIDAE	13	128253842	128626102	1	monDom5	4
HOMINIDAE	13	0	118042607	-1	oryCun2	7
HOMINIDAE	13	118042607	125866102	1	oryCun2	7
HOMINIDAE	13	125866102	128029512	-1	oryCun2	7
HOMINIDAE	13	128029512	128626102	1	oryCun2	7
HOMINIDAE	13	0	110004834	-1	panTro3	2B
HOMINIDAE	13	110004834	128626102	1	panTro3	2B
HOMINIDAE	13	0	128626102	-1	ponAbe2	2b
HOMINIDAE	13	0	105764400	-1	rheMac3	12
HOMINIDAE	13	105764400	113722669	1	rheMac3	13
HOMINIDAE	13	113722669	114142640	-1	rheMac3	X
HOMINIDAE	13	114142640	128626102	1	rheMac3	13
HOMINIDAE	13	0	53199824	-1	rn4	9
HOMINIDAE	13	53199824	104493460	-1	rn4	3
HOMINIDAE	13	104493460	124109030	-1	rn4	13
HOMINIDAE	13	124109030	126218434	1	rn4	13
HOMINIDAE	13	126218434	127822126	-1	rn4	18
HOMINIDAE	13	127822126	128626102	-1	rn4	9
HOMINIDAE	13	0	89990331	-1	susScr2	15
HOMINIDAE	13	89990331	117501437	1	susScr2	15
HOMINIDAE	13	117501437	118386640	1	susScr2	15
HOMINIDAE	13	118386640	125838646	-1	susScr2	15
HOMINIDAE	13	125838646	128626102	-1	susScr2	15
HOMINIDAE	13	0	6900245	-1	bosTau7	3
HOMINIDAE	13	6900245	48611156	-1	bosTau7	2
HOMINIDAE	13	48611156	124327827	1	bosTau7	2
HOMINIDAE	13	124327827	127972373	-1	bosTau7	2
HOMINIDAE	13	127972373	128626102	1	bosTau7	2
HOMINIDAE	13	0	56133943	-1	calJac3	6
HOMINIDAE	13	56133943	124229483	1	calJac3	6
HOMINIDAE	13	124229483	128001840	-1	calJac3	6
HOMINIDAE	13	128001840	128626102	1	calJac3	6
HOMINIDAE	13	0	16425465	-1	canFam2	25
HOMINIDAE	13	16425465	51775004	-1	canFam2	37
HOMINIDAE	13	51775004	88249809	-1	canFam2	36
HOMINIDAE	13	88249809	128009891	-1	canFam2	19
HOMINIDAE	13	128009891	128626102	1	canFam2	19
HOMINIDAE	13	0	8143152	-1	capHir1	3
HOMINIDAE	13	8143152	49884389	-1	capHir1	2
HOMINIDAE	13	49884389	124351842	1	capHir1	2
HOMINIDAE	13	124351842	127587466	-1	capHir1	2
HOMINIDAE	13	127587466	128626102	1	capHir1	2
HOMINIDAE	13	0	31943171	-1	equCab2	6
HOMINIDAE	13	31943171	127797484	-1	equCab2	18
HOMINIDAE	13	127797484	128626102	1	equCab2	18
HOMINIDAE	13	0	13636252	-1	galGal3	9
HOMINIDAE	13	13636252	32133940	-1	galGal3	7
HOMINIDAE	13	32133940	42074938	1	galGal3	7
HOMINIDAE	13	42074938	79314630	1	galGal3	7
HOMINIDAE	13	79314630	116518422	-1	galGal3	7
HOMINIDAE	13	116518422	120947738	1	galGal3	7
HOMINIDAE	13	120947738	128626102	-1	galGal3	7
HOMINIDAE	13	0	110004834	-1	gorGor3	2B
HOMINIDAE	13	110004834	128626102	1	gorGor3	2B
HOMINIDAE	13	0	110004834	-1	hg19	2
HOMINIDAE	13	110004834	128626102	1	hg19	2
HOMINIDAE	13	0	46052188	-1	mm10	1
HOMINIDAE	13	46052188	53498465	1	mm10	1
HOMINIDAE	13	53498465	104638805	-1	mm10	2
HOMINIDAE	13	104638805	120705311	-1	mm10	1
HOMINIDAE	13	120705311	125930256	1	mm10	1
HOMINIDAE	13	125930256	127096592	-1	mm10	18
HOMINIDAE	13	127096592	128626102	-1	mm10	1
HOMINIDAE	13	0	9616288	1	monDom5	7
HOMINIDAE	13	9616288	28820641	1	monDom5	7
HOMINIDAE	13	28820641	128253842	-1	monDom5	4
HOMINIDAE	13	128253842	128626102	1	monDom5	4
HOMINIDAE	13	0	118042607	-1	oryCun2	7
HOMINIDAE	13	118042607	125866102	1	oryCun2	7
HOMINIDAE	13	125866102	128029512	-1	oryCun2	7
HOMINIDAE	13	128029512	128626102	1	oryCun2	7
HOMINIDAE	13	0	110004834	-1	panTro3	2B
HOMINIDAE	13	110004834	128626102	1	panTro3	2B
HOMINIDAE	13	0	128626102	-1	ponAbe2	2b
HOMINIDAE	13	0	105764400	-1	rheMac3	12
HOMINIDAE	13	105764400	113722669	1	rheMac3	13
HOMINIDAE	13	113722669	114142640	-1	rheMac3	X
HOMINIDAE	13	114142640	128626102	1	rheMac3	13
HOMINIDAE	13	0	53199824	-1	rn4	9
HOMINIDAE	13	53199824	104493460	-1	rn4	3
HOMINIDAE	13	104493460	124109030	-1	rn4	13
HOMINIDAE	13	124109030	126218434	1	rn4	13
HOMINIDAE	13	126218434	127822126	-1	rn4	18
HOMINIDAE	13	127822126	128626102	-1	rn4	9
HOMINIDAE	13	0	89990331	-1	susScr2	15
HOMINIDAE	13	89990331	117501437	1	susScr2	15
HOMINIDAE	13	117501437	118386640	1	susScr2	15
HOMINIDAE	13	118386640	125838646	-1	susScr2	15
HOMINIDAE	13	125838646	128626102	-1	susScr2	15
