HOMINIDAE	18	0	15943929	1	bosTau7	19
HOMINIDAE	18	15943929	16832770	1	bosTau7	19
HOMINIDAE	18	16832770	18584529	-1	bosTau7	19
HOMINIDAE	18	18584529	21547004	-1	bosTau7	19
HOMINIDAE	18	21547004	22995081	1	bosTau7	19
HOMINIDAE	18	22995081	31469325	-1	bosTau7	19
HOMINIDAE	18	31469325	34887100	1	bosTau7	19
HOMINIDAE	18	34887100	36020183	1	bosTau7	19
HOMINIDAE	18	36020183	42761552	-1	bosTau7	19
HOMINIDAE	18	42761552	45510976	-1	bosTau7	19
HOMINIDAE	18	45510976	55616360	1	bosTau7	19
HOMINIDAE	18	55616360	61215334	-1	bosTau7	19
HOMINIDAE	18	61215334	63389538	1	bosTau7	19
HOMINIDAE	18	63389538	72462243	-1	bosTau7	19
HOMINIDAE	18	72462243	74709737	1	bosTau7	19
HOMINIDAE	18	74709737	77824089	-1	bosTau7	19
HOMINIDAE	18	77824089	79048054	1	bosTau7	19
HOMINIDAE	18	0	16050744	-1	calJac3	5
HOMINIDAE	18	16050744	16812540	-1	calJac3	5
HOMINIDAE	18	16812540	19089418	1	calJac3	5
HOMINIDAE	18	19089418	21708240	-1	calJac3	5
HOMINIDAE	18	21708240	22995081	1	calJac3	5
HOMINIDAE	18	22995081	23728683	-1	calJac3	5
HOMINIDAE	18	23728683	34934051	1	calJac3	5
HOMINIDAE	18	34934051	36020183	1	calJac3	5
HOMINIDAE	18	36020183	36930026	-1	calJac3	5
HOMINIDAE	18	36930026	38966475	-1	calJac3	5
HOMINIDAE	18	38966475	42761552	-1	calJac3	5
HOMINIDAE	18	42761552	45139460	-1	calJac3	5
HOMINIDAE	18	45139460	59653781	1	calJac3	5
HOMINIDAE	18	59653781	62659312	1	calJac3	5
HOMINIDAE	18	62659312	63389538	1	calJac3	5
HOMINIDAE	18	63389538	72355773	1	calJac3	5
HOMINIDAE	18	72355773	74540775	-1	calJac3	5
HOMINIDAE	18	74540775	75960869	-1	calJac3	5
HOMINIDAE	18	75960869	77836112	1	calJac3	5
HOMINIDAE	18	77836112	79048054	-1	calJac3	5
HOMINIDAE	18	0	10276178	1	canFam2	9
HOMINIDAE	18	10276178	11145379	-1	canFam2	9
HOMINIDAE	18	11145379	15074984	-1	canFam2	9
HOMINIDAE	18	15074984	18602726	1	canFam2	9
HOMINIDAE	18	18602726	21544568	-1	canFam2	9
HOMINIDAE	18	21544568	22995081	1	canFam2	9
HOMINIDAE	18	22995081	34880603	-1	canFam2	9
HOMINIDAE	18	34880603	36020183	-1	canFam2	9
HOMINIDAE	18	36020183	42761552	1	canFam2	9
HOMINIDAE	18	42761552	45107614	-1	canFam2	9
HOMINIDAE	18	45107614	53434837	1	canFam2	9
HOMINIDAE	18	53434837	59001921	-1	canFam2	9
HOMINIDAE	18	59001921	59872733	-1	canFam2	5
HOMINIDAE	18	59872733	63389538	1	canFam2	5
HOMINIDAE	18	63389538	72459582	-1	canFam2	5
HOMINIDAE	18	72459582	74097860	1	canFam2	5
HOMINIDAE	18	74097860	74724214	-1	canFam2	5
HOMINIDAE	18	74724214	77776482	-1	canFam2	9
HOMINIDAE	18	77776482	79048054	1	canFam2	9
HOMINIDAE	18	0	15550517	1	capHir1	19
HOMINIDAE	18	15550517	16384972	1	capHir1	19
HOMINIDAE	18	16384972	18339540	-1	capHir1	19
HOMINIDAE	18	18339540	21490344	-1	capHir1	19
HOMINIDAE	18	21490344	22995081	1	capHir1	19
HOMINIDAE	18	22995081	31518930	-1	capHir1	19
HOMINIDAE	18	31518930	34879997	1	capHir1	19
HOMINIDAE	18	34879997	36020183	1	capHir1	19
HOMINIDAE	18	36020183	42761552	-1	capHir1	19
HOMINIDAE	18	42761552	45584193	-1	capHir1	19
HOMINIDAE	18	45584193	55586037	1	capHir1	19
HOMINIDAE	18	55586037	61535843	-1	capHir1	19
HOMINIDAE	18	61535843	63389538	1	capHir1	19
HOMINIDAE	18	63389538	72582825	-1	capHir1	19
HOMINIDAE	18	72582825	74114060	1	capHir1	19
HOMINIDAE	18	74114060	77782008	-1	capHir1	19
HOMINIDAE	18	77782008	79048054	1	capHir1	19
HOMINIDAE	18	0	15795871	1	equCab2	11
HOMINIDAE	18	15795871	18983550	-1	equCab2	11
HOMINIDAE	18	18983550	21728518	1	equCab2	11
HOMINIDAE	18	21728518	22995081	1	equCab2	11
HOMINIDAE	18	22995081	34860685	-1	equCab2	11
HOMINIDAE	18	34860685	36020183	-1	equCab2	11
HOMINIDAE	18	36020183	42761552	1	equCab2	11
HOMINIDAE	18	42761552	45202895	-1	equCab2	11
HOMINIDAE	18	45202895	53925062	1	equCab2	11
HOMINIDAE	18	53925062	58666582	-1	equCab2	11
HOMINIDAE	18	58666582	59571566	-1	equCab2	11
HOMINIDAE	18	59571566	63389538	1	equCab2	11
HOMINIDAE	18	63389538	72462665	-1	equCab2	11
HOMINIDAE	18	72462665	74409645	1	equCab2	11
HOMINIDAE	18	74409645	77973025	-1	equCab2	11
HOMINIDAE	18	77973025	79048054	1	equCab2	11
HOMINIDAE	18	0	3279200	1	galGal3	18
HOMINIDAE	18	3279200	7107603	1	galGal3	18
HOMINIDAE	18	7107603	9596404	-1	galGal3	18
HOMINIDAE	18	9596404	16347082	-1	galGal3	18
HOMINIDAE	18	16347082	20519646	1	galGal3	18
HOMINIDAE	18	20519646	22995081	-1	galGal3	27
HOMINIDAE	18	22995081	23736125	-1	galGal3	19
HOMINIDAE	18	23736125	25459811	-1	galGal3	19
HOMINIDAE	18	25459811	26527595	1	galGal3	19
HOMINIDAE	18	26527595	30918939	-1	galGal3	18
HOMINIDAE	18	30918939	32452882	1	galGal3	18
HOMINIDAE	18	32452882	34962106	1	galGal3	27
HOMINIDAE	18	34962106	35430943	1	galGal3	27
HOMINIDAE	18	36020183	37701124	-1	galGal3	27
HOMINIDAE	18	37701124	42761552	-1	galGal3	27
HOMINIDAE	18	42761552	49248113	-1	galGal3	19
HOMINIDAE	18	49248113	56886462	-1	galGal3	19
HOMINIDAE	18	56886462	63389538	-1	galGal3	14
HOMINIDAE	18	63389538	66037519	1	galGal3	18
HOMINIDAE	18	66037519	69465944	-1	galGal3	18
HOMINIDAE	18	69465944	71117060	-1	galGal3	18
HOMINIDAE	18	71117060	72017959	-1	galGal3	19
HOMINIDAE	18	72017959	74674368	1	galGal3	19
HOMINIDAE	18	74674368	75996754	-1	galGal3	19
HOMINIDAE	18	75996754	78137567	-1	galGal3	19
HOMINIDAE	18	78137567	79048054	1	galGal3	19
HOMINIDAE	18	0	35430943	1	gorGor3	5
HOMINIDAE	18	35430943	36020183	-1	gorGor3	5
HOMINIDAE	18	36020183	63389538	1	gorGor3	5
HOMINIDAE	18	63389538	79048054	-1	gorGor3	17
HOMINIDAE	18	0	35430943	-1	hg19	17
HOMINIDAE	18	35430943	36020183	1	hg19	17
HOMINIDAE	18	36020183	79048054	-1	hg19	17
HOMINIDAE	18	0	15981382	-1	mm10	11
HOMINIDAE	18	15981382	19260408	1	mm10	11
HOMINIDAE	18	19260408	21904088	-1	mm10	11
HOMINIDAE	18	21904088	22995081	-1	mm10	11
HOMINIDAE	18	22995081	34930059	1	mm10	11
HOMINIDAE	18	34930059	36020183	1	mm10	11
HOMINIDAE	18	36020183	42761552	-1	mm10	11
HOMINIDAE	18	42761552	45272636	1	mm10	11
HOMINIDAE	18	45272636	54990677	-1	mm10	11
HOMINIDAE	18	54990677	60768976	1	mm10	11
HOMINIDAE	18	60768976	63389538	-1	mm10	11
HOMINIDAE	18	63389538	72353540	1	mm10	11
HOMINIDAE	18	72353540	74369771	-1	mm10	11
HOMINIDAE	18	74369771	78029729	1	mm10	11
HOMINIDAE	18	78029729	79048054	-1	mm10	11
HOMINIDAE	18	0	943872	1	monDom5	2
HOMINIDAE	18	943872	8519038	1	monDom5	2
HOMINIDAE	18	8519038	17177784	1	monDom5	2
HOMINIDAE	18	17177784	19792411	-1	monDom5	2
HOMINIDAE	18	19792411	20110629	1	monDom5	2
HOMINIDAE	18	20110629	22068238	-1	monDom5	2
HOMINIDAE	18	22068238	22995081	-1	monDom5	2
HOMINIDAE	18	22995081	32278044	1	monDom5	2
HOMINIDAE	18	32278044	34840550	-1	monDom5	2
HOMINIDAE	18	34840550	36020183	1	monDom5	2
HOMINIDAE	18	36020183	37608547	-1	monDom5	2
HOMINIDAE	18	37608547	40057562	1	monDom5	2
HOMINIDAE	18	40057562	40304950	-1	monDom5	2
HOMINIDAE	18	40304950	42761552	1	monDom5	2
HOMINIDAE	18	42761552	44698466	-1	monDom5	2
HOMINIDAE	18	44698466	52548069	1	monDom5	2
HOMINIDAE	18	52548069	53855808	-1	monDom5	2
HOMINIDAE	18	53855808	57476763	-1	monDom5	2
HOMINIDAE	18	57476763	59072315	1	monDom5	6
HOMINIDAE	18	59072315	60097695	-1	monDom5	6
HOMINIDAE	18	60097695	61313448	1	monDom5	6
HOMINIDAE	18	61313448	62686683	-1	monDom5	6
HOMINIDAE	18	62686683	63389538	-1	monDom5	2
HOMINIDAE	18	63389538	66872024	-1	monDom5	2
HOMINIDAE	18	66872024	69510097	-1	monDom5	2
HOMINIDAE	18	69510097	70352740	-1	monDom5	2
HOMINIDAE	18	70352740	73004541	1	monDom5	2
HOMINIDAE	18	73004541	73356154	1	monDom5	7
HOMINIDAE	18	73356154	74004882	-1	monDom5	2
HOMINIDAE	18	74004882	74696118	1	monDom5	1
HOMINIDAE	18	74696118	77183895	-1	monDom5	2
HOMINIDAE	18	77183895	79048054	1	monDom5	2
HOMINIDAE	18	0	10406939	-1	oryCun2	19
HOMINIDAE	18	10406939	15923810	1	oryCun2	19
HOMINIDAE	18	15923810	20793885	-1	oryCun2	19
HOMINIDAE	18	20793885	22995081	-1	oryCun2	19
HOMINIDAE	18	22995081	34843278	1	oryCun2	19
HOMINIDAE	18	34843278	36020183	1	oryCun2	19
HOMINIDAE	18	36020183	36797848	1	oryCun2	19
HOMINIDAE	18	36797848	42761552	-1	oryCun2	19
HOMINIDAE	18	42761552	45903931	1	oryCun2	19
HOMINIDAE	18	45903931	56414564	-1	oryCun2	19
HOMINIDAE	18	56414564	63389538	1	oryCun2	19
HOMINIDAE	18	63389538	72413991	1	oryCun2	19
HOMINIDAE	18	72413991	74205364	-1	oryCun2	19
HOMINIDAE	18	74205364	77837461	1	oryCun2	19
HOMINIDAE	18	77837461	79048054	-1	oryCun2	19
HOMINIDAE	18	0	32452882	-1	panTro3	17
HOMINIDAE	18	32452882	35430943	1	panTro3	17
HOMINIDAE	18	35430943	36020183	-1	panTro3	17
HOMINIDAE	18	36020183	71117060	1	panTro3	17
HOMINIDAE	18	71117060	79048054	-1	panTro3	17
HOMINIDAE	18	0	22995081	-1	ponAbe2	17
HOMINIDAE	18	22995081	42761552	1	ponAbe2	17
HOMINIDAE	18	42761552	79048054	-1	ponAbe2	17
HOMINIDAE	18	0	22203016	-1	rheMac3	16
HOMINIDAE	18	22203016	22995081	1	rheMac3	16
HOMINIDAE	18	22995081	34901316	-1	rheMac3	16
HOMINIDAE	18	34901316	36020183	1	rheMac3	16
HOMINIDAE	18	36020183	41819277	-1	rheMac3	16
HOMINIDAE	18	41819277	42761552	1	rheMac3	16
HOMINIDAE	18	42761552	44524380	-1	rheMac3	16
HOMINIDAE	18	44524380	62817948	-1	rheMac3	16
HOMINIDAE	18	62817948	63389538	1	rheMac3	16
HOMINIDAE	18	63389538	79048054	-1	rheMac3	16
HOMINIDAE	18	0	15838943	-1	rn4	10
HOMINIDAE	18	15838943	19103291	1	rn4	10
HOMINIDAE	18	19103291	21868012	-1	rn4	10
HOMINIDAE	18	21868012	22995081	-1	rn4	10
HOMINIDAE	18	22995081	34941959	1	rn4	10
HOMINIDAE	18	34941959	36020183	1	rn4	10
HOMINIDAE	18	36020183	42761552	-1	rn4	10
HOMINIDAE	18	42761552	45917094	1	rn4	10
HOMINIDAE	18	45917094	54889749	-1	rn4	10
HOMINIDAE	18	54889749	56667738	-1	rn4	10
HOMINIDAE	18	56667738	60677258	1	rn4	10
HOMINIDAE	18	60677258	63389538	-1	rn4	10
HOMINIDAE	18	63389538	66735429	1	rn4	10
HOMINIDAE	18	66735429	67134536	-1	rn4	10
HOMINIDAE	18	67134536	72335185	1	rn4	10
HOMINIDAE	18	72335185	74251536	-1	rn4	10
HOMINIDAE	18	74251536	78093357	1	rn4	10
HOMINIDAE	18	78093357	78568476	1	rn4	10
HOMINIDAE	18	78568476	79048054	-1	rn4	10
HOMINIDAE	18	0	15645406	1	susScr2	12
HOMINIDAE	18	15645406	18840242	-1	susScr2	12
HOMINIDAE	18	18840242	21874662	1	susScr2	12
HOMINIDAE	18	21874662	22995081	1	susScr2	12
HOMINIDAE	18	22995081	31649103	-1	susScr2	12
HOMINIDAE	18	31649103	32452882	1	susScr2	12
HOMINIDAE	18	32452882	34822994	-1	susScr2	12
HOMINIDAE	18	34822994	36020183	-1	susScr2	12
HOMINIDAE	18	36020183	42761552	1	susScr2	12
HOMINIDAE	18	42761552	43971794	-1	susScr2	12
HOMINIDAE	18	43971794	55811141	1	susScr2	12
HOMINIDAE	18	55811141	63389538	-1	susScr2	12
HOMINIDAE	18	63389538	72700807	-1	susScr2	12
HOMINIDAE	18	72700807	74621866	1	susScr2	12
HOMINIDAE	18	74621866	78544371	-1	susScr2	12
HOMINIDAE	18	78544371	79048054	1	susScr2	12
HOMINIDAE	18	0	15943929	1	bosTau7	19
HOMINIDAE	18	15943929	16832770	1	bosTau7	19
HOMINIDAE	18	16832770	18584529	-1	bosTau7	19
HOMINIDAE	18	18584529	21547004	-1	bosTau7	19
HOMINIDAE	18	21547004	22995081	1	bosTau7	19
HOMINIDAE	18	22995081	31469325	-1	bosTau7	19
HOMINIDAE	18	31469325	34887100	1	bosTau7	19
HOMINIDAE	18	34887100	36020183	1	bosTau7	19
HOMINIDAE	18	36020183	42761552	-1	bosTau7	19
HOMINIDAE	18	42761552	45510976	-1	bosTau7	19
HOMINIDAE	18	45510976	55616360	1	bosTau7	19
HOMINIDAE	18	55616360	61215334	-1	bosTau7	19
HOMINIDAE	18	61215334	63389538	1	bosTau7	19
HOMINIDAE	18	63389538	72462243	-1	bosTau7	19
HOMINIDAE	18	72462243	74709737	1	bosTau7	19
HOMINIDAE	18	74709737	77824089	-1	bosTau7	19
HOMINIDAE	18	77824089	79048054	1	bosTau7	19
HOMINIDAE	18	0	16050744	-1	calJac3	5
HOMINIDAE	18	16050744	16812540	-1	calJac3	5
HOMINIDAE	18	16812540	19089418	1	calJac3	5
HOMINIDAE	18	19089418	21708240	-1	calJac3	5
HOMINIDAE	18	21708240	22995081	1	calJac3	5
HOMINIDAE	18	22995081	23728683	-1	calJac3	5
HOMINIDAE	18	23728683	34934051	1	calJac3	5
HOMINIDAE	18	34934051	36020183	1	calJac3	5
HOMINIDAE	18	36020183	36930026	-1	calJac3	5
HOMINIDAE	18	36930026	38966475	-1	calJac3	5
HOMINIDAE	18	38966475	42761552	-1	calJac3	5
HOMINIDAE	18	42761552	45139460	-1	calJac3	5
HOMINIDAE	18	45139460	59653781	1	calJac3	5
HOMINIDAE	18	59653781	62659312	1	calJac3	5
HOMINIDAE	18	62659312	63389538	1	calJac3	5
HOMINIDAE	18	63389538	72355773	1	calJac3	5
HOMINIDAE	18	72355773	74540775	-1	calJac3	5
HOMINIDAE	18	74540775	75960869	-1	calJac3	5
HOMINIDAE	18	75960869	77836112	1	calJac3	5
HOMINIDAE	18	77836112	79048054	-1	calJac3	5
HOMINIDAE	18	0	10276178	1	canFam2	9
HOMINIDAE	18	10276178	11145379	-1	canFam2	9
HOMINIDAE	18	11145379	15074984	-1	canFam2	9
HOMINIDAE	18	15074984	18602726	1	canFam2	9
HOMINIDAE	18	18602726	21544568	-1	canFam2	9
HOMINIDAE	18	21544568	22995081	1	canFam2	9
HOMINIDAE	18	22995081	34880603	-1	canFam2	9
HOMINIDAE	18	34880603	36020183	-1	canFam2	9
HOMINIDAE	18	36020183	42761552	1	canFam2	9
HOMINIDAE	18	42761552	45107614	-1	canFam2	9
HOMINIDAE	18	45107614	53434837	1	canFam2	9
HOMINIDAE	18	53434837	59001921	-1	canFam2	9
HOMINIDAE	18	59001921	59872733	-1	canFam2	5
HOMINIDAE	18	59872733	63389538	1	canFam2	5
HOMINIDAE	18	63389538	72459582	-1	canFam2	5
HOMINIDAE	18	72459582	74097860	1	canFam2	5
HOMINIDAE	18	74097860	74724214	-1	canFam2	5
HOMINIDAE	18	74724214	77776482	-1	canFam2	9
HOMINIDAE	18	77776482	79048054	1	canFam2	9
HOMINIDAE	18	0	15550517	1	capHir1	19
HOMINIDAE	18	15550517	16384972	1	capHir1	19
HOMINIDAE	18	16384972	18339540	-1	capHir1	19
HOMINIDAE	18	18339540	21490344	-1	capHir1	19
HOMINIDAE	18	21490344	22995081	1	capHir1	19
HOMINIDAE	18	22995081	31518930	-1	capHir1	19
HOMINIDAE	18	31518930	34879997	1	capHir1	19
HOMINIDAE	18	34879997	36020183	1	capHir1	19
HOMINIDAE	18	36020183	42761552	-1	capHir1	19
HOMINIDAE	18	42761552	45584193	-1	capHir1	19
HOMINIDAE	18	45584193	55586037	1	capHir1	19
HOMINIDAE	18	55586037	61535843	-1	capHir1	19
HOMINIDAE	18	61535843	63389538	1	capHir1	19
HOMINIDAE	18	63389538	72582825	-1	capHir1	19
HOMINIDAE	18	72582825	74114060	1	capHir1	19
HOMINIDAE	18	74114060	77782008	-1	capHir1	19
HOMINIDAE	18	77782008	79048054	1	capHir1	19
HOMINIDAE	18	0	15795871	1	equCab2	11
HOMINIDAE	18	15795871	18983550	-1	equCab2	11
HOMINIDAE	18	18983550	21728518	1	equCab2	11
HOMINIDAE	18	21728518	22995081	1	equCab2	11
HOMINIDAE	18	22995081	34860685	-1	equCab2	11
HOMINIDAE	18	34860685	36020183	-1	equCab2	11
HOMINIDAE	18	36020183	42761552	1	equCab2	11
HOMINIDAE	18	42761552	45202895	-1	equCab2	11
HOMINIDAE	18	45202895	53925062	1	equCab2	11
HOMINIDAE	18	53925062	58666582	-1	equCab2	11
HOMINIDAE	18	58666582	59571566	-1	equCab2	11
HOMINIDAE	18	59571566	63389538	1	equCab2	11
HOMINIDAE	18	63389538	72462665	-1	equCab2	11
HOMINIDAE	18	72462665	74409645	1	equCab2	11
HOMINIDAE	18	74409645	77973025	-1	equCab2	11
HOMINIDAE	18	77973025	79048054	1	equCab2	11
HOMINIDAE	18	0	3279200	1	galGal3	18
HOMINIDAE	18	3279200	7107603	1	galGal3	18
HOMINIDAE	18	7107603	9596404	-1	galGal3	18
HOMINIDAE	18	9596404	16347082	-1	galGal3	18
HOMINIDAE	18	16347082	20519646	1	galGal3	18
HOMINIDAE	18	20519646	22995081	-1	galGal3	27
HOMINIDAE	18	22995081	23736125	-1	galGal3	19
HOMINIDAE	18	23736125	25459811	-1	galGal3	19
HOMINIDAE	18	25459811	26527595	1	galGal3	19
HOMINIDAE	18	26527595	30918939	-1	galGal3	18
HOMINIDAE	18	30918939	32452882	1	galGal3	18
HOMINIDAE	18	32452882	34962106	1	galGal3	27
HOMINIDAE	18	34962106	35430943	1	galGal3	27
HOMINIDAE	18	36020183	37701124	-1	galGal3	27
HOMINIDAE	18	37701124	42761552	-1	galGal3	27
HOMINIDAE	18	42761552	49248113	-1	galGal3	19
HOMINIDAE	18	49248113	56886462	-1	galGal3	19
HOMINIDAE	18	56886462	63389538	-1	galGal3	14
HOMINIDAE	18	63389538	66037519	1	galGal3	18
HOMINIDAE	18	66037519	69465944	-1	galGal3	18
HOMINIDAE	18	69465944	71117060	-1	galGal3	18
HOMINIDAE	18	71117060	72017959	-1	galGal3	19
HOMINIDAE	18	72017959	74674368	1	galGal3	19
HOMINIDAE	18	74674368	75996754	-1	galGal3	19
HOMINIDAE	18	75996754	78137567	-1	galGal3	19
HOMINIDAE	18	78137567	79048054	1	galGal3	19
HOMINIDAE	18	0	35430943	1	gorGor3	5
HOMINIDAE	18	35430943	36020183	-1	gorGor3	5
HOMINIDAE	18	36020183	63389538	1	gorGor3	5
HOMINIDAE	18	63389538	79048054	-1	gorGor3	17
HOMINIDAE	18	0	35430943	-1	hg19	17
HOMINIDAE	18	35430943	36020183	1	hg19	17
HOMINIDAE	18	36020183	79048054	-1	hg19	17
HOMINIDAE	18	0	15981382	-1	mm10	11
HOMINIDAE	18	15981382	19260408	1	mm10	11
HOMINIDAE	18	19260408	21904088	-1	mm10	11
HOMINIDAE	18	21904088	22995081	-1	mm10	11
HOMINIDAE	18	22995081	34930059	1	mm10	11
HOMINIDAE	18	34930059	36020183	1	mm10	11
HOMINIDAE	18	36020183	42761552	-1	mm10	11
HOMINIDAE	18	42761552	45272636	1	mm10	11
HOMINIDAE	18	45272636	54990677	-1	mm10	11
HOMINIDAE	18	54990677	60768976	1	mm10	11
HOMINIDAE	18	60768976	63389538	-1	mm10	11
HOMINIDAE	18	63389538	72353540	1	mm10	11
HOMINIDAE	18	72353540	74369771	-1	mm10	11
HOMINIDAE	18	74369771	78029729	1	mm10	11
HOMINIDAE	18	78029729	79048054	-1	mm10	11
HOMINIDAE	18	0	943872	1	monDom5	2
HOMINIDAE	18	943872	8519038	1	monDom5	2
HOMINIDAE	18	8519038	17177784	1	monDom5	2
HOMINIDAE	18	17177784	19792411	-1	monDom5	2
HOMINIDAE	18	19792411	20110629	1	monDom5	2
HOMINIDAE	18	20110629	22068238	-1	monDom5	2
HOMINIDAE	18	22068238	22995081	-1	monDom5	2
HOMINIDAE	18	22995081	32278044	1	monDom5	2
HOMINIDAE	18	32278044	34840550	-1	monDom5	2
HOMINIDAE	18	34840550	36020183	1	monDom5	2
HOMINIDAE	18	36020183	37608547	-1	monDom5	2
HOMINIDAE	18	37608547	40057562	1	monDom5	2
HOMINIDAE	18	40057562	40304950	-1	monDom5	2
HOMINIDAE	18	40304950	42761552	1	monDom5	2
HOMINIDAE	18	42761552	44698466	-1	monDom5	2
HOMINIDAE	18	44698466	52548069	1	monDom5	2
HOMINIDAE	18	52548069	53855808	-1	monDom5	2
HOMINIDAE	18	53855808	57476763	-1	monDom5	2
HOMINIDAE	18	57476763	59072315	1	monDom5	6
HOMINIDAE	18	59072315	60097695	-1	monDom5	6
HOMINIDAE	18	60097695	61313448	1	monDom5	6
HOMINIDAE	18	61313448	62686683	-1	monDom5	6
HOMINIDAE	18	62686683	63389538	-1	monDom5	2
HOMINIDAE	18	63389538	66872024	-1	monDom5	2
HOMINIDAE	18	66872024	69510097	-1	monDom5	2
HOMINIDAE	18	69510097	70352740	-1	monDom5	2
HOMINIDAE	18	70352740	73004541	1	monDom5	2
HOMINIDAE	18	73004541	73356154	1	monDom5	7
HOMINIDAE	18	73356154	74004882	-1	monDom5	2
HOMINIDAE	18	74004882	74696118	1	monDom5	1
HOMINIDAE	18	74696118	77183895	-1	monDom5	2
HOMINIDAE	18	77183895	79048054	1	monDom5	2
HOMINIDAE	18	0	10406939	-1	oryCun2	19
HOMINIDAE	18	10406939	15923810	1	oryCun2	19
HOMINIDAE	18	15923810	20793885	-1	oryCun2	19
HOMINIDAE	18	20793885	22995081	-1	oryCun2	19
HOMINIDAE	18	22995081	34843278	1	oryCun2	19
HOMINIDAE	18	34843278	36020183	1	oryCun2	19
HOMINIDAE	18	36020183	36797848	1	oryCun2	19
HOMINIDAE	18	36797848	42761552	-1	oryCun2	19
HOMINIDAE	18	42761552	45903931	1	oryCun2	19
HOMINIDAE	18	45903931	56414564	-1	oryCun2	19
HOMINIDAE	18	56414564	63389538	1	oryCun2	19
HOMINIDAE	18	63389538	72413991	1	oryCun2	19
HOMINIDAE	18	72413991	74205364	-1	oryCun2	19
HOMINIDAE	18	74205364	77837461	1	oryCun2	19
HOMINIDAE	18	77837461	79048054	-1	oryCun2	19
HOMINIDAE	18	0	32452882	-1	panTro3	17
HOMINIDAE	18	32452882	35430943	1	panTro3	17
HOMINIDAE	18	35430943	36020183	-1	panTro3	17
HOMINIDAE	18	36020183	71117060	1	panTro3	17
HOMINIDAE	18	71117060	79048054	-1	panTro3	17
HOMINIDAE	18	0	22995081	-1	ponAbe2	17
HOMINIDAE	18	22995081	42761552	1	ponAbe2	17
HOMINIDAE	18	42761552	79048054	-1	ponAbe2	17
HOMINIDAE	18	0	22203016	-1	rheMac3	16
HOMINIDAE	18	22203016	22995081	1	rheMac3	16
HOMINIDAE	18	22995081	34901316	-1	rheMac3	16
HOMINIDAE	18	34901316	36020183	1	rheMac3	16
HOMINIDAE	18	36020183	41819277	-1	rheMac3	16
HOMINIDAE	18	41819277	42761552	1	rheMac3	16
HOMINIDAE	18	42761552	44524380	-1	rheMac3	16
HOMINIDAE	18	44524380	62817948	-1	rheMac3	16
HOMINIDAE	18	62817948	63389538	1	rheMac3	16
HOMINIDAE	18	63389538	79048054	-1	rheMac3	16
HOMINIDAE	18	0	15838943	-1	rn4	10
HOMINIDAE	18	15838943	19103291	1	rn4	10
HOMINIDAE	18	19103291	21868012	-1	rn4	10
HOMINIDAE	18	21868012	22995081	-1	rn4	10
HOMINIDAE	18	22995081	34941959	1	rn4	10
HOMINIDAE	18	34941959	36020183	1	rn4	10
HOMINIDAE	18	36020183	42761552	-1	rn4	10
HOMINIDAE	18	42761552	45917094	1	rn4	10
HOMINIDAE	18	45917094	54889749	-1	rn4	10
HOMINIDAE	18	54889749	56667738	-1	rn4	10
HOMINIDAE	18	56667738	60677258	1	rn4	10
HOMINIDAE	18	60677258	63389538	-1	rn4	10
HOMINIDAE	18	63389538	66735429	1	rn4	10
HOMINIDAE	18	66735429	67134536	-1	rn4	10
HOMINIDAE	18	67134536	72335185	1	rn4	10
HOMINIDAE	18	72335185	74251536	-1	rn4	10
HOMINIDAE	18	74251536	78093357	1	rn4	10
HOMINIDAE	18	78093357	78568476	1	rn4	10
HOMINIDAE	18	78568476	79048054	-1	rn4	10
HOMINIDAE	18	0	15645406	1	susScr2	12
HOMINIDAE	18	15645406	18840242	-1	susScr2	12
HOMINIDAE	18	18840242	21874662	1	susScr2	12
HOMINIDAE	18	21874662	22995081	1	susScr2	12
HOMINIDAE	18	22995081	31649103	-1	susScr2	12
HOMINIDAE	18	31649103	32452882	1	susScr2	12
HOMINIDAE	18	32452882	34822994	-1	susScr2	12
HOMINIDAE	18	34822994	36020183	-1	susScr2	12
HOMINIDAE	18	36020183	42761552	1	susScr2	12
HOMINIDAE	18	42761552	43971794	-1	susScr2	12
HOMINIDAE	18	43971794	55811141	1	susScr2	12
HOMINIDAE	18	55811141	63389538	-1	susScr2	12
HOMINIDAE	18	63389538	72700807	-1	susScr2	12
HOMINIDAE	18	72700807	74621866	1	susScr2	12
HOMINIDAE	18	74621866	78544371	-1	susScr2	12
HOMINIDAE	18	78544371	79048054	1	susScr2	12
HOMINIDAE	18	0	15943929	1	bosTau7	19
HOMINIDAE	18	15943929	16832770	1	bosTau7	19
HOMINIDAE	18	16832770	18584529	-1	bosTau7	19
HOMINIDAE	18	18584529	21547004	-1	bosTau7	19
HOMINIDAE	18	21547004	22995081	1	bosTau7	19
HOMINIDAE	18	22995081	31469325	-1	bosTau7	19
HOMINIDAE	18	31469325	34887100	1	bosTau7	19
HOMINIDAE	18	34887100	36020183	1	bosTau7	19
HOMINIDAE	18	36020183	42761552	-1	bosTau7	19
HOMINIDAE	18	42761552	45510976	-1	bosTau7	19
HOMINIDAE	18	45510976	55616360	1	bosTau7	19
HOMINIDAE	18	55616360	61215334	-1	bosTau7	19
HOMINIDAE	18	61215334	63389538	1	bosTau7	19
HOMINIDAE	18	63389538	72462243	-1	bosTau7	19
HOMINIDAE	18	72462243	74709737	1	bosTau7	19
HOMINIDAE	18	74709737	77824089	-1	bosTau7	19
HOMINIDAE	18	77824089	79048054	1	bosTau7	19
HOMINIDAE	18	0	16050744	-1	calJac3	5
HOMINIDAE	18	16050744	16812540	-1	calJac3	5
HOMINIDAE	18	16812540	19089418	1	calJac3	5
HOMINIDAE	18	19089418	21708240	-1	calJac3	5
HOMINIDAE	18	21708240	22995081	1	calJac3	5
HOMINIDAE	18	22995081	23728683	-1	calJac3	5
HOMINIDAE	18	23728683	34934051	1	calJac3	5
HOMINIDAE	18	34934051	36020183	1	calJac3	5
HOMINIDAE	18	36020183	36930026	-1	calJac3	5
HOMINIDAE	18	36930026	38966475	-1	calJac3	5
HOMINIDAE	18	38966475	42761552	-1	calJac3	5
HOMINIDAE	18	42761552	45139460	-1	calJac3	5
HOMINIDAE	18	45139460	59653781	1	calJac3	5
HOMINIDAE	18	59653781	62659312	1	calJac3	5
HOMINIDAE	18	62659312	63389538	1	calJac3	5
HOMINIDAE	18	63389538	72355773	1	calJac3	5
HOMINIDAE	18	72355773	74540775	-1	calJac3	5
HOMINIDAE	18	74540775	75960869	-1	calJac3	5
HOMINIDAE	18	75960869	77836112	1	calJac3	5
HOMINIDAE	18	77836112	79048054	-1	calJac3	5
HOMINIDAE	18	0	10276178	1	canFam2	9
HOMINIDAE	18	10276178	11145379	-1	canFam2	9
HOMINIDAE	18	11145379	15074984	-1	canFam2	9
HOMINIDAE	18	15074984	18602726	1	canFam2	9
HOMINIDAE	18	18602726	21544568	-1	canFam2	9
HOMINIDAE	18	21544568	22995081	1	canFam2	9
HOMINIDAE	18	22995081	34880603	-1	canFam2	9
HOMINIDAE	18	34880603	36020183	-1	canFam2	9
HOMINIDAE	18	36020183	42761552	1	canFam2	9
HOMINIDAE	18	42761552	45107614	-1	canFam2	9
HOMINIDAE	18	45107614	53434837	1	canFam2	9
HOMINIDAE	18	53434837	59001921	-1	canFam2	9
HOMINIDAE	18	59001921	59872733	-1	canFam2	5
HOMINIDAE	18	59872733	63389538	1	canFam2	5
HOMINIDAE	18	63389538	72459582	-1	canFam2	5
HOMINIDAE	18	72459582	74097860	1	canFam2	5
HOMINIDAE	18	74097860	74724214	-1	canFam2	5
HOMINIDAE	18	74724214	77776482	-1	canFam2	9
HOMINIDAE	18	77776482	79048054	1	canFam2	9
HOMINIDAE	18	0	15550517	1	capHir1	19
HOMINIDAE	18	15550517	16384972	1	capHir1	19
HOMINIDAE	18	16384972	18339540	-1	capHir1	19
HOMINIDAE	18	18339540	21490344	-1	capHir1	19
HOMINIDAE	18	21490344	22995081	1	capHir1	19
HOMINIDAE	18	22995081	31518930	-1	capHir1	19
HOMINIDAE	18	31518930	34879997	1	capHir1	19
HOMINIDAE	18	34879997	36020183	1	capHir1	19
HOMINIDAE	18	36020183	42761552	-1	capHir1	19
HOMINIDAE	18	42761552	45584193	-1	capHir1	19
HOMINIDAE	18	45584193	55586037	1	capHir1	19
HOMINIDAE	18	55586037	61535843	-1	capHir1	19
HOMINIDAE	18	61535843	63389538	1	capHir1	19
HOMINIDAE	18	63389538	72582825	-1	capHir1	19
HOMINIDAE	18	72582825	74114060	1	capHir1	19
HOMINIDAE	18	74114060	77782008	-1	capHir1	19
HOMINIDAE	18	77782008	79048054	1	capHir1	19
HOMINIDAE	18	0	15795871	1	equCab2	11
HOMINIDAE	18	15795871	18983550	-1	equCab2	11
HOMINIDAE	18	18983550	21728518	1	equCab2	11
HOMINIDAE	18	21728518	22995081	1	equCab2	11
HOMINIDAE	18	22995081	34860685	-1	equCab2	11
HOMINIDAE	18	34860685	36020183	-1	equCab2	11
HOMINIDAE	18	36020183	42761552	1	equCab2	11
HOMINIDAE	18	42761552	45202895	-1	equCab2	11
HOMINIDAE	18	45202895	53925062	1	equCab2	11
HOMINIDAE	18	53925062	58666582	-1	equCab2	11
HOMINIDAE	18	58666582	59571566	-1	equCab2	11
HOMINIDAE	18	59571566	63389538	1	equCab2	11
HOMINIDAE	18	63389538	72462665	-1	equCab2	11
HOMINIDAE	18	72462665	74409645	1	equCab2	11
HOMINIDAE	18	74409645	77973025	-1	equCab2	11
HOMINIDAE	18	77973025	79048054	1	equCab2	11
HOMINIDAE	18	0	3279200	1	galGal3	18
HOMINIDAE	18	3279200	7107603	1	galGal3	18
HOMINIDAE	18	7107603	9596404	-1	galGal3	18
HOMINIDAE	18	9596404	16347082	-1	galGal3	18
HOMINIDAE	18	16347082	20519646	1	galGal3	18
HOMINIDAE	18	20519646	22995081	-1	galGal3	27
HOMINIDAE	18	22995081	23736125	-1	galGal3	19
HOMINIDAE	18	23736125	25459811	-1	galGal3	19
HOMINIDAE	18	25459811	26527595	1	galGal3	19
HOMINIDAE	18	26527595	30918939	-1	galGal3	18
HOMINIDAE	18	30918939	32452882	1	galGal3	18
HOMINIDAE	18	32452882	34962106	1	galGal3	27
HOMINIDAE	18	34962106	35430943	1	galGal3	27
HOMINIDAE	18	36020183	37701124	-1	galGal3	27
HOMINIDAE	18	37701124	42761552	-1	galGal3	27
HOMINIDAE	18	42761552	49248113	-1	galGal3	19
HOMINIDAE	18	49248113	56886462	-1	galGal3	19
HOMINIDAE	18	56886462	63389538	-1	galGal3	14
HOMINIDAE	18	63389538	66037519	1	galGal3	18
HOMINIDAE	18	66037519	69465944	-1	galGal3	18
HOMINIDAE	18	69465944	71117060	-1	galGal3	18
HOMINIDAE	18	71117060	72017959	-1	galGal3	19
HOMINIDAE	18	72017959	74674368	1	galGal3	19
HOMINIDAE	18	74674368	75996754	-1	galGal3	19
HOMINIDAE	18	75996754	78137567	-1	galGal3	19
HOMINIDAE	18	78137567	79048054	1	galGal3	19
HOMINIDAE	18	0	35430943	1	gorGor3	5
HOMINIDAE	18	35430943	36020183	-1	gorGor3	5
HOMINIDAE	18	36020183	63389538	1	gorGor3	5
HOMINIDAE	18	63389538	79048054	-1	gorGor3	17
HOMINIDAE	18	0	35430943	-1	hg19	17
HOMINIDAE	18	35430943	36020183	1	hg19	17
HOMINIDAE	18	36020183	79048054	-1	hg19	17
HOMINIDAE	18	0	15981382	-1	mm10	11
HOMINIDAE	18	15981382	19260408	1	mm10	11
HOMINIDAE	18	19260408	21904088	-1	mm10	11
HOMINIDAE	18	21904088	22995081	-1	mm10	11
HOMINIDAE	18	22995081	34930059	1	mm10	11
HOMINIDAE	18	34930059	36020183	1	mm10	11
HOMINIDAE	18	36020183	42761552	-1	mm10	11
HOMINIDAE	18	42761552	45272636	1	mm10	11
HOMINIDAE	18	45272636	54990677	-1	mm10	11
HOMINIDAE	18	54990677	60768976	1	mm10	11
HOMINIDAE	18	60768976	63389538	-1	mm10	11
HOMINIDAE	18	63389538	72353540	1	mm10	11
HOMINIDAE	18	72353540	74369771	-1	mm10	11
HOMINIDAE	18	74369771	78029729	1	mm10	11
HOMINIDAE	18	78029729	79048054	-1	mm10	11
HOMINIDAE	18	0	943872	1	monDom5	2
HOMINIDAE	18	943872	8519038	1	monDom5	2
HOMINIDAE	18	8519038	17177784	1	monDom5	2
HOMINIDAE	18	17177784	19792411	-1	monDom5	2
HOMINIDAE	18	19792411	20110629	1	monDom5	2
HOMINIDAE	18	20110629	22068238	-1	monDom5	2
HOMINIDAE	18	22068238	22995081	-1	monDom5	2
HOMINIDAE	18	22995081	32278044	1	monDom5	2
HOMINIDAE	18	32278044	34840550	-1	monDom5	2
HOMINIDAE	18	34840550	36020183	1	monDom5	2
HOMINIDAE	18	36020183	37608547	-1	monDom5	2
HOMINIDAE	18	37608547	40057562	1	monDom5	2
HOMINIDAE	18	40057562	40304950	-1	monDom5	2
HOMINIDAE	18	40304950	42761552	1	monDom5	2
HOMINIDAE	18	42761552	44698466	-1	monDom5	2
HOMINIDAE	18	44698466	52548069	1	monDom5	2
HOMINIDAE	18	52548069	53855808	-1	monDom5	2
HOMINIDAE	18	53855808	57476763	-1	monDom5	2
HOMINIDAE	18	57476763	59072315	1	monDom5	6
HOMINIDAE	18	59072315	60097695	-1	monDom5	6
HOMINIDAE	18	60097695	61313448	1	monDom5	6
HOMINIDAE	18	61313448	62686683	-1	monDom5	6
HOMINIDAE	18	62686683	63389538	-1	monDom5	2
HOMINIDAE	18	63389538	66872024	-1	monDom5	2
HOMINIDAE	18	66872024	69510097	-1	monDom5	2
HOMINIDAE	18	69510097	70352740	-1	monDom5	2
HOMINIDAE	18	70352740	73004541	1	monDom5	2
HOMINIDAE	18	73004541	73356154	1	monDom5	7
HOMINIDAE	18	73356154	74004882	-1	monDom5	2
HOMINIDAE	18	74004882	74696118	1	monDom5	1
HOMINIDAE	18	74696118	77183895	-1	monDom5	2
HOMINIDAE	18	77183895	79048054	1	monDom5	2
HOMINIDAE	18	0	10406939	-1	oryCun2	19
HOMINIDAE	18	10406939	15923810	1	oryCun2	19
HOMINIDAE	18	15923810	20793885	-1	oryCun2	19
HOMINIDAE	18	20793885	22995081	-1	oryCun2	19
HOMINIDAE	18	22995081	34843278	1	oryCun2	19
HOMINIDAE	18	34843278	36020183	1	oryCun2	19
HOMINIDAE	18	36020183	36797848	1	oryCun2	19
HOMINIDAE	18	36797848	42761552	-1	oryCun2	19
HOMINIDAE	18	42761552	45903931	1	oryCun2	19
HOMINIDAE	18	45903931	56414564	-1	oryCun2	19
HOMINIDAE	18	56414564	63389538	1	oryCun2	19
HOMINIDAE	18	63389538	72413991	1	oryCun2	19
HOMINIDAE	18	72413991	74205364	-1	oryCun2	19
HOMINIDAE	18	74205364	77837461	1	oryCun2	19
HOMINIDAE	18	77837461	79048054	-1	oryCun2	19
HOMINIDAE	18	0	32452882	-1	panTro3	17
HOMINIDAE	18	32452882	35430943	1	panTro3	17
HOMINIDAE	18	35430943	36020183	-1	panTro3	17
HOMINIDAE	18	36020183	71117060	1	panTro3	17
HOMINIDAE	18	71117060	79048054	-1	panTro3	17
HOMINIDAE	18	0	22995081	-1	ponAbe2	17
HOMINIDAE	18	22995081	42761552	1	ponAbe2	17
HOMINIDAE	18	42761552	79048054	-1	ponAbe2	17
HOMINIDAE	18	0	22203016	-1	rheMac3	16
HOMINIDAE	18	22203016	22995081	1	rheMac3	16
HOMINIDAE	18	22995081	34901316	-1	rheMac3	16
HOMINIDAE	18	34901316	36020183	1	rheMac3	16
HOMINIDAE	18	36020183	41819277	-1	rheMac3	16
HOMINIDAE	18	41819277	42761552	1	rheMac3	16
HOMINIDAE	18	42761552	44524380	-1	rheMac3	16
HOMINIDAE	18	44524380	62817948	-1	rheMac3	16
HOMINIDAE	18	62817948	63389538	1	rheMac3	16
HOMINIDAE	18	63389538	79048054	-1	rheMac3	16
HOMINIDAE	18	0	15838943	-1	rn4	10
HOMINIDAE	18	15838943	19103291	1	rn4	10
HOMINIDAE	18	19103291	21868012	-1	rn4	10
HOMINIDAE	18	21868012	22995081	-1	rn4	10
HOMINIDAE	18	22995081	34941959	1	rn4	10
HOMINIDAE	18	34941959	36020183	1	rn4	10
HOMINIDAE	18	36020183	42761552	-1	rn4	10
HOMINIDAE	18	42761552	45917094	1	rn4	10
HOMINIDAE	18	45917094	54889749	-1	rn4	10
HOMINIDAE	18	54889749	56667738	-1	rn4	10
HOMINIDAE	18	56667738	60677258	1	rn4	10
HOMINIDAE	18	60677258	63389538	-1	rn4	10
HOMINIDAE	18	63389538	66735429	1	rn4	10
HOMINIDAE	18	66735429	67134536	-1	rn4	10
HOMINIDAE	18	67134536	72335185	1	rn4	10
HOMINIDAE	18	72335185	74251536	-1	rn4	10
HOMINIDAE	18	74251536	78093357	1	rn4	10
HOMINIDAE	18	78093357	78568476	1	rn4	10
HOMINIDAE	18	78568476	79048054	-1	rn4	10
HOMINIDAE	18	0	15645406	1	susScr2	12
HOMINIDAE	18	15645406	18840242	-1	susScr2	12
HOMINIDAE	18	18840242	21874662	1	susScr2	12
HOMINIDAE	18	21874662	22995081	1	susScr2	12
HOMINIDAE	18	22995081	31649103	-1	susScr2	12
HOMINIDAE	18	31649103	32452882	1	susScr2	12
HOMINIDAE	18	32452882	34822994	-1	susScr2	12
HOMINIDAE	18	34822994	36020183	-1	susScr2	12
HOMINIDAE	18	36020183	42761552	1	susScr2	12
HOMINIDAE	18	42761552	43971794	-1	susScr2	12
HOMINIDAE	18	43971794	55811141	1	susScr2	12
HOMINIDAE	18	55811141	63389538	-1	susScr2	12
HOMINIDAE	18	63389538	72700807	-1	susScr2	12
HOMINIDAE	18	72700807	74621866	1	susScr2	12
HOMINIDAE	18	74621866	78544371	-1	susScr2	12
HOMINIDAE	18	78544371	79048054	1	susScr2	12
HOMINIDAE	18	0	15943929	1	bosTau7	19
HOMINIDAE	18	15943929	16832770	1	bosTau7	19
HOMINIDAE	18	16832770	18584529	-1	bosTau7	19
HOMINIDAE	18	18584529	21547004	-1	bosTau7	19
HOMINIDAE	18	21547004	22995081	1	bosTau7	19
HOMINIDAE	18	22995081	31469325	-1	bosTau7	19
HOMINIDAE	18	31469325	34887100	1	bosTau7	19
HOMINIDAE	18	34887100	36020183	1	bosTau7	19
HOMINIDAE	18	36020183	42761552	-1	bosTau7	19
HOMINIDAE	18	42761552	45510976	-1	bosTau7	19
HOMINIDAE	18	45510976	55616360	1	bosTau7	19
HOMINIDAE	18	55616360	61215334	-1	bosTau7	19
HOMINIDAE	18	61215334	63389538	1	bosTau7	19
HOMINIDAE	18	63389538	72462243	-1	bosTau7	19
HOMINIDAE	18	72462243	74709737	1	bosTau7	19
HOMINIDAE	18	74709737	77824089	-1	bosTau7	19
HOMINIDAE	18	77824089	79048054	1	bosTau7	19
HOMINIDAE	18	0	16050744	-1	calJac3	5
HOMINIDAE	18	16050744	16812540	-1	calJac3	5
HOMINIDAE	18	16812540	19089418	1	calJac3	5
HOMINIDAE	18	19089418	21708240	-1	calJac3	5
HOMINIDAE	18	21708240	22995081	1	calJac3	5
HOMINIDAE	18	22995081	23728683	-1	calJac3	5
HOMINIDAE	18	23728683	34934051	1	calJac3	5
HOMINIDAE	18	34934051	36020183	1	calJac3	5
HOMINIDAE	18	36020183	36930026	-1	calJac3	5
HOMINIDAE	18	36930026	38966475	-1	calJac3	5
HOMINIDAE	18	38966475	42761552	-1	calJac3	5
HOMINIDAE	18	42761552	45139460	-1	calJac3	5
HOMINIDAE	18	45139460	59653781	1	calJac3	5
HOMINIDAE	18	59653781	62659312	1	calJac3	5
HOMINIDAE	18	62659312	63389538	1	calJac3	5
HOMINIDAE	18	63389538	72355773	1	calJac3	5
HOMINIDAE	18	72355773	74540775	-1	calJac3	5
HOMINIDAE	18	74540775	75960869	-1	calJac3	5
HOMINIDAE	18	75960869	77836112	1	calJac3	5
HOMINIDAE	18	77836112	79048054	-1	calJac3	5
HOMINIDAE	18	0	10276178	1	canFam2	9
HOMINIDAE	18	10276178	11145379	-1	canFam2	9
HOMINIDAE	18	11145379	15074984	-1	canFam2	9
HOMINIDAE	18	15074984	18602726	1	canFam2	9
HOMINIDAE	18	18602726	21544568	-1	canFam2	9
HOMINIDAE	18	21544568	22995081	1	canFam2	9
HOMINIDAE	18	22995081	34880603	-1	canFam2	9
HOMINIDAE	18	34880603	36020183	-1	canFam2	9
HOMINIDAE	18	36020183	42761552	1	canFam2	9
HOMINIDAE	18	42761552	45107614	-1	canFam2	9
HOMINIDAE	18	45107614	53434837	1	canFam2	9
HOMINIDAE	18	53434837	59001921	-1	canFam2	9
HOMINIDAE	18	59001921	59872733	-1	canFam2	5
HOMINIDAE	18	59872733	63389538	1	canFam2	5
HOMINIDAE	18	63389538	72459582	-1	canFam2	5
HOMINIDAE	18	72459582	74097860	1	canFam2	5
HOMINIDAE	18	74097860	74724214	-1	canFam2	5
HOMINIDAE	18	74724214	77776482	-1	canFam2	9
HOMINIDAE	18	77776482	79048054	1	canFam2	9
HOMINIDAE	18	0	15550517	1	capHir1	19
HOMINIDAE	18	15550517	16384972	1	capHir1	19
HOMINIDAE	18	16384972	18339540	-1	capHir1	19
HOMINIDAE	18	18339540	21490344	-1	capHir1	19
HOMINIDAE	18	21490344	22995081	1	capHir1	19
HOMINIDAE	18	22995081	31518930	-1	capHir1	19
HOMINIDAE	18	31518930	34879997	1	capHir1	19
HOMINIDAE	18	34879997	36020183	1	capHir1	19
HOMINIDAE	18	36020183	42761552	-1	capHir1	19
HOMINIDAE	18	42761552	45584193	-1	capHir1	19
HOMINIDAE	18	45584193	55586037	1	capHir1	19
HOMINIDAE	18	55586037	61535843	-1	capHir1	19
HOMINIDAE	18	61535843	63389538	1	capHir1	19
HOMINIDAE	18	63389538	72582825	-1	capHir1	19
HOMINIDAE	18	72582825	74114060	1	capHir1	19
HOMINIDAE	18	74114060	77782008	-1	capHir1	19
HOMINIDAE	18	77782008	79048054	1	capHir1	19
HOMINIDAE	18	0	15795871	1	equCab2	11
HOMINIDAE	18	15795871	18983550	-1	equCab2	11
HOMINIDAE	18	18983550	21728518	1	equCab2	11
HOMINIDAE	18	21728518	22995081	1	equCab2	11
HOMINIDAE	18	22995081	34860685	-1	equCab2	11
HOMINIDAE	18	34860685	36020183	-1	equCab2	11
HOMINIDAE	18	36020183	42761552	1	equCab2	11
HOMINIDAE	18	42761552	45202895	-1	equCab2	11
HOMINIDAE	18	45202895	53925062	1	equCab2	11
HOMINIDAE	18	53925062	58666582	-1	equCab2	11
HOMINIDAE	18	58666582	59571566	-1	equCab2	11
HOMINIDAE	18	59571566	63389538	1	equCab2	11
HOMINIDAE	18	63389538	72462665	-1	equCab2	11
HOMINIDAE	18	72462665	74409645	1	equCab2	11
HOMINIDAE	18	74409645	77973025	-1	equCab2	11
HOMINIDAE	18	77973025	79048054	1	equCab2	11
HOMINIDAE	18	0	3279200	1	galGal3	18
HOMINIDAE	18	3279200	7107603	1	galGal3	18
HOMINIDAE	18	7107603	9596404	-1	galGal3	18
HOMINIDAE	18	9596404	16347082	-1	galGal3	18
HOMINIDAE	18	16347082	20519646	1	galGal3	18
HOMINIDAE	18	20519646	22995081	-1	galGal3	27
HOMINIDAE	18	22995081	23736125	-1	galGal3	19
HOMINIDAE	18	23736125	25459811	-1	galGal3	19
HOMINIDAE	18	25459811	26527595	1	galGal3	19
HOMINIDAE	18	26527595	30918939	-1	galGal3	18
HOMINIDAE	18	30918939	32452882	1	galGal3	18
HOMINIDAE	18	32452882	34962106	1	galGal3	27
HOMINIDAE	18	34962106	35430943	1	galGal3	27
HOMINIDAE	18	36020183	37701124	-1	galGal3	27
HOMINIDAE	18	37701124	42761552	-1	galGal3	27
HOMINIDAE	18	42761552	49248113	-1	galGal3	19
HOMINIDAE	18	49248113	56886462	-1	galGal3	19
HOMINIDAE	18	56886462	63389538	-1	galGal3	14
HOMINIDAE	18	63389538	66037519	1	galGal3	18
HOMINIDAE	18	66037519	69465944	-1	galGal3	18
HOMINIDAE	18	69465944	71117060	-1	galGal3	18
HOMINIDAE	18	71117060	72017959	-1	galGal3	19
HOMINIDAE	18	72017959	74674368	1	galGal3	19
HOMINIDAE	18	74674368	75996754	-1	galGal3	19
HOMINIDAE	18	75996754	78137567	-1	galGal3	19
HOMINIDAE	18	78137567	79048054	1	galGal3	19
HOMINIDAE	18	0	35430943	1	gorGor3	5
HOMINIDAE	18	35430943	36020183	-1	gorGor3	5
HOMINIDAE	18	36020183	63389538	1	gorGor3	5
HOMINIDAE	18	63389538	79048054	-1	gorGor3	17
HOMINIDAE	18	0	35430943	-1	hg19	17
HOMINIDAE	18	35430943	36020183	1	hg19	17
HOMINIDAE	18	36020183	79048054	-1	hg19	17
HOMINIDAE	18	0	15981382	-1	mm10	11
HOMINIDAE	18	15981382	19260408	1	mm10	11
HOMINIDAE	18	19260408	21904088	-1	mm10	11
HOMINIDAE	18	21904088	22995081	-1	mm10	11
HOMINIDAE	18	22995081	34930059	1	mm10	11
HOMINIDAE	18	34930059	36020183	1	mm10	11
HOMINIDAE	18	36020183	42761552	-1	mm10	11
HOMINIDAE	18	42761552	45272636	1	mm10	11
HOMINIDAE	18	45272636	54990677	-1	mm10	11
HOMINIDAE	18	54990677	60768976	1	mm10	11
HOMINIDAE	18	60768976	63389538	-1	mm10	11
HOMINIDAE	18	63389538	72353540	1	mm10	11
HOMINIDAE	18	72353540	74369771	-1	mm10	11
HOMINIDAE	18	74369771	78029729	1	mm10	11
HOMINIDAE	18	78029729	79048054	-1	mm10	11
HOMINIDAE	18	0	943872	1	monDom5	2
HOMINIDAE	18	943872	8519038	1	monDom5	2
HOMINIDAE	18	8519038	17177784	1	monDom5	2
HOMINIDAE	18	17177784	19792411	-1	monDom5	2
HOMINIDAE	18	19792411	20110629	1	monDom5	2
HOMINIDAE	18	20110629	22068238	-1	monDom5	2
HOMINIDAE	18	22068238	22995081	-1	monDom5	2
HOMINIDAE	18	22995081	32278044	1	monDom5	2
HOMINIDAE	18	32278044	34840550	-1	monDom5	2
HOMINIDAE	18	34840550	36020183	1	monDom5	2
HOMINIDAE	18	36020183	37608547	-1	monDom5	2
HOMINIDAE	18	37608547	40057562	1	monDom5	2
HOMINIDAE	18	40057562	40304950	-1	monDom5	2
HOMINIDAE	18	40304950	42761552	1	monDom5	2
HOMINIDAE	18	42761552	44698466	-1	monDom5	2
HOMINIDAE	18	44698466	52548069	1	monDom5	2
HOMINIDAE	18	52548069	53855808	-1	monDom5	2
HOMINIDAE	18	53855808	57476763	-1	monDom5	2
HOMINIDAE	18	57476763	59072315	1	monDom5	6
HOMINIDAE	18	59072315	60097695	-1	monDom5	6
HOMINIDAE	18	60097695	61313448	1	monDom5	6
HOMINIDAE	18	61313448	62686683	-1	monDom5	6
HOMINIDAE	18	62686683	63389538	-1	monDom5	2
HOMINIDAE	18	63389538	66872024	-1	monDom5	2
HOMINIDAE	18	66872024	69510097	-1	monDom5	2
HOMINIDAE	18	69510097	70352740	-1	monDom5	2
HOMINIDAE	18	70352740	73004541	1	monDom5	2
HOMINIDAE	18	73004541	73356154	1	monDom5	7
HOMINIDAE	18	73356154	74004882	-1	monDom5	2
HOMINIDAE	18	74004882	74696118	1	monDom5	1
HOMINIDAE	18	74696118	77183895	-1	monDom5	2
HOMINIDAE	18	77183895	79048054	1	monDom5	2
HOMINIDAE	18	0	10406939	-1	oryCun2	19
HOMINIDAE	18	10406939	15923810	1	oryCun2	19
HOMINIDAE	18	15923810	20793885	-1	oryCun2	19
HOMINIDAE	18	20793885	22995081	-1	oryCun2	19
HOMINIDAE	18	22995081	34843278	1	oryCun2	19
HOMINIDAE	18	34843278	36020183	1	oryCun2	19
HOMINIDAE	18	36020183	36797848	1	oryCun2	19
HOMINIDAE	18	36797848	42761552	-1	oryCun2	19
HOMINIDAE	18	42761552	45903931	1	oryCun2	19
HOMINIDAE	18	45903931	56414564	-1	oryCun2	19
HOMINIDAE	18	56414564	63389538	1	oryCun2	19
HOMINIDAE	18	63389538	72413991	1	oryCun2	19
HOMINIDAE	18	72413991	74205364	-1	oryCun2	19
HOMINIDAE	18	74205364	77837461	1	oryCun2	19
HOMINIDAE	18	77837461	79048054	-1	oryCun2	19
HOMINIDAE	18	0	32452882	-1	panTro3	17
HOMINIDAE	18	32452882	35430943	1	panTro3	17
HOMINIDAE	18	35430943	36020183	-1	panTro3	17
HOMINIDAE	18	36020183	71117060	1	panTro3	17
HOMINIDAE	18	71117060	79048054	-1	panTro3	17
HOMINIDAE	18	0	22995081	-1	ponAbe2	17
HOMINIDAE	18	22995081	42761552	1	ponAbe2	17
HOMINIDAE	18	42761552	79048054	-1	ponAbe2	17
HOMINIDAE	18	0	22203016	-1	rheMac3	16
HOMINIDAE	18	22203016	22995081	1	rheMac3	16
HOMINIDAE	18	22995081	34901316	-1	rheMac3	16
HOMINIDAE	18	34901316	36020183	1	rheMac3	16
HOMINIDAE	18	36020183	41819277	-1	rheMac3	16
HOMINIDAE	18	41819277	42761552	1	rheMac3	16
HOMINIDAE	18	42761552	44524380	-1	rheMac3	16
HOMINIDAE	18	44524380	62817948	-1	rheMac3	16
HOMINIDAE	18	62817948	63389538	1	rheMac3	16
HOMINIDAE	18	63389538	79048054	-1	rheMac3	16
HOMINIDAE	18	0	15838943	-1	rn4	10
HOMINIDAE	18	15838943	19103291	1	rn4	10
HOMINIDAE	18	19103291	21868012	-1	rn4	10
HOMINIDAE	18	21868012	22995081	-1	rn4	10
HOMINIDAE	18	22995081	34941959	1	rn4	10
HOMINIDAE	18	34941959	36020183	1	rn4	10
HOMINIDAE	18	36020183	42761552	-1	rn4	10
HOMINIDAE	18	42761552	45917094	1	rn4	10
HOMINIDAE	18	45917094	54889749	-1	rn4	10
HOMINIDAE	18	54889749	56667738	-1	rn4	10
HOMINIDAE	18	56667738	60677258	1	rn4	10
HOMINIDAE	18	60677258	63389538	-1	rn4	10
HOMINIDAE	18	63389538	66735429	1	rn4	10
HOMINIDAE	18	66735429	67134536	-1	rn4	10
HOMINIDAE	18	67134536	72335185	1	rn4	10
HOMINIDAE	18	72335185	74251536	-1	rn4	10
HOMINIDAE	18	74251536	78093357	1	rn4	10
HOMINIDAE	18	78093357	78568476	1	rn4	10
HOMINIDAE	18	78568476	79048054	-1	rn4	10
HOMINIDAE	18	0	15645406	1	susScr2	12
HOMINIDAE	18	15645406	18840242	-1	susScr2	12
HOMINIDAE	18	18840242	21874662	1	susScr2	12
HOMINIDAE	18	21874662	22995081	1	susScr2	12
HOMINIDAE	18	22995081	31649103	-1	susScr2	12
HOMINIDAE	18	31649103	32452882	1	susScr2	12
HOMINIDAE	18	32452882	34822994	-1	susScr2	12
HOMINIDAE	18	34822994	36020183	-1	susScr2	12
HOMINIDAE	18	36020183	42761552	1	susScr2	12
HOMINIDAE	18	42761552	43971794	-1	susScr2	12
HOMINIDAE	18	43971794	55811141	1	susScr2	12
HOMINIDAE	18	55811141	63389538	-1	susScr2	12
HOMINIDAE	18	63389538	72700807	-1	susScr2	12
HOMINIDAE	18	72700807	74621866	1	susScr2	12
HOMINIDAE	18	74621866	78544371	-1	susScr2	12
HOMINIDAE	18	78544371	79048054	1	susScr2	12
HOMINIDAE	18	0	15943929	1	bosTau7	19
HOMINIDAE	18	15943929	16832770	1	bosTau7	19
HOMINIDAE	18	16832770	18584529	-1	bosTau7	19
HOMINIDAE	18	18584529	21547004	-1	bosTau7	19
HOMINIDAE	18	21547004	22995081	1	bosTau7	19
HOMINIDAE	18	22995081	31469325	-1	bosTau7	19
HOMINIDAE	18	31469325	34887100	1	bosTau7	19
HOMINIDAE	18	34887100	36020183	1	bosTau7	19
HOMINIDAE	18	36020183	42761552	-1	bosTau7	19
HOMINIDAE	18	42761552	45510976	-1	bosTau7	19
HOMINIDAE	18	45510976	55616360	1	bosTau7	19
HOMINIDAE	18	55616360	61215334	-1	bosTau7	19
HOMINIDAE	18	61215334	63389538	1	bosTau7	19
HOMINIDAE	18	63389538	72462243	-1	bosTau7	19
HOMINIDAE	18	72462243	74709737	1	bosTau7	19
HOMINIDAE	18	74709737	77824089	-1	bosTau7	19
HOMINIDAE	18	77824089	79048054	1	bosTau7	19
HOMINIDAE	18	0	16050744	-1	calJac3	5
HOMINIDAE	18	16050744	16812540	-1	calJac3	5
HOMINIDAE	18	16812540	19089418	1	calJac3	5
HOMINIDAE	18	19089418	21708240	-1	calJac3	5
HOMINIDAE	18	21708240	22995081	1	calJac3	5
HOMINIDAE	18	22995081	23728683	-1	calJac3	5
HOMINIDAE	18	23728683	34934051	1	calJac3	5
HOMINIDAE	18	34934051	36020183	1	calJac3	5
HOMINIDAE	18	36020183	36930026	-1	calJac3	5
HOMINIDAE	18	36930026	38966475	-1	calJac3	5
HOMINIDAE	18	38966475	42761552	-1	calJac3	5
HOMINIDAE	18	42761552	45139460	-1	calJac3	5
HOMINIDAE	18	45139460	59653781	1	calJac3	5
HOMINIDAE	18	59653781	62659312	1	calJac3	5
HOMINIDAE	18	62659312	63389538	1	calJac3	5
HOMINIDAE	18	63389538	72355773	1	calJac3	5
HOMINIDAE	18	72355773	74540775	-1	calJac3	5
HOMINIDAE	18	74540775	75960869	-1	calJac3	5
HOMINIDAE	18	75960869	77836112	1	calJac3	5
HOMINIDAE	18	77836112	79048054	-1	calJac3	5
HOMINIDAE	18	0	10276178	1	canFam2	9
HOMINIDAE	18	10276178	11145379	-1	canFam2	9
HOMINIDAE	18	11145379	15074984	-1	canFam2	9
HOMINIDAE	18	15074984	18602726	1	canFam2	9
HOMINIDAE	18	18602726	21544568	-1	canFam2	9
HOMINIDAE	18	21544568	22995081	1	canFam2	9
HOMINIDAE	18	22995081	34880603	-1	canFam2	9
HOMINIDAE	18	34880603	36020183	-1	canFam2	9
HOMINIDAE	18	36020183	42761552	1	canFam2	9
HOMINIDAE	18	42761552	45107614	-1	canFam2	9
HOMINIDAE	18	45107614	53434837	1	canFam2	9
HOMINIDAE	18	53434837	59001921	-1	canFam2	9
HOMINIDAE	18	59001921	59872733	-1	canFam2	5
HOMINIDAE	18	59872733	63389538	1	canFam2	5
HOMINIDAE	18	63389538	72459582	-1	canFam2	5
HOMINIDAE	18	72459582	74097860	1	canFam2	5
HOMINIDAE	18	74097860	74724214	-1	canFam2	5
HOMINIDAE	18	74724214	77776482	-1	canFam2	9
HOMINIDAE	18	77776482	79048054	1	canFam2	9
HOMINIDAE	18	0	15550517	1	capHir1	19
HOMINIDAE	18	15550517	16384972	1	capHir1	19
HOMINIDAE	18	16384972	18339540	-1	capHir1	19
HOMINIDAE	18	18339540	21490344	-1	capHir1	19
HOMINIDAE	18	21490344	22995081	1	capHir1	19
HOMINIDAE	18	22995081	31518930	-1	capHir1	19
HOMINIDAE	18	31518930	34879997	1	capHir1	19
HOMINIDAE	18	34879997	36020183	1	capHir1	19
HOMINIDAE	18	36020183	42761552	-1	capHir1	19
HOMINIDAE	18	42761552	45584193	-1	capHir1	19
HOMINIDAE	18	45584193	55586037	1	capHir1	19
HOMINIDAE	18	55586037	61535843	-1	capHir1	19
HOMINIDAE	18	61535843	63389538	1	capHir1	19
HOMINIDAE	18	63389538	72582825	-1	capHir1	19
HOMINIDAE	18	72582825	74114060	1	capHir1	19
HOMINIDAE	18	74114060	77782008	-1	capHir1	19
HOMINIDAE	18	77782008	79048054	1	capHir1	19
HOMINIDAE	18	0	15795871	1	equCab2	11
HOMINIDAE	18	15795871	18983550	-1	equCab2	11
HOMINIDAE	18	18983550	21728518	1	equCab2	11
HOMINIDAE	18	21728518	22995081	1	equCab2	11
HOMINIDAE	18	22995081	34860685	-1	equCab2	11
HOMINIDAE	18	34860685	36020183	-1	equCab2	11
HOMINIDAE	18	36020183	42761552	1	equCab2	11
HOMINIDAE	18	42761552	45202895	-1	equCab2	11
HOMINIDAE	18	45202895	53925062	1	equCab2	11
HOMINIDAE	18	53925062	58666582	-1	equCab2	11
HOMINIDAE	18	58666582	59571566	-1	equCab2	11
HOMINIDAE	18	59571566	63389538	1	equCab2	11
HOMINIDAE	18	63389538	72462665	-1	equCab2	11
HOMINIDAE	18	72462665	74409645	1	equCab2	11
HOMINIDAE	18	74409645	77973025	-1	equCab2	11
HOMINIDAE	18	77973025	79048054	1	equCab2	11
HOMINIDAE	18	0	3279200	1	galGal3	18
HOMINIDAE	18	3279200	7107603	1	galGal3	18
HOMINIDAE	18	7107603	9596404	-1	galGal3	18
HOMINIDAE	18	9596404	16347082	-1	galGal3	18
HOMINIDAE	18	16347082	20519646	1	galGal3	18
HOMINIDAE	18	20519646	22995081	-1	galGal3	27
HOMINIDAE	18	22995081	23736125	-1	galGal3	19
HOMINIDAE	18	23736125	25459811	-1	galGal3	19
HOMINIDAE	18	25459811	26527595	1	galGal3	19
HOMINIDAE	18	26527595	30918939	-1	galGal3	18
HOMINIDAE	18	30918939	32452882	1	galGal3	18
HOMINIDAE	18	32452882	34962106	1	galGal3	27
HOMINIDAE	18	34962106	35430943	1	galGal3	27
HOMINIDAE	18	36020183	37701124	-1	galGal3	27
HOMINIDAE	18	37701124	42761552	-1	galGal3	27
HOMINIDAE	18	42761552	49248113	-1	galGal3	19
HOMINIDAE	18	49248113	56886462	-1	galGal3	19
HOMINIDAE	18	56886462	63389538	-1	galGal3	14
HOMINIDAE	18	63389538	66037519	1	galGal3	18
HOMINIDAE	18	66037519	69465944	-1	galGal3	18
HOMINIDAE	18	69465944	71117060	-1	galGal3	18
HOMINIDAE	18	71117060	72017959	-1	galGal3	19
HOMINIDAE	18	72017959	74674368	1	galGal3	19
HOMINIDAE	18	74674368	75996754	-1	galGal3	19
HOMINIDAE	18	75996754	78137567	-1	galGal3	19
HOMINIDAE	18	78137567	79048054	1	galGal3	19
HOMINIDAE	18	0	35430943	1	gorGor3	5
HOMINIDAE	18	35430943	36020183	-1	gorGor3	5
HOMINIDAE	18	36020183	63389538	1	gorGor3	5
HOMINIDAE	18	63389538	79048054	-1	gorGor3	17
HOMINIDAE	18	0	35430943	-1	hg19	17
HOMINIDAE	18	35430943	36020183	1	hg19	17
HOMINIDAE	18	36020183	79048054	-1	hg19	17
HOMINIDAE	18	0	15981382	-1	mm10	11
HOMINIDAE	18	15981382	19260408	1	mm10	11
HOMINIDAE	18	19260408	21904088	-1	mm10	11
HOMINIDAE	18	21904088	22995081	-1	mm10	11
HOMINIDAE	18	22995081	34930059	1	mm10	11
HOMINIDAE	18	34930059	36020183	1	mm10	11
HOMINIDAE	18	36020183	42761552	-1	mm10	11
HOMINIDAE	18	42761552	45272636	1	mm10	11
HOMINIDAE	18	45272636	54990677	-1	mm10	11
HOMINIDAE	18	54990677	60768976	1	mm10	11
HOMINIDAE	18	60768976	63389538	-1	mm10	11
HOMINIDAE	18	63389538	72353540	1	mm10	11
HOMINIDAE	18	72353540	74369771	-1	mm10	11
HOMINIDAE	18	74369771	78029729	1	mm10	11
HOMINIDAE	18	78029729	79048054	-1	mm10	11
HOMINIDAE	18	0	943872	1	monDom5	2
HOMINIDAE	18	943872	8519038	1	monDom5	2
HOMINIDAE	18	8519038	17177784	1	monDom5	2
HOMINIDAE	18	17177784	19792411	-1	monDom5	2
HOMINIDAE	18	19792411	20110629	1	monDom5	2
HOMINIDAE	18	20110629	22068238	-1	monDom5	2
HOMINIDAE	18	22068238	22995081	-1	monDom5	2
HOMINIDAE	18	22995081	32278044	1	monDom5	2
HOMINIDAE	18	32278044	34840550	-1	monDom5	2
HOMINIDAE	18	34840550	36020183	1	monDom5	2
HOMINIDAE	18	36020183	37608547	-1	monDom5	2
HOMINIDAE	18	37608547	40057562	1	monDom5	2
HOMINIDAE	18	40057562	40304950	-1	monDom5	2
HOMINIDAE	18	40304950	42761552	1	monDom5	2
HOMINIDAE	18	42761552	44698466	-1	monDom5	2
HOMINIDAE	18	44698466	52548069	1	monDom5	2
HOMINIDAE	18	52548069	53855808	-1	monDom5	2
HOMINIDAE	18	53855808	57476763	-1	monDom5	2
HOMINIDAE	18	57476763	59072315	1	monDom5	6
HOMINIDAE	18	59072315	60097695	-1	monDom5	6
HOMINIDAE	18	60097695	61313448	1	monDom5	6
HOMINIDAE	18	61313448	62686683	-1	monDom5	6
HOMINIDAE	18	62686683	63389538	-1	monDom5	2
HOMINIDAE	18	63389538	66872024	-1	monDom5	2
HOMINIDAE	18	66872024	69510097	-1	monDom5	2
HOMINIDAE	18	69510097	70352740	-1	monDom5	2
HOMINIDAE	18	70352740	73004541	1	monDom5	2
HOMINIDAE	18	73004541	73356154	1	monDom5	7
HOMINIDAE	18	73356154	74004882	-1	monDom5	2
HOMINIDAE	18	74004882	74696118	1	monDom5	1
HOMINIDAE	18	74696118	77183895	-1	monDom5	2
HOMINIDAE	18	77183895	79048054	1	monDom5	2
HOMINIDAE	18	0	10406939	-1	oryCun2	19
HOMINIDAE	18	10406939	15923810	1	oryCun2	19
HOMINIDAE	18	15923810	20793885	-1	oryCun2	19
HOMINIDAE	18	20793885	22995081	-1	oryCun2	19
HOMINIDAE	18	22995081	34843278	1	oryCun2	19
HOMINIDAE	18	34843278	36020183	1	oryCun2	19
HOMINIDAE	18	36020183	36797848	1	oryCun2	19
HOMINIDAE	18	36797848	42761552	-1	oryCun2	19
HOMINIDAE	18	42761552	45903931	1	oryCun2	19
HOMINIDAE	18	45903931	56414564	-1	oryCun2	19
HOMINIDAE	18	56414564	63389538	1	oryCun2	19
HOMINIDAE	18	63389538	72413991	1	oryCun2	19
HOMINIDAE	18	72413991	74205364	-1	oryCun2	19
HOMINIDAE	18	74205364	77837461	1	oryCun2	19
HOMINIDAE	18	77837461	79048054	-1	oryCun2	19
HOMINIDAE	18	0	32452882	-1	panTro3	17
HOMINIDAE	18	32452882	35430943	1	panTro3	17
HOMINIDAE	18	35430943	36020183	-1	panTro3	17
HOMINIDAE	18	36020183	71117060	1	panTro3	17
HOMINIDAE	18	71117060	79048054	-1	panTro3	17
HOMINIDAE	18	0	22995081	-1	ponAbe2	17
HOMINIDAE	18	22995081	42761552	1	ponAbe2	17
HOMINIDAE	18	42761552	79048054	-1	ponAbe2	17
HOMINIDAE	18	0	22203016	-1	rheMac3	16
HOMINIDAE	18	22203016	22995081	1	rheMac3	16
HOMINIDAE	18	22995081	34901316	-1	rheMac3	16
HOMINIDAE	18	34901316	36020183	1	rheMac3	16
HOMINIDAE	18	36020183	41819277	-1	rheMac3	16
HOMINIDAE	18	41819277	42761552	1	rheMac3	16
HOMINIDAE	18	42761552	44524380	-1	rheMac3	16
HOMINIDAE	18	44524380	62817948	-1	rheMac3	16
HOMINIDAE	18	62817948	63389538	1	rheMac3	16
HOMINIDAE	18	63389538	79048054	-1	rheMac3	16
HOMINIDAE	18	0	15838943	-1	rn4	10
HOMINIDAE	18	15838943	19103291	1	rn4	10
HOMINIDAE	18	19103291	21868012	-1	rn4	10
HOMINIDAE	18	21868012	22995081	-1	rn4	10
HOMINIDAE	18	22995081	34941959	1	rn4	10
HOMINIDAE	18	34941959	36020183	1	rn4	10
HOMINIDAE	18	36020183	42761552	-1	rn4	10
HOMINIDAE	18	42761552	45917094	1	rn4	10
HOMINIDAE	18	45917094	54889749	-1	rn4	10
HOMINIDAE	18	54889749	56667738	-1	rn4	10
HOMINIDAE	18	56667738	60677258	1	rn4	10
HOMINIDAE	18	60677258	63389538	-1	rn4	10
HOMINIDAE	18	63389538	66735429	1	rn4	10
HOMINIDAE	18	66735429	67134536	-1	rn4	10
HOMINIDAE	18	67134536	72335185	1	rn4	10
HOMINIDAE	18	72335185	74251536	-1	rn4	10
HOMINIDAE	18	74251536	78093357	1	rn4	10
HOMINIDAE	18	78093357	78568476	1	rn4	10
HOMINIDAE	18	78568476	79048054	-1	rn4	10
HOMINIDAE	18	0	15645406	1	susScr2	12
HOMINIDAE	18	15645406	18840242	-1	susScr2	12
HOMINIDAE	18	18840242	21874662	1	susScr2	12
HOMINIDAE	18	21874662	22995081	1	susScr2	12
HOMINIDAE	18	22995081	31649103	-1	susScr2	12
HOMINIDAE	18	31649103	32452882	1	susScr2	12
HOMINIDAE	18	32452882	34822994	-1	susScr2	12
HOMINIDAE	18	34822994	36020183	-1	susScr2	12
HOMINIDAE	18	36020183	42761552	1	susScr2	12
HOMINIDAE	18	42761552	43971794	-1	susScr2	12
HOMINIDAE	18	43971794	55811141	1	susScr2	12
HOMINIDAE	18	55811141	63389538	-1	susScr2	12
HOMINIDAE	18	63389538	72700807	-1	susScr2	12
HOMINIDAE	18	72700807	74621866	1	susScr2	12
HOMINIDAE	18	74621866	78544371	-1	susScr2	12
HOMINIDAE	18	78544371	79048054	1	susScr2	12
HOMINIDAE	18	0	15943929	1	bosTau7	19
HOMINIDAE	18	15943929	16832770	1	bosTau7	19
HOMINIDAE	18	16832770	18584529	-1	bosTau7	19
HOMINIDAE	18	18584529	21547004	-1	bosTau7	19
HOMINIDAE	18	21547004	22995081	1	bosTau7	19
HOMINIDAE	18	22995081	31469325	-1	bosTau7	19
HOMINIDAE	18	31469325	34887100	1	bosTau7	19
HOMINIDAE	18	34887100	36020183	1	bosTau7	19
HOMINIDAE	18	36020183	42761552	-1	bosTau7	19
HOMINIDAE	18	42761552	45510976	-1	bosTau7	19
HOMINIDAE	18	45510976	55616360	1	bosTau7	19
HOMINIDAE	18	55616360	61215334	-1	bosTau7	19
HOMINIDAE	18	61215334	63389538	1	bosTau7	19
HOMINIDAE	18	63389538	72462243	-1	bosTau7	19
HOMINIDAE	18	72462243	74709737	1	bosTau7	19
HOMINIDAE	18	74709737	77824089	-1	bosTau7	19
HOMINIDAE	18	77824089	79048054	1	bosTau7	19
HOMINIDAE	18	0	16050744	-1	calJac3	5
HOMINIDAE	18	16050744	16812540	-1	calJac3	5
HOMINIDAE	18	16812540	19089418	1	calJac3	5
HOMINIDAE	18	19089418	21708240	-1	calJac3	5
HOMINIDAE	18	21708240	22995081	1	calJac3	5
HOMINIDAE	18	22995081	23728683	-1	calJac3	5
HOMINIDAE	18	23728683	34934051	1	calJac3	5
HOMINIDAE	18	34934051	36020183	1	calJac3	5
HOMINIDAE	18	36020183	36930026	-1	calJac3	5
HOMINIDAE	18	36930026	38966475	-1	calJac3	5
HOMINIDAE	18	38966475	42761552	-1	calJac3	5
HOMINIDAE	18	42761552	45139460	-1	calJac3	5
HOMINIDAE	18	45139460	59653781	1	calJac3	5
HOMINIDAE	18	59653781	62659312	1	calJac3	5
HOMINIDAE	18	62659312	63389538	1	calJac3	5
HOMINIDAE	18	63389538	72355773	1	calJac3	5
HOMINIDAE	18	72355773	74540775	-1	calJac3	5
HOMINIDAE	18	74540775	75960869	-1	calJac3	5
HOMINIDAE	18	75960869	77836112	1	calJac3	5
HOMINIDAE	18	77836112	79048054	-1	calJac3	5
HOMINIDAE	18	0	10276178	1	canFam2	9
HOMINIDAE	18	10276178	11145379	-1	canFam2	9
HOMINIDAE	18	11145379	15074984	-1	canFam2	9
HOMINIDAE	18	15074984	18602726	1	canFam2	9
HOMINIDAE	18	18602726	21544568	-1	canFam2	9
HOMINIDAE	18	21544568	22995081	1	canFam2	9
HOMINIDAE	18	22995081	34880603	-1	canFam2	9
HOMINIDAE	18	34880603	36020183	-1	canFam2	9
HOMINIDAE	18	36020183	42761552	1	canFam2	9
HOMINIDAE	18	42761552	45107614	-1	canFam2	9
HOMINIDAE	18	45107614	53434837	1	canFam2	9
HOMINIDAE	18	53434837	59001921	-1	canFam2	9
HOMINIDAE	18	59001921	59872733	-1	canFam2	5
HOMINIDAE	18	59872733	63389538	1	canFam2	5
HOMINIDAE	18	63389538	72459582	-1	canFam2	5
HOMINIDAE	18	72459582	74097860	1	canFam2	5
HOMINIDAE	18	74097860	74724214	-1	canFam2	5
HOMINIDAE	18	74724214	77776482	-1	canFam2	9
HOMINIDAE	18	77776482	79048054	1	canFam2	9
HOMINIDAE	18	0	15550517	1	capHir1	19
HOMINIDAE	18	15550517	16384972	1	capHir1	19
HOMINIDAE	18	16384972	18339540	-1	capHir1	19
HOMINIDAE	18	18339540	21490344	-1	capHir1	19
HOMINIDAE	18	21490344	22995081	1	capHir1	19
HOMINIDAE	18	22995081	31518930	-1	capHir1	19
HOMINIDAE	18	31518930	34879997	1	capHir1	19
HOMINIDAE	18	34879997	36020183	1	capHir1	19
HOMINIDAE	18	36020183	42761552	-1	capHir1	19
HOMINIDAE	18	42761552	45584193	-1	capHir1	19
HOMINIDAE	18	45584193	55586037	1	capHir1	19
HOMINIDAE	18	55586037	61535843	-1	capHir1	19
HOMINIDAE	18	61535843	63389538	1	capHir1	19
HOMINIDAE	18	63389538	72582825	-1	capHir1	19
HOMINIDAE	18	72582825	74114060	1	capHir1	19
HOMINIDAE	18	74114060	77782008	-1	capHir1	19
HOMINIDAE	18	77782008	79048054	1	capHir1	19
HOMINIDAE	18	0	15795871	1	equCab2	11
HOMINIDAE	18	15795871	18983550	-1	equCab2	11
HOMINIDAE	18	18983550	21728518	1	equCab2	11
HOMINIDAE	18	21728518	22995081	1	equCab2	11
HOMINIDAE	18	22995081	34860685	-1	equCab2	11
HOMINIDAE	18	34860685	36020183	-1	equCab2	11
HOMINIDAE	18	36020183	42761552	1	equCab2	11
HOMINIDAE	18	42761552	45202895	-1	equCab2	11
HOMINIDAE	18	45202895	53925062	1	equCab2	11
HOMINIDAE	18	53925062	58666582	-1	equCab2	11
HOMINIDAE	18	58666582	59571566	-1	equCab2	11
HOMINIDAE	18	59571566	63389538	1	equCab2	11
HOMINIDAE	18	63389538	72462665	-1	equCab2	11
HOMINIDAE	18	72462665	74409645	1	equCab2	11
HOMINIDAE	18	74409645	77973025	-1	equCab2	11
HOMINIDAE	18	77973025	79048054	1	equCab2	11
HOMINIDAE	18	0	3279200	1	galGal3	18
HOMINIDAE	18	3279200	7107603	1	galGal3	18
HOMINIDAE	18	7107603	9596404	-1	galGal3	18
HOMINIDAE	18	9596404	16347082	-1	galGal3	18
HOMINIDAE	18	16347082	20519646	1	galGal3	18
HOMINIDAE	18	20519646	22995081	-1	galGal3	27
HOMINIDAE	18	22995081	23736125	-1	galGal3	19
HOMINIDAE	18	23736125	25459811	-1	galGal3	19
HOMINIDAE	18	25459811	26527595	1	galGal3	19
HOMINIDAE	18	26527595	30918939	-1	galGal3	18
HOMINIDAE	18	30918939	32452882	1	galGal3	18
HOMINIDAE	18	32452882	34962106	1	galGal3	27
HOMINIDAE	18	34962106	35430943	1	galGal3	27
HOMINIDAE	18	36020183	37701124	-1	galGal3	27
HOMINIDAE	18	37701124	42761552	-1	galGal3	27
HOMINIDAE	18	42761552	49248113	-1	galGal3	19
HOMINIDAE	18	49248113	56886462	-1	galGal3	19
HOMINIDAE	18	56886462	63389538	-1	galGal3	14
HOMINIDAE	18	63389538	66037519	1	galGal3	18
HOMINIDAE	18	66037519	69465944	-1	galGal3	18
HOMINIDAE	18	69465944	71117060	-1	galGal3	18
HOMINIDAE	18	71117060	72017959	-1	galGal3	19
HOMINIDAE	18	72017959	74674368	1	galGal3	19
HOMINIDAE	18	74674368	75996754	-1	galGal3	19
HOMINIDAE	18	75996754	78137567	-1	galGal3	19
HOMINIDAE	18	78137567	79048054	1	galGal3	19
HOMINIDAE	18	0	35430943	1	gorGor3	5
HOMINIDAE	18	35430943	36020183	-1	gorGor3	5
HOMINIDAE	18	36020183	63389538	1	gorGor3	5
HOMINIDAE	18	63389538	79048054	-1	gorGor3	17
HOMINIDAE	18	0	35430943	-1	hg19	17
HOMINIDAE	18	35430943	36020183	1	hg19	17
HOMINIDAE	18	36020183	79048054	-1	hg19	17
HOMINIDAE	18	0	15981382	-1	mm10	11
HOMINIDAE	18	15981382	19260408	1	mm10	11
HOMINIDAE	18	19260408	21904088	-1	mm10	11
HOMINIDAE	18	21904088	22995081	-1	mm10	11
HOMINIDAE	18	22995081	34930059	1	mm10	11
HOMINIDAE	18	34930059	36020183	1	mm10	11
HOMINIDAE	18	36020183	42761552	-1	mm10	11
HOMINIDAE	18	42761552	45272636	1	mm10	11
HOMINIDAE	18	45272636	54990677	-1	mm10	11
HOMINIDAE	18	54990677	60768976	1	mm10	11
HOMINIDAE	18	60768976	63389538	-1	mm10	11
HOMINIDAE	18	63389538	72353540	1	mm10	11
HOMINIDAE	18	72353540	74369771	-1	mm10	11
HOMINIDAE	18	74369771	78029729	1	mm10	11
HOMINIDAE	18	78029729	79048054	-1	mm10	11
HOMINIDAE	18	0	943872	1	monDom5	2
HOMINIDAE	18	943872	8519038	1	monDom5	2
HOMINIDAE	18	8519038	17177784	1	monDom5	2
HOMINIDAE	18	17177784	19792411	-1	monDom5	2
HOMINIDAE	18	19792411	20110629	1	monDom5	2
HOMINIDAE	18	20110629	22068238	-1	monDom5	2
HOMINIDAE	18	22068238	22995081	-1	monDom5	2
HOMINIDAE	18	22995081	32278044	1	monDom5	2
HOMINIDAE	18	32278044	34840550	-1	monDom5	2
HOMINIDAE	18	34840550	36020183	1	monDom5	2
HOMINIDAE	18	36020183	37608547	-1	monDom5	2
HOMINIDAE	18	37608547	40057562	1	monDom5	2
HOMINIDAE	18	40057562	40304950	-1	monDom5	2
HOMINIDAE	18	40304950	42761552	1	monDom5	2
HOMINIDAE	18	42761552	44698466	-1	monDom5	2
HOMINIDAE	18	44698466	52548069	1	monDom5	2
HOMINIDAE	18	52548069	53855808	-1	monDom5	2
HOMINIDAE	18	53855808	57476763	-1	monDom5	2
HOMINIDAE	18	57476763	59072315	1	monDom5	6
HOMINIDAE	18	59072315	60097695	-1	monDom5	6
HOMINIDAE	18	60097695	61313448	1	monDom5	6
HOMINIDAE	18	61313448	62686683	-1	monDom5	6
HOMINIDAE	18	62686683	63389538	-1	monDom5	2
HOMINIDAE	18	63389538	66872024	-1	monDom5	2
HOMINIDAE	18	66872024	69510097	-1	monDom5	2
HOMINIDAE	18	69510097	70352740	-1	monDom5	2
HOMINIDAE	18	70352740	73004541	1	monDom5	2
HOMINIDAE	18	73004541	73356154	1	monDom5	7
HOMINIDAE	18	73356154	74004882	-1	monDom5	2
HOMINIDAE	18	74004882	74696118	1	monDom5	1
HOMINIDAE	18	74696118	77183895	-1	monDom5	2
HOMINIDAE	18	77183895	79048054	1	monDom5	2
HOMINIDAE	18	0	10406939	-1	oryCun2	19
HOMINIDAE	18	10406939	15923810	1	oryCun2	19
HOMINIDAE	18	15923810	20793885	-1	oryCun2	19
HOMINIDAE	18	20793885	22995081	-1	oryCun2	19
HOMINIDAE	18	22995081	34843278	1	oryCun2	19
HOMINIDAE	18	34843278	36020183	1	oryCun2	19
HOMINIDAE	18	36020183	36797848	1	oryCun2	19
HOMINIDAE	18	36797848	42761552	-1	oryCun2	19
HOMINIDAE	18	42761552	45903931	1	oryCun2	19
HOMINIDAE	18	45903931	56414564	-1	oryCun2	19
HOMINIDAE	18	56414564	63389538	1	oryCun2	19
HOMINIDAE	18	63389538	72413991	1	oryCun2	19
HOMINIDAE	18	72413991	74205364	-1	oryCun2	19
HOMINIDAE	18	74205364	77837461	1	oryCun2	19
HOMINIDAE	18	77837461	79048054	-1	oryCun2	19
HOMINIDAE	18	0	32452882	-1	panTro3	17
HOMINIDAE	18	32452882	35430943	1	panTro3	17
HOMINIDAE	18	35430943	36020183	-1	panTro3	17
HOMINIDAE	18	36020183	71117060	1	panTro3	17
HOMINIDAE	18	71117060	79048054	-1	panTro3	17
HOMINIDAE	18	0	22995081	-1	ponAbe2	17
HOMINIDAE	18	22995081	42761552	1	ponAbe2	17
HOMINIDAE	18	42761552	79048054	-1	ponAbe2	17
HOMINIDAE	18	0	22203016	-1	rheMac3	16
HOMINIDAE	18	22203016	22995081	1	rheMac3	16
HOMINIDAE	18	22995081	34901316	-1	rheMac3	16
HOMINIDAE	18	34901316	36020183	1	rheMac3	16
HOMINIDAE	18	36020183	41819277	-1	rheMac3	16
HOMINIDAE	18	41819277	42761552	1	rheMac3	16
HOMINIDAE	18	42761552	44524380	-1	rheMac3	16
HOMINIDAE	18	44524380	62817948	-1	rheMac3	16
HOMINIDAE	18	62817948	63389538	1	rheMac3	16
HOMINIDAE	18	63389538	79048054	-1	rheMac3	16
HOMINIDAE	18	0	15838943	-1	rn4	10
HOMINIDAE	18	15838943	19103291	1	rn4	10
HOMINIDAE	18	19103291	21868012	-1	rn4	10
HOMINIDAE	18	21868012	22995081	-1	rn4	10
HOMINIDAE	18	22995081	34941959	1	rn4	10
HOMINIDAE	18	34941959	36020183	1	rn4	10
HOMINIDAE	18	36020183	42761552	-1	rn4	10
HOMINIDAE	18	42761552	45917094	1	rn4	10
HOMINIDAE	18	45917094	54889749	-1	rn4	10
HOMINIDAE	18	54889749	56667738	-1	rn4	10
HOMINIDAE	18	56667738	60677258	1	rn4	10
HOMINIDAE	18	60677258	63389538	-1	rn4	10
HOMINIDAE	18	63389538	66735429	1	rn4	10
HOMINIDAE	18	66735429	67134536	-1	rn4	10
HOMINIDAE	18	67134536	72335185	1	rn4	10
HOMINIDAE	18	72335185	74251536	-1	rn4	10
HOMINIDAE	18	74251536	78093357	1	rn4	10
HOMINIDAE	18	78093357	78568476	1	rn4	10
HOMINIDAE	18	78568476	79048054	-1	rn4	10
HOMINIDAE	18	0	15645406	1	susScr2	12
HOMINIDAE	18	15645406	18840242	-1	susScr2	12
HOMINIDAE	18	18840242	21874662	1	susScr2	12
HOMINIDAE	18	21874662	22995081	1	susScr2	12
HOMINIDAE	18	22995081	31649103	-1	susScr2	12
HOMINIDAE	18	31649103	32452882	1	susScr2	12
HOMINIDAE	18	32452882	34822994	-1	susScr2	12
HOMINIDAE	18	34822994	36020183	-1	susScr2	12
HOMINIDAE	18	36020183	42761552	1	susScr2	12
HOMINIDAE	18	42761552	43971794	-1	susScr2	12
HOMINIDAE	18	43971794	55811141	1	susScr2	12
HOMINIDAE	18	55811141	63389538	-1	susScr2	12
HOMINIDAE	18	63389538	72700807	-1	susScr2	12
HOMINIDAE	18	72700807	74621866	1	susScr2	12
HOMINIDAE	18	74621866	78544371	-1	susScr2	12
HOMINIDAE	18	78544371	79048054	1	susScr2	12
HOMINIDAE	18	0	15943929	1	bosTau7	19
HOMINIDAE	18	15943929	16832770	1	bosTau7	19
HOMINIDAE	18	16832770	18584529	-1	bosTau7	19
HOMINIDAE	18	18584529	21547004	-1	bosTau7	19
HOMINIDAE	18	21547004	22995081	1	bosTau7	19
HOMINIDAE	18	22995081	31469325	-1	bosTau7	19
HOMINIDAE	18	31469325	34887100	1	bosTau7	19
HOMINIDAE	18	34887100	36020183	1	bosTau7	19
HOMINIDAE	18	36020183	42761552	-1	bosTau7	19
HOMINIDAE	18	42761552	45510976	-1	bosTau7	19
HOMINIDAE	18	45510976	55616360	1	bosTau7	19
HOMINIDAE	18	55616360	61215334	-1	bosTau7	19
HOMINIDAE	18	61215334	63389538	1	bosTau7	19
HOMINIDAE	18	63389538	72462243	-1	bosTau7	19
HOMINIDAE	18	72462243	74709737	1	bosTau7	19
HOMINIDAE	18	74709737	77824089	-1	bosTau7	19
HOMINIDAE	18	77824089	79048054	1	bosTau7	19
HOMINIDAE	18	0	16050744	-1	calJac3	5
HOMINIDAE	18	16050744	16812540	-1	calJac3	5
HOMINIDAE	18	16812540	19089418	1	calJac3	5
HOMINIDAE	18	19089418	21708240	-1	calJac3	5
HOMINIDAE	18	21708240	22995081	1	calJac3	5
HOMINIDAE	18	22995081	23728683	-1	calJac3	5
HOMINIDAE	18	23728683	34934051	1	calJac3	5
HOMINIDAE	18	34934051	36020183	1	calJac3	5
HOMINIDAE	18	36020183	36930026	-1	calJac3	5
HOMINIDAE	18	36930026	38966475	-1	calJac3	5
HOMINIDAE	18	38966475	42761552	-1	calJac3	5
HOMINIDAE	18	42761552	45139460	-1	calJac3	5
HOMINIDAE	18	45139460	59653781	1	calJac3	5
HOMINIDAE	18	59653781	62659312	1	calJac3	5
HOMINIDAE	18	62659312	63389538	1	calJac3	5
HOMINIDAE	18	63389538	72355773	1	calJac3	5
HOMINIDAE	18	72355773	74540775	-1	calJac3	5
HOMINIDAE	18	74540775	75960869	-1	calJac3	5
HOMINIDAE	18	75960869	77836112	1	calJac3	5
HOMINIDAE	18	77836112	79048054	-1	calJac3	5
HOMINIDAE	18	0	10276178	1	canFam2	9
HOMINIDAE	18	10276178	11145379	-1	canFam2	9
HOMINIDAE	18	11145379	15074984	-1	canFam2	9
HOMINIDAE	18	15074984	18602726	1	canFam2	9
HOMINIDAE	18	18602726	21544568	-1	canFam2	9
HOMINIDAE	18	21544568	22995081	1	canFam2	9
HOMINIDAE	18	22995081	34880603	-1	canFam2	9
HOMINIDAE	18	34880603	36020183	-1	canFam2	9
HOMINIDAE	18	36020183	42761552	1	canFam2	9
HOMINIDAE	18	42761552	45107614	-1	canFam2	9
HOMINIDAE	18	45107614	53434837	1	canFam2	9
HOMINIDAE	18	53434837	59001921	-1	canFam2	9
HOMINIDAE	18	59001921	59872733	-1	canFam2	5
HOMINIDAE	18	59872733	63389538	1	canFam2	5
HOMINIDAE	18	63389538	72459582	-1	canFam2	5
HOMINIDAE	18	72459582	74097860	1	canFam2	5
HOMINIDAE	18	74097860	74724214	-1	canFam2	5
HOMINIDAE	18	74724214	77776482	-1	canFam2	9
HOMINIDAE	18	77776482	79048054	1	canFam2	9
HOMINIDAE	18	0	15550517	1	capHir1	19
HOMINIDAE	18	15550517	16384972	1	capHir1	19
HOMINIDAE	18	16384972	18339540	-1	capHir1	19
HOMINIDAE	18	18339540	21490344	-1	capHir1	19
HOMINIDAE	18	21490344	22995081	1	capHir1	19
HOMINIDAE	18	22995081	31518930	-1	capHir1	19
HOMINIDAE	18	31518930	34879997	1	capHir1	19
HOMINIDAE	18	34879997	36020183	1	capHir1	19
HOMINIDAE	18	36020183	42761552	-1	capHir1	19
HOMINIDAE	18	42761552	45584193	-1	capHir1	19
HOMINIDAE	18	45584193	55586037	1	capHir1	19
HOMINIDAE	18	55586037	61535843	-1	capHir1	19
HOMINIDAE	18	61535843	63389538	1	capHir1	19
HOMINIDAE	18	63389538	72582825	-1	capHir1	19
HOMINIDAE	18	72582825	74114060	1	capHir1	19
HOMINIDAE	18	74114060	77782008	-1	capHir1	19
HOMINIDAE	18	77782008	79048054	1	capHir1	19
HOMINIDAE	18	0	15795871	1	equCab2	11
HOMINIDAE	18	15795871	18983550	-1	equCab2	11
HOMINIDAE	18	18983550	21728518	1	equCab2	11
HOMINIDAE	18	21728518	22995081	1	equCab2	11
HOMINIDAE	18	22995081	34860685	-1	equCab2	11
HOMINIDAE	18	34860685	36020183	-1	equCab2	11
HOMINIDAE	18	36020183	42761552	1	equCab2	11
HOMINIDAE	18	42761552	45202895	-1	equCab2	11
HOMINIDAE	18	45202895	53925062	1	equCab2	11
HOMINIDAE	18	53925062	58666582	-1	equCab2	11
HOMINIDAE	18	58666582	59571566	-1	equCab2	11
HOMINIDAE	18	59571566	63389538	1	equCab2	11
HOMINIDAE	18	63389538	72462665	-1	equCab2	11
HOMINIDAE	18	72462665	74409645	1	equCab2	11
HOMINIDAE	18	74409645	77973025	-1	equCab2	11
HOMINIDAE	18	77973025	79048054	1	equCab2	11
HOMINIDAE	18	0	3279200	1	galGal3	18
HOMINIDAE	18	3279200	7107603	1	galGal3	18
HOMINIDAE	18	7107603	9596404	-1	galGal3	18
HOMINIDAE	18	9596404	16347082	-1	galGal3	18
HOMINIDAE	18	16347082	20519646	1	galGal3	18
HOMINIDAE	18	20519646	22995081	-1	galGal3	27
HOMINIDAE	18	22995081	23736125	-1	galGal3	19
HOMINIDAE	18	23736125	25459811	-1	galGal3	19
HOMINIDAE	18	25459811	26527595	1	galGal3	19
HOMINIDAE	18	26527595	30918939	-1	galGal3	18
HOMINIDAE	18	30918939	32452882	1	galGal3	18
HOMINIDAE	18	32452882	34962106	1	galGal3	27
HOMINIDAE	18	34962106	35430943	1	galGal3	27
HOMINIDAE	18	36020183	37701124	-1	galGal3	27
HOMINIDAE	18	37701124	42761552	-1	galGal3	27
HOMINIDAE	18	42761552	49248113	-1	galGal3	19
HOMINIDAE	18	49248113	56886462	-1	galGal3	19
HOMINIDAE	18	56886462	63389538	-1	galGal3	14
HOMINIDAE	18	63389538	66037519	1	galGal3	18
HOMINIDAE	18	66037519	69465944	-1	galGal3	18
HOMINIDAE	18	69465944	71117060	-1	galGal3	18
HOMINIDAE	18	71117060	72017959	-1	galGal3	19
HOMINIDAE	18	72017959	74674368	1	galGal3	19
HOMINIDAE	18	74674368	75996754	-1	galGal3	19
HOMINIDAE	18	75996754	78137567	-1	galGal3	19
HOMINIDAE	18	78137567	79048054	1	galGal3	19
HOMINIDAE	18	0	35430943	1	gorGor3	5
HOMINIDAE	18	35430943	36020183	-1	gorGor3	5
HOMINIDAE	18	36020183	63389538	1	gorGor3	5
HOMINIDAE	18	63389538	79048054	-1	gorGor3	17
HOMINIDAE	18	0	35430943	-1	hg19	17
HOMINIDAE	18	35430943	36020183	1	hg19	17
HOMINIDAE	18	36020183	79048054	-1	hg19	17
HOMINIDAE	18	0	15981382	-1	mm10	11
HOMINIDAE	18	15981382	19260408	1	mm10	11
HOMINIDAE	18	19260408	21904088	-1	mm10	11
HOMINIDAE	18	21904088	22995081	-1	mm10	11
HOMINIDAE	18	22995081	34930059	1	mm10	11
HOMINIDAE	18	34930059	36020183	1	mm10	11
HOMINIDAE	18	36020183	42761552	-1	mm10	11
HOMINIDAE	18	42761552	45272636	1	mm10	11
HOMINIDAE	18	45272636	54990677	-1	mm10	11
HOMINIDAE	18	54990677	60768976	1	mm10	11
HOMINIDAE	18	60768976	63389538	-1	mm10	11
HOMINIDAE	18	63389538	72353540	1	mm10	11
HOMINIDAE	18	72353540	74369771	-1	mm10	11
HOMINIDAE	18	74369771	78029729	1	mm10	11
HOMINIDAE	18	78029729	79048054	-1	mm10	11
HOMINIDAE	18	0	943872	1	monDom5	2
HOMINIDAE	18	943872	8519038	1	monDom5	2
HOMINIDAE	18	8519038	17177784	1	monDom5	2
HOMINIDAE	18	17177784	19792411	-1	monDom5	2
HOMINIDAE	18	19792411	20110629	1	monDom5	2
HOMINIDAE	18	20110629	22068238	-1	monDom5	2
HOMINIDAE	18	22068238	22995081	-1	monDom5	2
HOMINIDAE	18	22995081	32278044	1	monDom5	2
HOMINIDAE	18	32278044	34840550	-1	monDom5	2
HOMINIDAE	18	34840550	36020183	1	monDom5	2
HOMINIDAE	18	36020183	37608547	-1	monDom5	2
HOMINIDAE	18	37608547	40057562	1	monDom5	2
HOMINIDAE	18	40057562	40304950	-1	monDom5	2
HOMINIDAE	18	40304950	42761552	1	monDom5	2
HOMINIDAE	18	42761552	44698466	-1	monDom5	2
HOMINIDAE	18	44698466	52548069	1	monDom5	2
HOMINIDAE	18	52548069	53855808	-1	monDom5	2
HOMINIDAE	18	53855808	57476763	-1	monDom5	2
HOMINIDAE	18	57476763	59072315	1	monDom5	6
HOMINIDAE	18	59072315	60097695	-1	monDom5	6
HOMINIDAE	18	60097695	61313448	1	monDom5	6
HOMINIDAE	18	61313448	62686683	-1	monDom5	6
HOMINIDAE	18	62686683	63389538	-1	monDom5	2
HOMINIDAE	18	63389538	66872024	-1	monDom5	2
HOMINIDAE	18	66872024	69510097	-1	monDom5	2
HOMINIDAE	18	69510097	70352740	-1	monDom5	2
HOMINIDAE	18	70352740	73004541	1	monDom5	2
HOMINIDAE	18	73004541	73356154	1	monDom5	7
HOMINIDAE	18	73356154	74004882	-1	monDom5	2
HOMINIDAE	18	74004882	74696118	1	monDom5	1
HOMINIDAE	18	74696118	77183895	-1	monDom5	2
HOMINIDAE	18	77183895	79048054	1	monDom5	2
HOMINIDAE	18	0	10406939	-1	oryCun2	19
HOMINIDAE	18	10406939	15923810	1	oryCun2	19
HOMINIDAE	18	15923810	20793885	-1	oryCun2	19
HOMINIDAE	18	20793885	22995081	-1	oryCun2	19
HOMINIDAE	18	22995081	34843278	1	oryCun2	19
HOMINIDAE	18	34843278	36020183	1	oryCun2	19
HOMINIDAE	18	36020183	36797848	1	oryCun2	19
HOMINIDAE	18	36797848	42761552	-1	oryCun2	19
HOMINIDAE	18	42761552	45903931	1	oryCun2	19
HOMINIDAE	18	45903931	56414564	-1	oryCun2	19
HOMINIDAE	18	56414564	63389538	1	oryCun2	19
HOMINIDAE	18	63389538	72413991	1	oryCun2	19
HOMINIDAE	18	72413991	74205364	-1	oryCun2	19
HOMINIDAE	18	74205364	77837461	1	oryCun2	19
HOMINIDAE	18	77837461	79048054	-1	oryCun2	19
HOMINIDAE	18	0	32452882	-1	panTro3	17
HOMINIDAE	18	32452882	35430943	1	panTro3	17
HOMINIDAE	18	35430943	36020183	-1	panTro3	17
HOMINIDAE	18	36020183	71117060	1	panTro3	17
HOMINIDAE	18	71117060	79048054	-1	panTro3	17
HOMINIDAE	18	0	22995081	-1	ponAbe2	17
HOMINIDAE	18	22995081	42761552	1	ponAbe2	17
HOMINIDAE	18	42761552	79048054	-1	ponAbe2	17
HOMINIDAE	18	0	22203016	-1	rheMac3	16
HOMINIDAE	18	22203016	22995081	1	rheMac3	16
HOMINIDAE	18	22995081	34901316	-1	rheMac3	16
HOMINIDAE	18	34901316	36020183	1	rheMac3	16
HOMINIDAE	18	36020183	41819277	-1	rheMac3	16
HOMINIDAE	18	41819277	42761552	1	rheMac3	16
HOMINIDAE	18	42761552	44524380	-1	rheMac3	16
HOMINIDAE	18	44524380	62817948	-1	rheMac3	16
HOMINIDAE	18	62817948	63389538	1	rheMac3	16
HOMINIDAE	18	63389538	79048054	-1	rheMac3	16
HOMINIDAE	18	0	15838943	-1	rn4	10
HOMINIDAE	18	15838943	19103291	1	rn4	10
HOMINIDAE	18	19103291	21868012	-1	rn4	10
HOMINIDAE	18	21868012	22995081	-1	rn4	10
HOMINIDAE	18	22995081	34941959	1	rn4	10
HOMINIDAE	18	34941959	36020183	1	rn4	10
HOMINIDAE	18	36020183	42761552	-1	rn4	10
HOMINIDAE	18	42761552	45917094	1	rn4	10
HOMINIDAE	18	45917094	54889749	-1	rn4	10
HOMINIDAE	18	54889749	56667738	-1	rn4	10
HOMINIDAE	18	56667738	60677258	1	rn4	10
HOMINIDAE	18	60677258	63389538	-1	rn4	10
HOMINIDAE	18	63389538	66735429	1	rn4	10
HOMINIDAE	18	66735429	67134536	-1	rn4	10
HOMINIDAE	18	67134536	72335185	1	rn4	10
HOMINIDAE	18	72335185	74251536	-1	rn4	10
HOMINIDAE	18	74251536	78093357	1	rn4	10
HOMINIDAE	18	78093357	78568476	1	rn4	10
HOMINIDAE	18	78568476	79048054	-1	rn4	10
HOMINIDAE	18	0	15645406	1	susScr2	12
HOMINIDAE	18	15645406	18840242	-1	susScr2	12
HOMINIDAE	18	18840242	21874662	1	susScr2	12
HOMINIDAE	18	21874662	22995081	1	susScr2	12
HOMINIDAE	18	22995081	31649103	-1	susScr2	12
HOMINIDAE	18	31649103	32452882	1	susScr2	12
HOMINIDAE	18	32452882	34822994	-1	susScr2	12
HOMINIDAE	18	34822994	36020183	-1	susScr2	12
HOMINIDAE	18	36020183	42761552	1	susScr2	12
HOMINIDAE	18	42761552	43971794	-1	susScr2	12
HOMINIDAE	18	43971794	55811141	1	susScr2	12
HOMINIDAE	18	55811141	63389538	-1	susScr2	12
HOMINIDAE	18	63389538	72700807	-1	susScr2	12
HOMINIDAE	18	72700807	74621866	1	susScr2	12
HOMINIDAE	18	74621866	78544371	-1	susScr2	12
HOMINIDAE	18	78544371	79048054	1	susScr2	12
HOMINIDAE	18	0	15943929	1	bosTau7	19
HOMINIDAE	18	15943929	16832770	1	bosTau7	19
HOMINIDAE	18	16832770	18584529	-1	bosTau7	19
HOMINIDAE	18	18584529	21547004	-1	bosTau7	19
HOMINIDAE	18	21547004	22995081	1	bosTau7	19
HOMINIDAE	18	22995081	31469325	-1	bosTau7	19
HOMINIDAE	18	31469325	34887100	1	bosTau7	19
HOMINIDAE	18	34887100	36020183	1	bosTau7	19
HOMINIDAE	18	36020183	42761552	-1	bosTau7	19
HOMINIDAE	18	42761552	45510976	-1	bosTau7	19
HOMINIDAE	18	45510976	55616360	1	bosTau7	19
HOMINIDAE	18	55616360	61215334	-1	bosTau7	19
HOMINIDAE	18	61215334	63389538	1	bosTau7	19
HOMINIDAE	18	63389538	72462243	-1	bosTau7	19
HOMINIDAE	18	72462243	74709737	1	bosTau7	19
HOMINIDAE	18	74709737	77824089	-1	bosTau7	19
HOMINIDAE	18	77824089	79048054	1	bosTau7	19
HOMINIDAE	18	0	16050744	-1	calJac3	5
HOMINIDAE	18	16050744	16812540	-1	calJac3	5
HOMINIDAE	18	16812540	19089418	1	calJac3	5
HOMINIDAE	18	19089418	21708240	-1	calJac3	5
HOMINIDAE	18	21708240	22995081	1	calJac3	5
HOMINIDAE	18	22995081	23728683	-1	calJac3	5
HOMINIDAE	18	23728683	34934051	1	calJac3	5
HOMINIDAE	18	34934051	36020183	1	calJac3	5
HOMINIDAE	18	36020183	36930026	-1	calJac3	5
HOMINIDAE	18	36930026	38966475	-1	calJac3	5
HOMINIDAE	18	38966475	42761552	-1	calJac3	5
HOMINIDAE	18	42761552	45139460	-1	calJac3	5
HOMINIDAE	18	45139460	59653781	1	calJac3	5
HOMINIDAE	18	59653781	62659312	1	calJac3	5
HOMINIDAE	18	62659312	63389538	1	calJac3	5
HOMINIDAE	18	63389538	72355773	1	calJac3	5
HOMINIDAE	18	72355773	74540775	-1	calJac3	5
HOMINIDAE	18	74540775	75960869	-1	calJac3	5
HOMINIDAE	18	75960869	77836112	1	calJac3	5
HOMINIDAE	18	77836112	79048054	-1	calJac3	5
HOMINIDAE	18	0	10276178	1	canFam2	9
HOMINIDAE	18	10276178	11145379	-1	canFam2	9
HOMINIDAE	18	11145379	15074984	-1	canFam2	9
HOMINIDAE	18	15074984	18602726	1	canFam2	9
HOMINIDAE	18	18602726	21544568	-1	canFam2	9
HOMINIDAE	18	21544568	22995081	1	canFam2	9
HOMINIDAE	18	22995081	34880603	-1	canFam2	9
HOMINIDAE	18	34880603	36020183	-1	canFam2	9
HOMINIDAE	18	36020183	42761552	1	canFam2	9
HOMINIDAE	18	42761552	45107614	-1	canFam2	9
HOMINIDAE	18	45107614	53434837	1	canFam2	9
HOMINIDAE	18	53434837	59001921	-1	canFam2	9
HOMINIDAE	18	59001921	59872733	-1	canFam2	5
HOMINIDAE	18	59872733	63389538	1	canFam2	5
HOMINIDAE	18	63389538	72459582	-1	canFam2	5
HOMINIDAE	18	72459582	74097860	1	canFam2	5
HOMINIDAE	18	74097860	74724214	-1	canFam2	5
HOMINIDAE	18	74724214	77776482	-1	canFam2	9
HOMINIDAE	18	77776482	79048054	1	canFam2	9
HOMINIDAE	18	0	15550517	1	capHir1	19
HOMINIDAE	18	15550517	16384972	1	capHir1	19
HOMINIDAE	18	16384972	18339540	-1	capHir1	19
HOMINIDAE	18	18339540	21490344	-1	capHir1	19
HOMINIDAE	18	21490344	22995081	1	capHir1	19
HOMINIDAE	18	22995081	31518930	-1	capHir1	19
HOMINIDAE	18	31518930	34879997	1	capHir1	19
HOMINIDAE	18	34879997	36020183	1	capHir1	19
HOMINIDAE	18	36020183	42761552	-1	capHir1	19
HOMINIDAE	18	42761552	45584193	-1	capHir1	19
HOMINIDAE	18	45584193	55586037	1	capHir1	19
HOMINIDAE	18	55586037	61535843	-1	capHir1	19
HOMINIDAE	18	61535843	63389538	1	capHir1	19
HOMINIDAE	18	63389538	72582825	-1	capHir1	19
HOMINIDAE	18	72582825	74114060	1	capHir1	19
HOMINIDAE	18	74114060	77782008	-1	capHir1	19
HOMINIDAE	18	77782008	79048054	1	capHir1	19
HOMINIDAE	18	0	15795871	1	equCab2	11
HOMINIDAE	18	15795871	18983550	-1	equCab2	11
HOMINIDAE	18	18983550	21728518	1	equCab2	11
HOMINIDAE	18	21728518	22995081	1	equCab2	11
HOMINIDAE	18	22995081	34860685	-1	equCab2	11
HOMINIDAE	18	34860685	36020183	-1	equCab2	11
HOMINIDAE	18	36020183	42761552	1	equCab2	11
HOMINIDAE	18	42761552	45202895	-1	equCab2	11
HOMINIDAE	18	45202895	53925062	1	equCab2	11
HOMINIDAE	18	53925062	58666582	-1	equCab2	11
HOMINIDAE	18	58666582	59571566	-1	equCab2	11
HOMINIDAE	18	59571566	63389538	1	equCab2	11
HOMINIDAE	18	63389538	72462665	-1	equCab2	11
HOMINIDAE	18	72462665	74409645	1	equCab2	11
HOMINIDAE	18	74409645	77973025	-1	equCab2	11
HOMINIDAE	18	77973025	79048054	1	equCab2	11
HOMINIDAE	18	0	3279200	1	galGal3	18
HOMINIDAE	18	3279200	7107603	1	galGal3	18
HOMINIDAE	18	7107603	9596404	-1	galGal3	18
HOMINIDAE	18	9596404	16347082	-1	galGal3	18
HOMINIDAE	18	16347082	20519646	1	galGal3	18
HOMINIDAE	18	20519646	22995081	-1	galGal3	27
HOMINIDAE	18	22995081	23736125	-1	galGal3	19
HOMINIDAE	18	23736125	25459811	-1	galGal3	19
HOMINIDAE	18	25459811	26527595	1	galGal3	19
HOMINIDAE	18	26527595	30918939	-1	galGal3	18
HOMINIDAE	18	30918939	32452882	1	galGal3	18
HOMINIDAE	18	32452882	34962106	1	galGal3	27
HOMINIDAE	18	34962106	35430943	1	galGal3	27
HOMINIDAE	18	36020183	37701124	-1	galGal3	27
HOMINIDAE	18	37701124	42761552	-1	galGal3	27
HOMINIDAE	18	42761552	49248113	-1	galGal3	19
HOMINIDAE	18	49248113	56886462	-1	galGal3	19
HOMINIDAE	18	56886462	63389538	-1	galGal3	14
HOMINIDAE	18	63389538	66037519	1	galGal3	18
HOMINIDAE	18	66037519	69465944	-1	galGal3	18
HOMINIDAE	18	69465944	71117060	-1	galGal3	18
HOMINIDAE	18	71117060	72017959	-1	galGal3	19
HOMINIDAE	18	72017959	74674368	1	galGal3	19
HOMINIDAE	18	74674368	75996754	-1	galGal3	19
HOMINIDAE	18	75996754	78137567	-1	galGal3	19
HOMINIDAE	18	78137567	79048054	1	galGal3	19
HOMINIDAE	18	0	35430943	1	gorGor3	5
HOMINIDAE	18	35430943	36020183	-1	gorGor3	5
HOMINIDAE	18	36020183	63389538	1	gorGor3	5
HOMINIDAE	18	63389538	79048054	-1	gorGor3	17
HOMINIDAE	18	0	35430943	-1	hg19	17
HOMINIDAE	18	35430943	36020183	1	hg19	17
HOMINIDAE	18	36020183	79048054	-1	hg19	17
HOMINIDAE	18	0	15981382	-1	mm10	11
HOMINIDAE	18	15981382	19260408	1	mm10	11
HOMINIDAE	18	19260408	21904088	-1	mm10	11
HOMINIDAE	18	21904088	22995081	-1	mm10	11
HOMINIDAE	18	22995081	34930059	1	mm10	11
HOMINIDAE	18	34930059	36020183	1	mm10	11
HOMINIDAE	18	36020183	42761552	-1	mm10	11
HOMINIDAE	18	42761552	45272636	1	mm10	11
HOMINIDAE	18	45272636	54990677	-1	mm10	11
HOMINIDAE	18	54990677	60768976	1	mm10	11
HOMINIDAE	18	60768976	63389538	-1	mm10	11
HOMINIDAE	18	63389538	72353540	1	mm10	11
HOMINIDAE	18	72353540	74369771	-1	mm10	11
HOMINIDAE	18	74369771	78029729	1	mm10	11
HOMINIDAE	18	78029729	79048054	-1	mm10	11
HOMINIDAE	18	0	943872	1	monDom5	2
HOMINIDAE	18	943872	8519038	1	monDom5	2
HOMINIDAE	18	8519038	17177784	1	monDom5	2
HOMINIDAE	18	17177784	19792411	-1	monDom5	2
HOMINIDAE	18	19792411	20110629	1	monDom5	2
HOMINIDAE	18	20110629	22068238	-1	monDom5	2
HOMINIDAE	18	22068238	22995081	-1	monDom5	2
HOMINIDAE	18	22995081	32278044	1	monDom5	2
HOMINIDAE	18	32278044	34840550	-1	monDom5	2
HOMINIDAE	18	34840550	36020183	1	monDom5	2
HOMINIDAE	18	36020183	37608547	-1	monDom5	2
HOMINIDAE	18	37608547	40057562	1	monDom5	2
HOMINIDAE	18	40057562	40304950	-1	monDom5	2
HOMINIDAE	18	40304950	42761552	1	monDom5	2
HOMINIDAE	18	42761552	44698466	-1	monDom5	2
HOMINIDAE	18	44698466	52548069	1	monDom5	2
HOMINIDAE	18	52548069	53855808	-1	monDom5	2
HOMINIDAE	18	53855808	57476763	-1	monDom5	2
HOMINIDAE	18	57476763	59072315	1	monDom5	6
HOMINIDAE	18	59072315	60097695	-1	monDom5	6
HOMINIDAE	18	60097695	61313448	1	monDom5	6
HOMINIDAE	18	61313448	62686683	-1	monDom5	6
HOMINIDAE	18	62686683	63389538	-1	monDom5	2
HOMINIDAE	18	63389538	66872024	-1	monDom5	2
HOMINIDAE	18	66872024	69510097	-1	monDom5	2
HOMINIDAE	18	69510097	70352740	-1	monDom5	2
HOMINIDAE	18	70352740	73004541	1	monDom5	2
HOMINIDAE	18	73004541	73356154	1	monDom5	7
HOMINIDAE	18	73356154	74004882	-1	monDom5	2
HOMINIDAE	18	74004882	74696118	1	monDom5	1
HOMINIDAE	18	74696118	77183895	-1	monDom5	2
HOMINIDAE	18	77183895	79048054	1	monDom5	2
HOMINIDAE	18	0	10406939	-1	oryCun2	19
HOMINIDAE	18	10406939	15923810	1	oryCun2	19
HOMINIDAE	18	15923810	20793885	-1	oryCun2	19
HOMINIDAE	18	20793885	22995081	-1	oryCun2	19
HOMINIDAE	18	22995081	34843278	1	oryCun2	19
HOMINIDAE	18	34843278	36020183	1	oryCun2	19
HOMINIDAE	18	36020183	36797848	1	oryCun2	19
HOMINIDAE	18	36797848	42761552	-1	oryCun2	19
HOMINIDAE	18	42761552	45903931	1	oryCun2	19
HOMINIDAE	18	45903931	56414564	-1	oryCun2	19
HOMINIDAE	18	56414564	63389538	1	oryCun2	19
HOMINIDAE	18	63389538	72413991	1	oryCun2	19
HOMINIDAE	18	72413991	74205364	-1	oryCun2	19
HOMINIDAE	18	74205364	77837461	1	oryCun2	19
HOMINIDAE	18	77837461	79048054	-1	oryCun2	19
HOMINIDAE	18	0	32452882	-1	panTro3	17
HOMINIDAE	18	32452882	35430943	1	panTro3	17
HOMINIDAE	18	35430943	36020183	-1	panTro3	17
HOMINIDAE	18	36020183	71117060	1	panTro3	17
HOMINIDAE	18	71117060	79048054	-1	panTro3	17
HOMINIDAE	18	0	22995081	-1	ponAbe2	17
HOMINIDAE	18	22995081	42761552	1	ponAbe2	17
HOMINIDAE	18	42761552	79048054	-1	ponAbe2	17
HOMINIDAE	18	0	22203016	-1	rheMac3	16
HOMINIDAE	18	22203016	22995081	1	rheMac3	16
HOMINIDAE	18	22995081	34901316	-1	rheMac3	16
HOMINIDAE	18	34901316	36020183	1	rheMac3	16
HOMINIDAE	18	36020183	41819277	-1	rheMac3	16
HOMINIDAE	18	41819277	42761552	1	rheMac3	16
HOMINIDAE	18	42761552	44524380	-1	rheMac3	16
HOMINIDAE	18	44524380	62817948	-1	rheMac3	16
HOMINIDAE	18	62817948	63389538	1	rheMac3	16
HOMINIDAE	18	63389538	79048054	-1	rheMac3	16
HOMINIDAE	18	0	15838943	-1	rn4	10
HOMINIDAE	18	15838943	19103291	1	rn4	10
HOMINIDAE	18	19103291	21868012	-1	rn4	10
HOMINIDAE	18	21868012	22995081	-1	rn4	10
HOMINIDAE	18	22995081	34941959	1	rn4	10
HOMINIDAE	18	34941959	36020183	1	rn4	10
HOMINIDAE	18	36020183	42761552	-1	rn4	10
HOMINIDAE	18	42761552	45917094	1	rn4	10
HOMINIDAE	18	45917094	54889749	-1	rn4	10
HOMINIDAE	18	54889749	56667738	-1	rn4	10
HOMINIDAE	18	56667738	60677258	1	rn4	10
HOMINIDAE	18	60677258	63389538	-1	rn4	10
HOMINIDAE	18	63389538	66735429	1	rn4	10
HOMINIDAE	18	66735429	67134536	-1	rn4	10
HOMINIDAE	18	67134536	72335185	1	rn4	10
HOMINIDAE	18	72335185	74251536	-1	rn4	10
HOMINIDAE	18	74251536	78093357	1	rn4	10
HOMINIDAE	18	78093357	78568476	1	rn4	10
HOMINIDAE	18	78568476	79048054	-1	rn4	10
HOMINIDAE	18	0	15645406	1	susScr2	12
HOMINIDAE	18	15645406	18840242	-1	susScr2	12
HOMINIDAE	18	18840242	21874662	1	susScr2	12
HOMINIDAE	18	21874662	22995081	1	susScr2	12
HOMINIDAE	18	22995081	31649103	-1	susScr2	12
HOMINIDAE	18	31649103	32452882	1	susScr2	12
HOMINIDAE	18	32452882	34822994	-1	susScr2	12
HOMINIDAE	18	34822994	36020183	-1	susScr2	12
HOMINIDAE	18	36020183	42761552	1	susScr2	12
HOMINIDAE	18	42761552	43971794	-1	susScr2	12
HOMINIDAE	18	43971794	55811141	1	susScr2	12
HOMINIDAE	18	55811141	63389538	-1	susScr2	12
HOMINIDAE	18	63389538	72700807	-1	susScr2	12
HOMINIDAE	18	72700807	74621866	1	susScr2	12
HOMINIDAE	18	74621866	78544371	-1	susScr2	12
HOMINIDAE	18	78544371	79048054	1	susScr2	12
