HOMINIDAE	1	0	2249851	-1	bosTau7	7
HOMINIDAE	1	2249851	8398398	1	bosTau7	16
HOMINIDAE	1	8398398	16416773	-1	bosTau7	28
HOMINIDAE	1	16416773	26716902	-1	bosTau7	16
HOMINIDAE	1	26716902	35228077	1	bosTau7	16
HOMINIDAE	1	35228077	39376224	-1	bosTau7	16
HOMINIDAE	1	39376224	43249107	-1	bosTau7	16
HOMINIDAE	1	43249107	57549878	1	bosTau7	16
HOMINIDAE	1	57549878	72205041	-1	bosTau7	16
HOMINIDAE	1	72205041	76823239	-1	bosTau7	16
HOMINIDAE	1	76823239	99544922	1	bosTau7	3
HOMINIDAE	1	99544922	100913954	1	bosTau7	3
HOMINIDAE	1	100913954	101558888	-1	bosTau7	3
HOMINIDAE	1	101558888	152503659	1	bosTau7	3
HOMINIDAE	1	152503659	192948422	1	bosTau7	3
HOMINIDAE	1	192948422	208860473	1	bosTau7	2
HOMINIDAE	1	208860473	211692374	1	bosTau7	16
HOMINIDAE	1	211692374	222606312	1	bosTau7	16
HOMINIDAE	1	0	17613744	1	calJac3	19
HOMINIDAE	1	17613744	19890893	1	calJac3	19
HOMINIDAE	1	19890893	36543103	1	calJac3	19
HOMINIDAE	1	36543103	51732736	-1	calJac3	19
HOMINIDAE	1	51732736	57375608	-1	calJac3	18
HOMINIDAE	1	57375608	85849072	1	calJac3	18
HOMINIDAE	1	85849072	99544922	-1	calJac3	18
HOMINIDAE	1	99544922	100807978	1	calJac3	18
HOMINIDAE	1	100807978	102461069	-1	calJac3	18
HOMINIDAE	1	102461069	222606312	-1	calJac3	7
HOMINIDAE	1	0	7734990	-1	canFam2	7
HOMINIDAE	1	7734990	18177684	1	canFam2	4
HOMINIDAE	1	18177684	21765181	1	canFam2	7
HOMINIDAE	1	21765181	29455350	-1	canFam2	38
HOMINIDAE	1	29455350	39099330	-1	canFam2	7
HOMINIDAE	1	39099330	42750048	-1	canFam2	38
HOMINIDAE	1	42750048	50043330	1	canFam2	7
HOMINIDAE	1	50043330	60377893	1	canFam2	38
HOMINIDAE	1	60377893	68754782	-1	canFam2	7
HOMINIDAE	1	68754782	83337499	1	canFam2	7
HOMINIDAE	1	83337499	91749631	1	canFam2	38
HOMINIDAE	1	91749631	95731117	1	canFam2	7
HOMINIDAE	1	95731117	99544922	-1	canFam2	17
HOMINIDAE	1	99544922	100917592	-1	canFam2	17
HOMINIDAE	1	100917592	101558888	1	canFam2	17
HOMINIDAE	1	101558888	108371431	-1	canFam2	17
HOMINIDAE	1	108371431	110551765	1	canFam2	17
HOMINIDAE	1	110551765	155953741	1	canFam2	6
HOMINIDAE	1	155953741	171880529	1	canFam2	5
HOMINIDAE	1	171880529	182232792	1	canFam2	15
HOMINIDAE	1	182232792	191872671	1	canFam2	15
HOMINIDAE	1	191872671	213514867	1	canFam2	2
HOMINIDAE	1	213514867	222606312	-1	canFam2	5
HOMINIDAE	1	0	2436304	-1	capHir1	7
HOMINIDAE	1	2436304	8693452	1	capHir1	16
HOMINIDAE	1	8693452	20863371	-1	capHir1	28
HOMINIDAE	1	20863371	34309580	-1	capHir1	16
HOMINIDAE	1	34309580	40203173	-1	capHir1	16
HOMINIDAE	1	40203173	44699500	-1	capHir1	16
HOMINIDAE	1	44699500	56149085	1	capHir1	16
HOMINIDAE	1	56149085	71655824	-1	capHir1	16
HOMINIDAE	1	71655824	77594550	-1	capHir1	16
HOMINIDAE	1	77594550	99544922	1	capHir1	3
HOMINIDAE	1	99544922	100941909	1	capHir1	3
HOMINIDAE	1	100941909	101558888	-1	capHir1	3
HOMINIDAE	1	101558888	101931493	-1	capHir1	3
HOMINIDAE	1	101931493	192343353	1	capHir1	3
HOMINIDAE	1	192343353	208676443	1	capHir1	2
HOMINIDAE	1	208676443	211704421	1	capHir1	16
HOMINIDAE	1	211704421	222606312	1	capHir1	16
HOMINIDAE	1	0	5841765	1	equCab2	30
HOMINIDAE	1	5841765	16442090	1	equCab2	1
HOMINIDAE	1	16442090	27000357	1	equCab2	30
HOMINIDAE	1	27000357	36593375	1	equCab2	5
HOMINIDAE	1	36593375	41046999	-1	equCab2	5
HOMINIDAE	1	41046999	58053580	-1	equCab2	30
HOMINIDAE	1	58053580	66642348	-1	equCab2	5
HOMINIDAE	1	66642348	80472247	-1	equCab2	5
HOMINIDAE	1	80472247	99544922	1	equCab2	5
HOMINIDAE	1	99544922	100957202	1	equCab2	5
HOMINIDAE	1	100957202	101558888	-1	equCab2	5
HOMINIDAE	1	101558888	163078420	1	equCab2	5
HOMINIDAE	1	163078420	222606312	1	equCab2	2
HOMINIDAE	1	0	44415040	1	galGal3	3
HOMINIDAE	1	44415040	83991764	1	galGal3	3
HOMINIDAE	1	83991764	99544922	1	galGal3	8
HOMINIDAE	1	99544922	101558888	-1	galGal3	1
HOMINIDAE	1	101931493	106931947	1	galGal3	1
HOMINIDAE	1	106931947	108481929	1	galGal3	1
HOMINIDAE	1	108481929	112405543	-1	galGal3	26
HOMINIDAE	1	112405543	155808825	1	galGal3	8
HOMINIDAE	1	155808825	208414597	-1	galGal3	8
HOMINIDAE	1	208414597	222606312	1	galGal3	21
HOMINIDAE	1	0	101558888	-1	gorGor3	1
HOMINIDAE	1	101558888	101931493	1	gorGor3	1
HOMINIDAE	1	101931493	222606312	-1	gorGor3	1
HOMINIDAE	1	0	101558888	-1	hg19	1
HOMINIDAE	1	101558888	101931493	1	hg19	1
HOMINIDAE	1	101931493	222606312	-1	hg19	1
HOMINIDAE	1	0	6691365	-1	mm10	1
HOMINIDAE	1	6691365	12136504	1	mm10	13
HOMINIDAE	1	12136504	16304620	-1	mm10	8
HOMINIDAE	1	16304620	32614987	1	mm10	1
HOMINIDAE	1	32614987	87857856	1	mm10	1
HOMINIDAE	1	87857856	99544922	1	mm10	3
HOMINIDAE	1	99544922	100894832	1	mm10	3
HOMINIDAE	1	100894832	101558888	-1	mm10	3
HOMINIDAE	1	101558888	129692079	1	mm10	3
HOMINIDAE	1	129692079	150275636	1	mm10	3
HOMINIDAE	1	150275636	160136780	-1	mm10	4
HOMINIDAE	1	160136780	222606312	1	mm10	4
HOMINIDAE	1	0	16189032	1	monDom5	2
HOMINIDAE	1	16189032	19192765	-1	monDom5	2
HOMINIDAE	1	19192765	61682106	-1	monDom5	2
HOMINIDAE	1	61682106	88316056	-1	monDom5	2
HOMINIDAE	1	88316056	91920850	1	monDom5	2
HOMINIDAE	1	91920850	96491840	-1	monDom5	2
HOMINIDAE	1	96491840	99544922	-1	monDom5	2
HOMINIDAE	1	99544922	101063313	-1	monDom5	2
HOMINIDAE	1	101063313	101558888	1	monDom5	2
HOMINIDAE	1	101558888	132209548	-1	monDom5	2
HOMINIDAE	1	132209548	137073787	1	monDom5	2
HOMINIDAE	1	137073787	139547579	-1	monDom5	2
HOMINIDAE	1	139547579	149486544	1	monDom5	2
HOMINIDAE	1	149486544	169538010	1	monDom5	2
HOMINIDAE	1	169538010	178351044	1	monDom5	2
HOMINIDAE	1	178351044	191483166	-1	monDom5	4
HOMINIDAE	1	191483166	196486438	-1	monDom5	4
HOMINIDAE	1	196486438	199522266	-1	monDom5	4
HOMINIDAE	1	199522266	202037434	-1	monDom5	4
HOMINIDAE	1	202037434	207070279	1	monDom5	4
HOMINIDAE	1	207070279	210083172	1	monDom5	4
HOMINIDAE	1	210083172	213331039	1	monDom5	4
HOMINIDAE	1	213331039	222606312	-1	monDom5	4
HOMINIDAE	1	0	6535191	1	oryCun2	16
HOMINIDAE	1	6535191	10320251	-1	oryCun2	16
HOMINIDAE	1	10320251	18224771	1	oryCun2	16
HOMINIDAE	1	18224771	63774877	1	oryCun2	16
HOMINIDAE	1	63774877	73361629	-1	oryCun2	13
HOMINIDAE	1	73361629	75937254	-1	oryCun2	13
HOMINIDAE	1	75937254	99544922	1	oryCun2	13
HOMINIDAE	1	99544922	100842715	1	oryCun2	13
HOMINIDAE	1	100842715	101558888	-1	oryCun2	13
HOMINIDAE	1	101558888	101931493	-1	oryCun2	13
HOMINIDAE	1	101931493	203493167	1	oryCun2	13
HOMINIDAE	1	203493167	209285808	1	oryCun2	13
HOMINIDAE	1	209285808	217785875	1	oryCun2	13
HOMINIDAE	1	217785875	222606312	1	oryCun2	13
HOMINIDAE	1	0	99544922	-1	panTro3	1
HOMINIDAE	1	99544922	101558888	1	panTro3	1
HOMINIDAE	1	101558888	101931493	-1	panTro3	1
HOMINIDAE	1	101931493	112405543	1	panTro3	1
HOMINIDAE	1	112405543	222606312	-1	panTro3	1
HOMINIDAE	1	0	99544922	1	ponAbe2	1
HOMINIDAE	1	99544922	101558888	-1	ponAbe2	1
HOMINIDAE	1	101558888	222606312	1	ponAbe2	1
HOMINIDAE	1	0	20758539	1	rheMac3	1
HOMINIDAE	1	20758539	70420130	1	rheMac3	1
HOMINIDAE	1	70420130	85974835	-1	rheMac3	1
HOMINIDAE	1	85974835	100846098	-1	rheMac3	1
HOMINIDAE	1	100846098	101558888	1	rheMac3	1
HOMINIDAE	1	101558888	222606312	-1	rheMac3	1
HOMINIDAE	1	0	6242086	-1	rn4	13
HOMINIDAE	1	6242086	11745825	-1	rn4	17
HOMINIDAE	1	11745825	15155688	-1	rn4	19
HOMINIDAE	1	15155688	30344462	1	rn4	13
HOMINIDAE	1	30344462	85377601	1	rn4	13
HOMINIDAE	1	85377601	99544922	1	rn4	2
HOMINIDAE	1	99544922	100886532	1	rn4	2
HOMINIDAE	1	100886532	101558888	-1	rn4	2
HOMINIDAE	1	101558888	131336310	1	rn4	2
HOMINIDAE	1	131336310	135568152	1	rn4	14
HOMINIDAE	1	135568152	156879002	1	rn4	2
HOMINIDAE	1	156879002	167719310	-1	rn4	5
HOMINIDAE	1	167719310	222606312	1	rn4	5
HOMINIDAE	1	0	5339015	-1	susScr2	10
HOMINIDAE	1	5339015	19730674	1	susScr2	14
HOMINIDAE	1	19730674	28482062	-1	susScr2	10
HOMINIDAE	1	28482062	38428332	1	susScr2	9
HOMINIDAE	1	38428332	45390044	-1	susScr2	10
HOMINIDAE	1	45390044	50791475	1	susScr2	10
HOMINIDAE	1	50791475	70422180	-1	susScr2	9
HOMINIDAE	1	70422180	99544922	1	susScr2	4
HOMINIDAE	1	99544922	100827223	1	susScr2	4
HOMINIDAE	1	100827223	101558888	-1	susScr2	4
HOMINIDAE	1	101558888	101931493	-1	susScr2	4
HOMINIDAE	1	101931493	141761261	1	susScr2	4
HOMINIDAE	1	141761261	189530792	1	susScr2	6
HOMINIDAE	1	189530792	222606312	-1	susScr2	6
HOMINIDAE	1	0	2249851	-1	bosTau7	7
HOMINIDAE	1	2249851	8398398	1	bosTau7	16
HOMINIDAE	1	8398398	16416773	-1	bosTau7	28
HOMINIDAE	1	16416773	26716902	-1	bosTau7	16
HOMINIDAE	1	26716902	35228077	1	bosTau7	16
HOMINIDAE	1	35228077	39376224	-1	bosTau7	16
HOMINIDAE	1	39376224	43249107	-1	bosTau7	16
HOMINIDAE	1	43249107	57549878	1	bosTau7	16
HOMINIDAE	1	57549878	72205041	-1	bosTau7	16
HOMINIDAE	1	72205041	76823239	-1	bosTau7	16
HOMINIDAE	1	76823239	99544922	1	bosTau7	3
HOMINIDAE	1	99544922	100913954	1	bosTau7	3
HOMINIDAE	1	100913954	101558888	-1	bosTau7	3
HOMINIDAE	1	101558888	152503659	1	bosTau7	3
HOMINIDAE	1	152503659	192948422	1	bosTau7	3
HOMINIDAE	1	192948422	208860473	1	bosTau7	2
HOMINIDAE	1	208860473	211692374	1	bosTau7	16
HOMINIDAE	1	211692374	222606312	1	bosTau7	16
HOMINIDAE	1	0	17613744	1	calJac3	19
HOMINIDAE	1	17613744	19890893	1	calJac3	19
HOMINIDAE	1	19890893	36543103	1	calJac3	19
HOMINIDAE	1	36543103	51732736	-1	calJac3	19
HOMINIDAE	1	51732736	57375608	-1	calJac3	18
HOMINIDAE	1	57375608	85849072	1	calJac3	18
HOMINIDAE	1	85849072	99544922	-1	calJac3	18
HOMINIDAE	1	99544922	100807978	1	calJac3	18
HOMINIDAE	1	100807978	102461069	-1	calJac3	18
HOMINIDAE	1	102461069	222606312	-1	calJac3	7
HOMINIDAE	1	0	7734990	-1	canFam2	7
HOMINIDAE	1	7734990	18177684	1	canFam2	4
HOMINIDAE	1	18177684	21765181	1	canFam2	7
HOMINIDAE	1	21765181	29455350	-1	canFam2	38
HOMINIDAE	1	29455350	39099330	-1	canFam2	7
HOMINIDAE	1	39099330	42750048	-1	canFam2	38
HOMINIDAE	1	42750048	50043330	1	canFam2	7
HOMINIDAE	1	50043330	60377893	1	canFam2	38
HOMINIDAE	1	60377893	68754782	-1	canFam2	7
HOMINIDAE	1	68754782	83337499	1	canFam2	7
HOMINIDAE	1	83337499	91749631	1	canFam2	38
HOMINIDAE	1	91749631	95731117	1	canFam2	7
HOMINIDAE	1	95731117	99544922	-1	canFam2	17
HOMINIDAE	1	99544922	100917592	-1	canFam2	17
HOMINIDAE	1	100917592	101558888	1	canFam2	17
HOMINIDAE	1	101558888	108371431	-1	canFam2	17
HOMINIDAE	1	108371431	110551765	1	canFam2	17
HOMINIDAE	1	110551765	155953741	1	canFam2	6
HOMINIDAE	1	155953741	171880529	1	canFam2	5
HOMINIDAE	1	171880529	182232792	1	canFam2	15
HOMINIDAE	1	182232792	191872671	1	canFam2	15
HOMINIDAE	1	191872671	213514867	1	canFam2	2
HOMINIDAE	1	213514867	222606312	-1	canFam2	5
HOMINIDAE	1	0	2436304	-1	capHir1	7
HOMINIDAE	1	2436304	8693452	1	capHir1	16
HOMINIDAE	1	8693452	20863371	-1	capHir1	28
HOMINIDAE	1	20863371	34309580	-1	capHir1	16
HOMINIDAE	1	34309580	40203173	-1	capHir1	16
HOMINIDAE	1	40203173	44699500	-1	capHir1	16
HOMINIDAE	1	44699500	56149085	1	capHir1	16
HOMINIDAE	1	56149085	71655824	-1	capHir1	16
HOMINIDAE	1	71655824	77594550	-1	capHir1	16
HOMINIDAE	1	77594550	99544922	1	capHir1	3
HOMINIDAE	1	99544922	100941909	1	capHir1	3
HOMINIDAE	1	100941909	101558888	-1	capHir1	3
HOMINIDAE	1	101558888	101931493	-1	capHir1	3
HOMINIDAE	1	101931493	192343353	1	capHir1	3
HOMINIDAE	1	192343353	208676443	1	capHir1	2
HOMINIDAE	1	208676443	211704421	1	capHir1	16
HOMINIDAE	1	211704421	222606312	1	capHir1	16
HOMINIDAE	1	0	5841765	1	equCab2	30
HOMINIDAE	1	5841765	16442090	1	equCab2	1
HOMINIDAE	1	16442090	27000357	1	equCab2	30
HOMINIDAE	1	27000357	36593375	1	equCab2	5
HOMINIDAE	1	36593375	41046999	-1	equCab2	5
HOMINIDAE	1	41046999	58053580	-1	equCab2	30
HOMINIDAE	1	58053580	66642348	-1	equCab2	5
HOMINIDAE	1	66642348	80472247	-1	equCab2	5
HOMINIDAE	1	80472247	99544922	1	equCab2	5
HOMINIDAE	1	99544922	100957202	1	equCab2	5
HOMINIDAE	1	100957202	101558888	-1	equCab2	5
HOMINIDAE	1	101558888	163078420	1	equCab2	5
HOMINIDAE	1	163078420	222606312	1	equCab2	2
HOMINIDAE	1	0	44415040	1	galGal3	3
HOMINIDAE	1	44415040	83991764	1	galGal3	3
HOMINIDAE	1	83991764	99544922	1	galGal3	8
HOMINIDAE	1	99544922	101558888	-1	galGal3	1
HOMINIDAE	1	101931493	106931947	1	galGal3	1
HOMINIDAE	1	106931947	108481929	1	galGal3	1
HOMINIDAE	1	108481929	112405543	-1	galGal3	26
HOMINIDAE	1	112405543	155808825	1	galGal3	8
HOMINIDAE	1	155808825	208414597	-1	galGal3	8
HOMINIDAE	1	208414597	222606312	1	galGal3	21
HOMINIDAE	1	0	101558888	-1	gorGor3	1
HOMINIDAE	1	101558888	101931493	1	gorGor3	1
HOMINIDAE	1	101931493	222606312	-1	gorGor3	1
HOMINIDAE	1	0	101558888	-1	hg19	1
HOMINIDAE	1	101558888	101931493	1	hg19	1
HOMINIDAE	1	101931493	222606312	-1	hg19	1
HOMINIDAE	1	0	6691365	-1	mm10	1
HOMINIDAE	1	6691365	12136504	1	mm10	13
HOMINIDAE	1	12136504	16304620	-1	mm10	8
HOMINIDAE	1	16304620	32614987	1	mm10	1
HOMINIDAE	1	32614987	87857856	1	mm10	1
HOMINIDAE	1	87857856	99544922	1	mm10	3
HOMINIDAE	1	99544922	100894832	1	mm10	3
HOMINIDAE	1	100894832	101558888	-1	mm10	3
HOMINIDAE	1	101558888	129692079	1	mm10	3
HOMINIDAE	1	129692079	150275636	1	mm10	3
HOMINIDAE	1	150275636	160136780	-1	mm10	4
HOMINIDAE	1	160136780	222606312	1	mm10	4
HOMINIDAE	1	0	16189032	1	monDom5	2
HOMINIDAE	1	16189032	19192765	-1	monDom5	2
HOMINIDAE	1	19192765	61682106	-1	monDom5	2
HOMINIDAE	1	61682106	88316056	-1	monDom5	2
HOMINIDAE	1	88316056	91920850	1	monDom5	2
HOMINIDAE	1	91920850	96491840	-1	monDom5	2
HOMINIDAE	1	96491840	99544922	-1	monDom5	2
HOMINIDAE	1	99544922	101063313	-1	monDom5	2
HOMINIDAE	1	101063313	101558888	1	monDom5	2
HOMINIDAE	1	101558888	132209548	-1	monDom5	2
HOMINIDAE	1	132209548	137073787	1	monDom5	2
HOMINIDAE	1	137073787	139547579	-1	monDom5	2
HOMINIDAE	1	139547579	149486544	1	monDom5	2
HOMINIDAE	1	149486544	169538010	1	monDom5	2
HOMINIDAE	1	169538010	178351044	1	monDom5	2
HOMINIDAE	1	178351044	191483166	-1	monDom5	4
HOMINIDAE	1	191483166	196486438	-1	monDom5	4
HOMINIDAE	1	196486438	199522266	-1	monDom5	4
HOMINIDAE	1	199522266	202037434	-1	monDom5	4
HOMINIDAE	1	202037434	207070279	1	monDom5	4
HOMINIDAE	1	207070279	210083172	1	monDom5	4
HOMINIDAE	1	210083172	213331039	1	monDom5	4
HOMINIDAE	1	213331039	222606312	-1	monDom5	4
HOMINIDAE	1	0	6535191	1	oryCun2	16
HOMINIDAE	1	6535191	10320251	-1	oryCun2	16
HOMINIDAE	1	10320251	18224771	1	oryCun2	16
HOMINIDAE	1	18224771	63774877	1	oryCun2	16
HOMINIDAE	1	63774877	73361629	-1	oryCun2	13
HOMINIDAE	1	73361629	75937254	-1	oryCun2	13
HOMINIDAE	1	75937254	99544922	1	oryCun2	13
HOMINIDAE	1	99544922	100842715	1	oryCun2	13
HOMINIDAE	1	100842715	101558888	-1	oryCun2	13
HOMINIDAE	1	101558888	101931493	-1	oryCun2	13
HOMINIDAE	1	101931493	203493167	1	oryCun2	13
HOMINIDAE	1	203493167	209285808	1	oryCun2	13
HOMINIDAE	1	209285808	217785875	1	oryCun2	13
HOMINIDAE	1	217785875	222606312	1	oryCun2	13
HOMINIDAE	1	0	99544922	-1	panTro3	1
HOMINIDAE	1	99544922	101558888	1	panTro3	1
HOMINIDAE	1	101558888	101931493	-1	panTro3	1
HOMINIDAE	1	101931493	112405543	1	panTro3	1
HOMINIDAE	1	112405543	222606312	-1	panTro3	1
HOMINIDAE	1	0	99544922	1	ponAbe2	1
HOMINIDAE	1	99544922	101558888	-1	ponAbe2	1
HOMINIDAE	1	101558888	222606312	1	ponAbe2	1
HOMINIDAE	1	0	20758539	1	rheMac3	1
HOMINIDAE	1	20758539	70420130	1	rheMac3	1
HOMINIDAE	1	70420130	85974835	-1	rheMac3	1
HOMINIDAE	1	85974835	100846098	-1	rheMac3	1
HOMINIDAE	1	100846098	101558888	1	rheMac3	1
HOMINIDAE	1	101558888	222606312	-1	rheMac3	1
HOMINIDAE	1	0	6242086	-1	rn4	13
HOMINIDAE	1	6242086	11745825	-1	rn4	17
HOMINIDAE	1	11745825	15155688	-1	rn4	19
HOMINIDAE	1	15155688	30344462	1	rn4	13
HOMINIDAE	1	30344462	85377601	1	rn4	13
HOMINIDAE	1	85377601	99544922	1	rn4	2
HOMINIDAE	1	99544922	100886532	1	rn4	2
HOMINIDAE	1	100886532	101558888	-1	rn4	2
HOMINIDAE	1	101558888	131336310	1	rn4	2
HOMINIDAE	1	131336310	135568152	1	rn4	14
HOMINIDAE	1	135568152	156879002	1	rn4	2
HOMINIDAE	1	156879002	167719310	-1	rn4	5
HOMINIDAE	1	167719310	222606312	1	rn4	5
HOMINIDAE	1	0	5339015	-1	susScr2	10
HOMINIDAE	1	5339015	19730674	1	susScr2	14
HOMINIDAE	1	19730674	28482062	-1	susScr2	10
HOMINIDAE	1	28482062	38428332	1	susScr2	9
HOMINIDAE	1	38428332	45390044	-1	susScr2	10
HOMINIDAE	1	45390044	50791475	1	susScr2	10
HOMINIDAE	1	50791475	70422180	-1	susScr2	9
HOMINIDAE	1	70422180	99544922	1	susScr2	4
HOMINIDAE	1	99544922	100827223	1	susScr2	4
HOMINIDAE	1	100827223	101558888	-1	susScr2	4
HOMINIDAE	1	101558888	101931493	-1	susScr2	4
HOMINIDAE	1	101931493	141761261	1	susScr2	4
HOMINIDAE	1	141761261	189530792	1	susScr2	6
HOMINIDAE	1	189530792	222606312	-1	susScr2	6
HOMINIDAE	1	0	2249851	-1	bosTau7	7
HOMINIDAE	1	2249851	8398398	1	bosTau7	16
HOMINIDAE	1	8398398	16416773	-1	bosTau7	28
HOMINIDAE	1	16416773	26716902	-1	bosTau7	16
HOMINIDAE	1	26716902	35228077	1	bosTau7	16
HOMINIDAE	1	35228077	39376224	-1	bosTau7	16
HOMINIDAE	1	39376224	43249107	-1	bosTau7	16
HOMINIDAE	1	43249107	57549878	1	bosTau7	16
HOMINIDAE	1	57549878	72205041	-1	bosTau7	16
HOMINIDAE	1	72205041	76823239	-1	bosTau7	16
HOMINIDAE	1	76823239	99544922	1	bosTau7	3
HOMINIDAE	1	99544922	100913954	1	bosTau7	3
HOMINIDAE	1	100913954	101558888	-1	bosTau7	3
HOMINIDAE	1	101558888	152503659	1	bosTau7	3
HOMINIDAE	1	152503659	192948422	1	bosTau7	3
HOMINIDAE	1	192948422	208860473	1	bosTau7	2
HOMINIDAE	1	208860473	211692374	1	bosTau7	16
HOMINIDAE	1	211692374	222606312	1	bosTau7	16
HOMINIDAE	1	0	17613744	1	calJac3	19
HOMINIDAE	1	17613744	19890893	1	calJac3	19
HOMINIDAE	1	19890893	36543103	1	calJac3	19
HOMINIDAE	1	36543103	51732736	-1	calJac3	19
HOMINIDAE	1	51732736	57375608	-1	calJac3	18
HOMINIDAE	1	57375608	85849072	1	calJac3	18
HOMINIDAE	1	85849072	99544922	-1	calJac3	18
HOMINIDAE	1	99544922	100807978	1	calJac3	18
HOMINIDAE	1	100807978	102461069	-1	calJac3	18
HOMINIDAE	1	102461069	222606312	-1	calJac3	7
HOMINIDAE	1	0	7734990	-1	canFam2	7
HOMINIDAE	1	7734990	18177684	1	canFam2	4
HOMINIDAE	1	18177684	21765181	1	canFam2	7
HOMINIDAE	1	21765181	29455350	-1	canFam2	38
HOMINIDAE	1	29455350	39099330	-1	canFam2	7
HOMINIDAE	1	39099330	42750048	-1	canFam2	38
HOMINIDAE	1	42750048	50043330	1	canFam2	7
HOMINIDAE	1	50043330	60377893	1	canFam2	38
HOMINIDAE	1	60377893	68754782	-1	canFam2	7
HOMINIDAE	1	68754782	83337499	1	canFam2	7
HOMINIDAE	1	83337499	91749631	1	canFam2	38
HOMINIDAE	1	91749631	95731117	1	canFam2	7
HOMINIDAE	1	95731117	99544922	-1	canFam2	17
HOMINIDAE	1	99544922	100917592	-1	canFam2	17
HOMINIDAE	1	100917592	101558888	1	canFam2	17
HOMINIDAE	1	101558888	108371431	-1	canFam2	17
HOMINIDAE	1	108371431	110551765	1	canFam2	17
HOMINIDAE	1	110551765	155953741	1	canFam2	6
HOMINIDAE	1	155953741	171880529	1	canFam2	5
HOMINIDAE	1	171880529	182232792	1	canFam2	15
HOMINIDAE	1	182232792	191872671	1	canFam2	15
HOMINIDAE	1	191872671	213514867	1	canFam2	2
HOMINIDAE	1	213514867	222606312	-1	canFam2	5
HOMINIDAE	1	0	2436304	-1	capHir1	7
HOMINIDAE	1	2436304	8693452	1	capHir1	16
HOMINIDAE	1	8693452	20863371	-1	capHir1	28
HOMINIDAE	1	20863371	34309580	-1	capHir1	16
HOMINIDAE	1	34309580	40203173	-1	capHir1	16
HOMINIDAE	1	40203173	44699500	-1	capHir1	16
HOMINIDAE	1	44699500	56149085	1	capHir1	16
HOMINIDAE	1	56149085	71655824	-1	capHir1	16
HOMINIDAE	1	71655824	77594550	-1	capHir1	16
HOMINIDAE	1	77594550	99544922	1	capHir1	3
HOMINIDAE	1	99544922	100941909	1	capHir1	3
HOMINIDAE	1	100941909	101558888	-1	capHir1	3
HOMINIDAE	1	101558888	101931493	-1	capHir1	3
HOMINIDAE	1	101931493	192343353	1	capHir1	3
HOMINIDAE	1	192343353	208676443	1	capHir1	2
HOMINIDAE	1	208676443	211704421	1	capHir1	16
HOMINIDAE	1	211704421	222606312	1	capHir1	16
HOMINIDAE	1	0	5841765	1	equCab2	30
HOMINIDAE	1	5841765	16442090	1	equCab2	1
HOMINIDAE	1	16442090	27000357	1	equCab2	30
HOMINIDAE	1	27000357	36593375	1	equCab2	5
HOMINIDAE	1	36593375	41046999	-1	equCab2	5
HOMINIDAE	1	41046999	58053580	-1	equCab2	30
HOMINIDAE	1	58053580	66642348	-1	equCab2	5
HOMINIDAE	1	66642348	80472247	-1	equCab2	5
HOMINIDAE	1	80472247	99544922	1	equCab2	5
HOMINIDAE	1	99544922	100957202	1	equCab2	5
HOMINIDAE	1	100957202	101558888	-1	equCab2	5
HOMINIDAE	1	101558888	163078420	1	equCab2	5
HOMINIDAE	1	163078420	222606312	1	equCab2	2
HOMINIDAE	1	0	44415040	1	galGal3	3
HOMINIDAE	1	44415040	83991764	1	galGal3	3
HOMINIDAE	1	83991764	99544922	1	galGal3	8
HOMINIDAE	1	99544922	101558888	-1	galGal3	1
HOMINIDAE	1	101931493	106931947	1	galGal3	1
HOMINIDAE	1	106931947	108481929	1	galGal3	1
HOMINIDAE	1	108481929	112405543	-1	galGal3	26
HOMINIDAE	1	112405543	155808825	1	galGal3	8
HOMINIDAE	1	155808825	208414597	-1	galGal3	8
HOMINIDAE	1	208414597	222606312	1	galGal3	21
HOMINIDAE	1	0	101558888	-1	gorGor3	1
HOMINIDAE	1	101558888	101931493	1	gorGor3	1
HOMINIDAE	1	101931493	222606312	-1	gorGor3	1
HOMINIDAE	1	0	101558888	-1	hg19	1
HOMINIDAE	1	101558888	101931493	1	hg19	1
HOMINIDAE	1	101931493	222606312	-1	hg19	1
HOMINIDAE	1	0	6691365	-1	mm10	1
HOMINIDAE	1	6691365	12136504	1	mm10	13
HOMINIDAE	1	12136504	16304620	-1	mm10	8
HOMINIDAE	1	16304620	32614987	1	mm10	1
HOMINIDAE	1	32614987	87857856	1	mm10	1
HOMINIDAE	1	87857856	99544922	1	mm10	3
HOMINIDAE	1	99544922	100894832	1	mm10	3
HOMINIDAE	1	100894832	101558888	-1	mm10	3
HOMINIDAE	1	101558888	129692079	1	mm10	3
HOMINIDAE	1	129692079	150275636	1	mm10	3
HOMINIDAE	1	150275636	160136780	-1	mm10	4
HOMINIDAE	1	160136780	222606312	1	mm10	4
HOMINIDAE	1	0	16189032	1	monDom5	2
HOMINIDAE	1	16189032	19192765	-1	monDom5	2
HOMINIDAE	1	19192765	61682106	-1	monDom5	2
HOMINIDAE	1	61682106	88316056	-1	monDom5	2
HOMINIDAE	1	88316056	91920850	1	monDom5	2
HOMINIDAE	1	91920850	96491840	-1	monDom5	2
HOMINIDAE	1	96491840	99544922	-1	monDom5	2
HOMINIDAE	1	99544922	101063313	-1	monDom5	2
HOMINIDAE	1	101063313	101558888	1	monDom5	2
HOMINIDAE	1	101558888	132209548	-1	monDom5	2
HOMINIDAE	1	132209548	137073787	1	monDom5	2
HOMINIDAE	1	137073787	139547579	-1	monDom5	2
HOMINIDAE	1	139547579	149486544	1	monDom5	2
HOMINIDAE	1	149486544	169538010	1	monDom5	2
HOMINIDAE	1	169538010	178351044	1	monDom5	2
HOMINIDAE	1	178351044	191483166	-1	monDom5	4
HOMINIDAE	1	191483166	196486438	-1	monDom5	4
HOMINIDAE	1	196486438	199522266	-1	monDom5	4
HOMINIDAE	1	199522266	202037434	-1	monDom5	4
HOMINIDAE	1	202037434	207070279	1	monDom5	4
HOMINIDAE	1	207070279	210083172	1	monDom5	4
HOMINIDAE	1	210083172	213331039	1	monDom5	4
HOMINIDAE	1	213331039	222606312	-1	monDom5	4
HOMINIDAE	1	0	6535191	1	oryCun2	16
HOMINIDAE	1	6535191	10320251	-1	oryCun2	16
HOMINIDAE	1	10320251	18224771	1	oryCun2	16
HOMINIDAE	1	18224771	63774877	1	oryCun2	16
HOMINIDAE	1	63774877	73361629	-1	oryCun2	13
HOMINIDAE	1	73361629	75937254	-1	oryCun2	13
HOMINIDAE	1	75937254	99544922	1	oryCun2	13
HOMINIDAE	1	99544922	100842715	1	oryCun2	13
HOMINIDAE	1	100842715	101558888	-1	oryCun2	13
HOMINIDAE	1	101558888	101931493	-1	oryCun2	13
HOMINIDAE	1	101931493	203493167	1	oryCun2	13
HOMINIDAE	1	203493167	209285808	1	oryCun2	13
HOMINIDAE	1	209285808	217785875	1	oryCun2	13
HOMINIDAE	1	217785875	222606312	1	oryCun2	13
HOMINIDAE	1	0	99544922	-1	panTro3	1
HOMINIDAE	1	99544922	101558888	1	panTro3	1
HOMINIDAE	1	101558888	101931493	-1	panTro3	1
HOMINIDAE	1	101931493	112405543	1	panTro3	1
HOMINIDAE	1	112405543	222606312	-1	panTro3	1
HOMINIDAE	1	0	99544922	1	ponAbe2	1
HOMINIDAE	1	99544922	101558888	-1	ponAbe2	1
HOMINIDAE	1	101558888	222606312	1	ponAbe2	1
HOMINIDAE	1	0	20758539	1	rheMac3	1
HOMINIDAE	1	20758539	70420130	1	rheMac3	1
HOMINIDAE	1	70420130	85974835	-1	rheMac3	1
HOMINIDAE	1	85974835	100846098	-1	rheMac3	1
HOMINIDAE	1	100846098	101558888	1	rheMac3	1
HOMINIDAE	1	101558888	222606312	-1	rheMac3	1
HOMINIDAE	1	0	6242086	-1	rn4	13
HOMINIDAE	1	6242086	11745825	-1	rn4	17
HOMINIDAE	1	11745825	15155688	-1	rn4	19
HOMINIDAE	1	15155688	30344462	1	rn4	13
HOMINIDAE	1	30344462	85377601	1	rn4	13
HOMINIDAE	1	85377601	99544922	1	rn4	2
HOMINIDAE	1	99544922	100886532	1	rn4	2
HOMINIDAE	1	100886532	101558888	-1	rn4	2
HOMINIDAE	1	101558888	131336310	1	rn4	2
HOMINIDAE	1	131336310	135568152	1	rn4	14
HOMINIDAE	1	135568152	156879002	1	rn4	2
HOMINIDAE	1	156879002	167719310	-1	rn4	5
HOMINIDAE	1	167719310	222606312	1	rn4	5
HOMINIDAE	1	0	5339015	-1	susScr2	10
HOMINIDAE	1	5339015	19730674	1	susScr2	14
HOMINIDAE	1	19730674	28482062	-1	susScr2	10
HOMINIDAE	1	28482062	38428332	1	susScr2	9
HOMINIDAE	1	38428332	45390044	-1	susScr2	10
HOMINIDAE	1	45390044	50791475	1	susScr2	10
HOMINIDAE	1	50791475	70422180	-1	susScr2	9
HOMINIDAE	1	70422180	99544922	1	susScr2	4
HOMINIDAE	1	99544922	100827223	1	susScr2	4
HOMINIDAE	1	100827223	101558888	-1	susScr2	4
HOMINIDAE	1	101558888	101931493	-1	susScr2	4
HOMINIDAE	1	101931493	141761261	1	susScr2	4
HOMINIDAE	1	141761261	189530792	1	susScr2	6
HOMINIDAE	1	189530792	222606312	-1	susScr2	6
HOMINIDAE	1	0	2249851	-1	bosTau7	7
HOMINIDAE	1	2249851	8398398	1	bosTau7	16
HOMINIDAE	1	8398398	16416773	-1	bosTau7	28
HOMINIDAE	1	16416773	26716902	-1	bosTau7	16
HOMINIDAE	1	26716902	35228077	1	bosTau7	16
HOMINIDAE	1	35228077	39376224	-1	bosTau7	16
HOMINIDAE	1	39376224	43249107	-1	bosTau7	16
HOMINIDAE	1	43249107	57549878	1	bosTau7	16
HOMINIDAE	1	57549878	72205041	-1	bosTau7	16
HOMINIDAE	1	72205041	76823239	-1	bosTau7	16
HOMINIDAE	1	76823239	99544922	1	bosTau7	3
HOMINIDAE	1	99544922	100913954	1	bosTau7	3
HOMINIDAE	1	100913954	101558888	-1	bosTau7	3
HOMINIDAE	1	101558888	152503659	1	bosTau7	3
HOMINIDAE	1	152503659	192948422	1	bosTau7	3
HOMINIDAE	1	192948422	208860473	1	bosTau7	2
HOMINIDAE	1	208860473	211692374	1	bosTau7	16
HOMINIDAE	1	211692374	222606312	1	bosTau7	16
HOMINIDAE	1	0	17613744	1	calJac3	19
HOMINIDAE	1	17613744	19890893	1	calJac3	19
HOMINIDAE	1	19890893	36543103	1	calJac3	19
HOMINIDAE	1	36543103	51732736	-1	calJac3	19
HOMINIDAE	1	51732736	57375608	-1	calJac3	18
HOMINIDAE	1	57375608	85849072	1	calJac3	18
HOMINIDAE	1	85849072	99544922	-1	calJac3	18
HOMINIDAE	1	99544922	100807978	1	calJac3	18
HOMINIDAE	1	100807978	102461069	-1	calJac3	18
HOMINIDAE	1	102461069	222606312	-1	calJac3	7
HOMINIDAE	1	0	7734990	-1	canFam2	7
HOMINIDAE	1	7734990	18177684	1	canFam2	4
HOMINIDAE	1	18177684	21765181	1	canFam2	7
HOMINIDAE	1	21765181	29455350	-1	canFam2	38
HOMINIDAE	1	29455350	39099330	-1	canFam2	7
HOMINIDAE	1	39099330	42750048	-1	canFam2	38
HOMINIDAE	1	42750048	50043330	1	canFam2	7
HOMINIDAE	1	50043330	60377893	1	canFam2	38
HOMINIDAE	1	60377893	68754782	-1	canFam2	7
HOMINIDAE	1	68754782	83337499	1	canFam2	7
HOMINIDAE	1	83337499	91749631	1	canFam2	38
HOMINIDAE	1	91749631	95731117	1	canFam2	7
HOMINIDAE	1	95731117	99544922	-1	canFam2	17
HOMINIDAE	1	99544922	100917592	-1	canFam2	17
HOMINIDAE	1	100917592	101558888	1	canFam2	17
HOMINIDAE	1	101558888	108371431	-1	canFam2	17
HOMINIDAE	1	108371431	110551765	1	canFam2	17
HOMINIDAE	1	110551765	155953741	1	canFam2	6
HOMINIDAE	1	155953741	171880529	1	canFam2	5
HOMINIDAE	1	171880529	182232792	1	canFam2	15
HOMINIDAE	1	182232792	191872671	1	canFam2	15
HOMINIDAE	1	191872671	213514867	1	canFam2	2
HOMINIDAE	1	213514867	222606312	-1	canFam2	5
HOMINIDAE	1	0	2436304	-1	capHir1	7
HOMINIDAE	1	2436304	8693452	1	capHir1	16
HOMINIDAE	1	8693452	20863371	-1	capHir1	28
HOMINIDAE	1	20863371	34309580	-1	capHir1	16
HOMINIDAE	1	34309580	40203173	-1	capHir1	16
HOMINIDAE	1	40203173	44699500	-1	capHir1	16
HOMINIDAE	1	44699500	56149085	1	capHir1	16
HOMINIDAE	1	56149085	71655824	-1	capHir1	16
HOMINIDAE	1	71655824	77594550	-1	capHir1	16
HOMINIDAE	1	77594550	99544922	1	capHir1	3
HOMINIDAE	1	99544922	100941909	1	capHir1	3
HOMINIDAE	1	100941909	101558888	-1	capHir1	3
HOMINIDAE	1	101558888	101931493	-1	capHir1	3
HOMINIDAE	1	101931493	192343353	1	capHir1	3
HOMINIDAE	1	192343353	208676443	1	capHir1	2
HOMINIDAE	1	208676443	211704421	1	capHir1	16
HOMINIDAE	1	211704421	222606312	1	capHir1	16
HOMINIDAE	1	0	5841765	1	equCab2	30
HOMINIDAE	1	5841765	16442090	1	equCab2	1
HOMINIDAE	1	16442090	27000357	1	equCab2	30
HOMINIDAE	1	27000357	36593375	1	equCab2	5
HOMINIDAE	1	36593375	41046999	-1	equCab2	5
HOMINIDAE	1	41046999	58053580	-1	equCab2	30
HOMINIDAE	1	58053580	66642348	-1	equCab2	5
HOMINIDAE	1	66642348	80472247	-1	equCab2	5
HOMINIDAE	1	80472247	99544922	1	equCab2	5
HOMINIDAE	1	99544922	100957202	1	equCab2	5
HOMINIDAE	1	100957202	101558888	-1	equCab2	5
HOMINIDAE	1	101558888	163078420	1	equCab2	5
HOMINIDAE	1	163078420	222606312	1	equCab2	2
HOMINIDAE	1	0	44415040	1	galGal3	3
HOMINIDAE	1	44415040	83991764	1	galGal3	3
HOMINIDAE	1	83991764	99544922	1	galGal3	8
HOMINIDAE	1	99544922	101558888	-1	galGal3	1
HOMINIDAE	1	101931493	106931947	1	galGal3	1
HOMINIDAE	1	106931947	108481929	1	galGal3	1
HOMINIDAE	1	108481929	112405543	-1	galGal3	26
HOMINIDAE	1	112405543	155808825	1	galGal3	8
HOMINIDAE	1	155808825	208414597	-1	galGal3	8
HOMINIDAE	1	208414597	222606312	1	galGal3	21
HOMINIDAE	1	0	101558888	-1	gorGor3	1
HOMINIDAE	1	101558888	101931493	1	gorGor3	1
HOMINIDAE	1	101931493	222606312	-1	gorGor3	1
HOMINIDAE	1	0	101558888	-1	hg19	1
HOMINIDAE	1	101558888	101931493	1	hg19	1
HOMINIDAE	1	101931493	222606312	-1	hg19	1
HOMINIDAE	1	0	6691365	-1	mm10	1
HOMINIDAE	1	6691365	12136504	1	mm10	13
HOMINIDAE	1	12136504	16304620	-1	mm10	8
HOMINIDAE	1	16304620	32614987	1	mm10	1
HOMINIDAE	1	32614987	87857856	1	mm10	1
HOMINIDAE	1	87857856	99544922	1	mm10	3
HOMINIDAE	1	99544922	100894832	1	mm10	3
HOMINIDAE	1	100894832	101558888	-1	mm10	3
HOMINIDAE	1	101558888	129692079	1	mm10	3
HOMINIDAE	1	129692079	150275636	1	mm10	3
HOMINIDAE	1	150275636	160136780	-1	mm10	4
HOMINIDAE	1	160136780	222606312	1	mm10	4
HOMINIDAE	1	0	16189032	1	monDom5	2
HOMINIDAE	1	16189032	19192765	-1	monDom5	2
HOMINIDAE	1	19192765	61682106	-1	monDom5	2
HOMINIDAE	1	61682106	88316056	-1	monDom5	2
HOMINIDAE	1	88316056	91920850	1	monDom5	2
HOMINIDAE	1	91920850	96491840	-1	monDom5	2
HOMINIDAE	1	96491840	99544922	-1	monDom5	2
HOMINIDAE	1	99544922	101063313	-1	monDom5	2
HOMINIDAE	1	101063313	101558888	1	monDom5	2
HOMINIDAE	1	101558888	132209548	-1	monDom5	2
HOMINIDAE	1	132209548	137073787	1	monDom5	2
HOMINIDAE	1	137073787	139547579	-1	monDom5	2
HOMINIDAE	1	139547579	149486544	1	monDom5	2
HOMINIDAE	1	149486544	169538010	1	monDom5	2
HOMINIDAE	1	169538010	178351044	1	monDom5	2
HOMINIDAE	1	178351044	191483166	-1	monDom5	4
HOMINIDAE	1	191483166	196486438	-1	monDom5	4
HOMINIDAE	1	196486438	199522266	-1	monDom5	4
HOMINIDAE	1	199522266	202037434	-1	monDom5	4
HOMINIDAE	1	202037434	207070279	1	monDom5	4
HOMINIDAE	1	207070279	210083172	1	monDom5	4
HOMINIDAE	1	210083172	213331039	1	monDom5	4
HOMINIDAE	1	213331039	222606312	-1	monDom5	4
HOMINIDAE	1	0	6535191	1	oryCun2	16
HOMINIDAE	1	6535191	10320251	-1	oryCun2	16
HOMINIDAE	1	10320251	18224771	1	oryCun2	16
HOMINIDAE	1	18224771	63774877	1	oryCun2	16
HOMINIDAE	1	63774877	73361629	-1	oryCun2	13
HOMINIDAE	1	73361629	75937254	-1	oryCun2	13
HOMINIDAE	1	75937254	99544922	1	oryCun2	13
HOMINIDAE	1	99544922	100842715	1	oryCun2	13
HOMINIDAE	1	100842715	101558888	-1	oryCun2	13
HOMINIDAE	1	101558888	101931493	-1	oryCun2	13
HOMINIDAE	1	101931493	203493167	1	oryCun2	13
HOMINIDAE	1	203493167	209285808	1	oryCun2	13
HOMINIDAE	1	209285808	217785875	1	oryCun2	13
HOMINIDAE	1	217785875	222606312	1	oryCun2	13
HOMINIDAE	1	0	99544922	-1	panTro3	1
HOMINIDAE	1	99544922	101558888	1	panTro3	1
HOMINIDAE	1	101558888	101931493	-1	panTro3	1
HOMINIDAE	1	101931493	112405543	1	panTro3	1
HOMINIDAE	1	112405543	222606312	-1	panTro3	1
HOMINIDAE	1	0	99544922	1	ponAbe2	1
HOMINIDAE	1	99544922	101558888	-1	ponAbe2	1
HOMINIDAE	1	101558888	222606312	1	ponAbe2	1
HOMINIDAE	1	0	20758539	1	rheMac3	1
HOMINIDAE	1	20758539	70420130	1	rheMac3	1
HOMINIDAE	1	70420130	85974835	-1	rheMac3	1
HOMINIDAE	1	85974835	100846098	-1	rheMac3	1
HOMINIDAE	1	100846098	101558888	1	rheMac3	1
HOMINIDAE	1	101558888	222606312	-1	rheMac3	1
HOMINIDAE	1	0	6242086	-1	rn4	13
HOMINIDAE	1	6242086	11745825	-1	rn4	17
HOMINIDAE	1	11745825	15155688	-1	rn4	19
HOMINIDAE	1	15155688	30344462	1	rn4	13
HOMINIDAE	1	30344462	85377601	1	rn4	13
HOMINIDAE	1	85377601	99544922	1	rn4	2
HOMINIDAE	1	99544922	100886532	1	rn4	2
HOMINIDAE	1	100886532	101558888	-1	rn4	2
HOMINIDAE	1	101558888	131336310	1	rn4	2
HOMINIDAE	1	131336310	135568152	1	rn4	14
HOMINIDAE	1	135568152	156879002	1	rn4	2
HOMINIDAE	1	156879002	167719310	-1	rn4	5
HOMINIDAE	1	167719310	222606312	1	rn4	5
HOMINIDAE	1	0	5339015	-1	susScr2	10
HOMINIDAE	1	5339015	19730674	1	susScr2	14
HOMINIDAE	1	19730674	28482062	-1	susScr2	10
HOMINIDAE	1	28482062	38428332	1	susScr2	9
HOMINIDAE	1	38428332	45390044	-1	susScr2	10
HOMINIDAE	1	45390044	50791475	1	susScr2	10
HOMINIDAE	1	50791475	70422180	-1	susScr2	9
HOMINIDAE	1	70422180	99544922	1	susScr2	4
HOMINIDAE	1	99544922	100827223	1	susScr2	4
HOMINIDAE	1	100827223	101558888	-1	susScr2	4
HOMINIDAE	1	101558888	101931493	-1	susScr2	4
HOMINIDAE	1	101931493	141761261	1	susScr2	4
HOMINIDAE	1	141761261	189530792	1	susScr2	6
HOMINIDAE	1	189530792	222606312	-1	susScr2	6
HOMINIDAE	1	0	2249851	-1	bosTau7	7
HOMINIDAE	1	2249851	8398398	1	bosTau7	16
HOMINIDAE	1	8398398	16416773	-1	bosTau7	28
HOMINIDAE	1	16416773	26716902	-1	bosTau7	16
HOMINIDAE	1	26716902	35228077	1	bosTau7	16
HOMINIDAE	1	35228077	39376224	-1	bosTau7	16
HOMINIDAE	1	39376224	43249107	-1	bosTau7	16
HOMINIDAE	1	43249107	57549878	1	bosTau7	16
HOMINIDAE	1	57549878	72205041	-1	bosTau7	16
HOMINIDAE	1	72205041	76823239	-1	bosTau7	16
HOMINIDAE	1	76823239	99544922	1	bosTau7	3
HOMINIDAE	1	99544922	100913954	1	bosTau7	3
HOMINIDAE	1	100913954	101558888	-1	bosTau7	3
HOMINIDAE	1	101558888	152503659	1	bosTau7	3
HOMINIDAE	1	152503659	192948422	1	bosTau7	3
HOMINIDAE	1	192948422	208860473	1	bosTau7	2
HOMINIDAE	1	208860473	211692374	1	bosTau7	16
HOMINIDAE	1	211692374	222606312	1	bosTau7	16
HOMINIDAE	1	0	17613744	1	calJac3	19
HOMINIDAE	1	17613744	19890893	1	calJac3	19
HOMINIDAE	1	19890893	36543103	1	calJac3	19
HOMINIDAE	1	36543103	51732736	-1	calJac3	19
HOMINIDAE	1	51732736	57375608	-1	calJac3	18
HOMINIDAE	1	57375608	85849072	1	calJac3	18
HOMINIDAE	1	85849072	99544922	-1	calJac3	18
HOMINIDAE	1	99544922	100807978	1	calJac3	18
HOMINIDAE	1	100807978	102461069	-1	calJac3	18
HOMINIDAE	1	102461069	222606312	-1	calJac3	7
HOMINIDAE	1	0	7734990	-1	canFam2	7
HOMINIDAE	1	7734990	18177684	1	canFam2	4
HOMINIDAE	1	18177684	21765181	1	canFam2	7
HOMINIDAE	1	21765181	29455350	-1	canFam2	38
HOMINIDAE	1	29455350	39099330	-1	canFam2	7
HOMINIDAE	1	39099330	42750048	-1	canFam2	38
HOMINIDAE	1	42750048	50043330	1	canFam2	7
HOMINIDAE	1	50043330	60377893	1	canFam2	38
HOMINIDAE	1	60377893	68754782	-1	canFam2	7
HOMINIDAE	1	68754782	83337499	1	canFam2	7
HOMINIDAE	1	83337499	91749631	1	canFam2	38
HOMINIDAE	1	91749631	95731117	1	canFam2	7
HOMINIDAE	1	95731117	99544922	-1	canFam2	17
HOMINIDAE	1	99544922	100917592	-1	canFam2	17
HOMINIDAE	1	100917592	101558888	1	canFam2	17
HOMINIDAE	1	101558888	108371431	-1	canFam2	17
HOMINIDAE	1	108371431	110551765	1	canFam2	17
HOMINIDAE	1	110551765	155953741	1	canFam2	6
HOMINIDAE	1	155953741	171880529	1	canFam2	5
HOMINIDAE	1	171880529	182232792	1	canFam2	15
HOMINIDAE	1	182232792	191872671	1	canFam2	15
HOMINIDAE	1	191872671	213514867	1	canFam2	2
HOMINIDAE	1	213514867	222606312	-1	canFam2	5
HOMINIDAE	1	0	2436304	-1	capHir1	7
HOMINIDAE	1	2436304	8693452	1	capHir1	16
HOMINIDAE	1	8693452	20863371	-1	capHir1	28
HOMINIDAE	1	20863371	34309580	-1	capHir1	16
HOMINIDAE	1	34309580	40203173	-1	capHir1	16
HOMINIDAE	1	40203173	44699500	-1	capHir1	16
HOMINIDAE	1	44699500	56149085	1	capHir1	16
HOMINIDAE	1	56149085	71655824	-1	capHir1	16
HOMINIDAE	1	71655824	77594550	-1	capHir1	16
HOMINIDAE	1	77594550	99544922	1	capHir1	3
HOMINIDAE	1	99544922	100941909	1	capHir1	3
HOMINIDAE	1	100941909	101558888	-1	capHir1	3
HOMINIDAE	1	101558888	101931493	-1	capHir1	3
HOMINIDAE	1	101931493	192343353	1	capHir1	3
HOMINIDAE	1	192343353	208676443	1	capHir1	2
HOMINIDAE	1	208676443	211704421	1	capHir1	16
HOMINIDAE	1	211704421	222606312	1	capHir1	16
HOMINIDAE	1	0	5841765	1	equCab2	30
HOMINIDAE	1	5841765	16442090	1	equCab2	1
HOMINIDAE	1	16442090	27000357	1	equCab2	30
HOMINIDAE	1	27000357	36593375	1	equCab2	5
HOMINIDAE	1	36593375	41046999	-1	equCab2	5
HOMINIDAE	1	41046999	58053580	-1	equCab2	30
HOMINIDAE	1	58053580	66642348	-1	equCab2	5
HOMINIDAE	1	66642348	80472247	-1	equCab2	5
HOMINIDAE	1	80472247	99544922	1	equCab2	5
HOMINIDAE	1	99544922	100957202	1	equCab2	5
HOMINIDAE	1	100957202	101558888	-1	equCab2	5
HOMINIDAE	1	101558888	163078420	1	equCab2	5
HOMINIDAE	1	163078420	222606312	1	equCab2	2
HOMINIDAE	1	0	44415040	1	galGal3	3
HOMINIDAE	1	44415040	83991764	1	galGal3	3
HOMINIDAE	1	83991764	99544922	1	galGal3	8
HOMINIDAE	1	99544922	101558888	-1	galGal3	1
HOMINIDAE	1	101931493	106931947	1	galGal3	1
HOMINIDAE	1	106931947	108481929	1	galGal3	1
HOMINIDAE	1	108481929	112405543	-1	galGal3	26
HOMINIDAE	1	112405543	155808825	1	galGal3	8
HOMINIDAE	1	155808825	208414597	-1	galGal3	8
HOMINIDAE	1	208414597	222606312	1	galGal3	21
HOMINIDAE	1	0	101558888	-1	gorGor3	1
HOMINIDAE	1	101558888	101931493	1	gorGor3	1
HOMINIDAE	1	101931493	222606312	-1	gorGor3	1
HOMINIDAE	1	0	101558888	-1	hg19	1
HOMINIDAE	1	101558888	101931493	1	hg19	1
HOMINIDAE	1	101931493	222606312	-1	hg19	1
HOMINIDAE	1	0	6691365	-1	mm10	1
HOMINIDAE	1	6691365	12136504	1	mm10	13
HOMINIDAE	1	12136504	16304620	-1	mm10	8
HOMINIDAE	1	16304620	32614987	1	mm10	1
HOMINIDAE	1	32614987	87857856	1	mm10	1
HOMINIDAE	1	87857856	99544922	1	mm10	3
HOMINIDAE	1	99544922	100894832	1	mm10	3
HOMINIDAE	1	100894832	101558888	-1	mm10	3
HOMINIDAE	1	101558888	129692079	1	mm10	3
HOMINIDAE	1	129692079	150275636	1	mm10	3
HOMINIDAE	1	150275636	160136780	-1	mm10	4
HOMINIDAE	1	160136780	222606312	1	mm10	4
HOMINIDAE	1	0	16189032	1	monDom5	2
HOMINIDAE	1	16189032	19192765	-1	monDom5	2
HOMINIDAE	1	19192765	61682106	-1	monDom5	2
HOMINIDAE	1	61682106	88316056	-1	monDom5	2
HOMINIDAE	1	88316056	91920850	1	monDom5	2
HOMINIDAE	1	91920850	96491840	-1	monDom5	2
HOMINIDAE	1	96491840	99544922	-1	monDom5	2
HOMINIDAE	1	99544922	101063313	-1	monDom5	2
HOMINIDAE	1	101063313	101558888	1	monDom5	2
HOMINIDAE	1	101558888	132209548	-1	monDom5	2
HOMINIDAE	1	132209548	137073787	1	monDom5	2
HOMINIDAE	1	137073787	139547579	-1	monDom5	2
HOMINIDAE	1	139547579	149486544	1	monDom5	2
HOMINIDAE	1	149486544	169538010	1	monDom5	2
HOMINIDAE	1	169538010	178351044	1	monDom5	2
HOMINIDAE	1	178351044	191483166	-1	monDom5	4
HOMINIDAE	1	191483166	196486438	-1	monDom5	4
HOMINIDAE	1	196486438	199522266	-1	monDom5	4
HOMINIDAE	1	199522266	202037434	-1	monDom5	4
HOMINIDAE	1	202037434	207070279	1	monDom5	4
HOMINIDAE	1	207070279	210083172	1	monDom5	4
HOMINIDAE	1	210083172	213331039	1	monDom5	4
HOMINIDAE	1	213331039	222606312	-1	monDom5	4
HOMINIDAE	1	0	6535191	1	oryCun2	16
HOMINIDAE	1	6535191	10320251	-1	oryCun2	16
HOMINIDAE	1	10320251	18224771	1	oryCun2	16
HOMINIDAE	1	18224771	63774877	1	oryCun2	16
HOMINIDAE	1	63774877	73361629	-1	oryCun2	13
HOMINIDAE	1	73361629	75937254	-1	oryCun2	13
HOMINIDAE	1	75937254	99544922	1	oryCun2	13
HOMINIDAE	1	99544922	100842715	1	oryCun2	13
HOMINIDAE	1	100842715	101558888	-1	oryCun2	13
HOMINIDAE	1	101558888	101931493	-1	oryCun2	13
HOMINIDAE	1	101931493	203493167	1	oryCun2	13
HOMINIDAE	1	203493167	209285808	1	oryCun2	13
HOMINIDAE	1	209285808	217785875	1	oryCun2	13
HOMINIDAE	1	217785875	222606312	1	oryCun2	13
HOMINIDAE	1	0	99544922	-1	panTro3	1
HOMINIDAE	1	99544922	101558888	1	panTro3	1
HOMINIDAE	1	101558888	101931493	-1	panTro3	1
HOMINIDAE	1	101931493	112405543	1	panTro3	1
HOMINIDAE	1	112405543	222606312	-1	panTro3	1
HOMINIDAE	1	0	99544922	1	ponAbe2	1
HOMINIDAE	1	99544922	101558888	-1	ponAbe2	1
HOMINIDAE	1	101558888	222606312	1	ponAbe2	1
HOMINIDAE	1	0	20758539	1	rheMac3	1
HOMINIDAE	1	20758539	70420130	1	rheMac3	1
HOMINIDAE	1	70420130	85974835	-1	rheMac3	1
HOMINIDAE	1	85974835	100846098	-1	rheMac3	1
HOMINIDAE	1	100846098	101558888	1	rheMac3	1
HOMINIDAE	1	101558888	222606312	-1	rheMac3	1
HOMINIDAE	1	0	6242086	-1	rn4	13
HOMINIDAE	1	6242086	11745825	-1	rn4	17
HOMINIDAE	1	11745825	15155688	-1	rn4	19
HOMINIDAE	1	15155688	30344462	1	rn4	13
HOMINIDAE	1	30344462	85377601	1	rn4	13
HOMINIDAE	1	85377601	99544922	1	rn4	2
HOMINIDAE	1	99544922	100886532	1	rn4	2
HOMINIDAE	1	100886532	101558888	-1	rn4	2
HOMINIDAE	1	101558888	131336310	1	rn4	2
HOMINIDAE	1	131336310	135568152	1	rn4	14
HOMINIDAE	1	135568152	156879002	1	rn4	2
HOMINIDAE	1	156879002	167719310	-1	rn4	5
HOMINIDAE	1	167719310	222606312	1	rn4	5
HOMINIDAE	1	0	5339015	-1	susScr2	10
HOMINIDAE	1	5339015	19730674	1	susScr2	14
HOMINIDAE	1	19730674	28482062	-1	susScr2	10
HOMINIDAE	1	28482062	38428332	1	susScr2	9
HOMINIDAE	1	38428332	45390044	-1	susScr2	10
HOMINIDAE	1	45390044	50791475	1	susScr2	10
HOMINIDAE	1	50791475	70422180	-1	susScr2	9
HOMINIDAE	1	70422180	99544922	1	susScr2	4
HOMINIDAE	1	99544922	100827223	1	susScr2	4
HOMINIDAE	1	100827223	101558888	-1	susScr2	4
HOMINIDAE	1	101558888	101931493	-1	susScr2	4
HOMINIDAE	1	101931493	141761261	1	susScr2	4
HOMINIDAE	1	141761261	189530792	1	susScr2	6
HOMINIDAE	1	189530792	222606312	-1	susScr2	6
