HOMINIDAE	12	0	46086407	-1	bosTau7	13
HOMINIDAE	12	46086407	76338503	-1	bosTau7	28
HOMINIDAE	12	76338503	84624981	1	bosTau7	26
HOMINIDAE	12	84624981	84684228	-1	bosTau7	26
HOMINIDAE	12	84684228	95325755	1	bosTau7	26
HOMINIDAE	12	95325755	97222750	-1	bosTau7	26
HOMINIDAE	12	97222750	131401332	1	bosTau7	26
HOMINIDAE	12	0	44344684	1	calJac3	7
HOMINIDAE	12	44344684	131401332	1	calJac3	12
HOMINIDAE	12	0	22623245	-1	canFam2	2
HOMINIDAE	12	22623245	34300084	-1	canFam2	2
HOMINIDAE	12	34300084	38981577	-1	canFam2	2
HOMINIDAE	12	38981577	44817171	-1	canFam2	2
HOMINIDAE	12	44817171	48050796	-1	canFam2	28
HOMINIDAE	12	48050796	77663975	-1	canFam2	4
HOMINIDAE	12	77663975	86428758	1	canFam2	26
HOMINIDAE	12	86428758	131401332	1	canFam2	28
HOMINIDAE	12	0	6221332	-1	capHir1	13
HOMINIDAE	12	6221332	16385245	1	capHir1	13
HOMINIDAE	12	16385245	24431897	1	capHir1	13
HOMINIDAE	12	24431897	35045296	1	capHir1	13
HOMINIDAE	12	35045296	40848854	-1	capHir1	13
HOMINIDAE	12	40848854	43951238	-1	capHir1	13
HOMINIDAE	12	43951238	45712578	1	capHir1	13
HOMINIDAE	12	45712578	76862042	-1	capHir1	28
HOMINIDAE	12	76862042	131401332	1	capHir1	26
HOMINIDAE	12	0	44937941	-1	equCab2	29
HOMINIDAE	12	44937941	48050796	-1	equCab2	1
HOMINIDAE	12	48050796	54662993	1	equCab2	1
HOMINIDAE	12	54662993	131401332	-1	equCab2	1
HOMINIDAE	12	0	7488574	1	galGal3	2
HOMINIDAE	12	7488574	22232751	1	galGal3	1
HOMINIDAE	12	22232751	48050796	-1	galGal3	2
HOMINIDAE	12	48050796	53135595	-1	galGal3	6
HOMINIDAE	12	53135595	72496029	1	galGal3	6
HOMINIDAE	12	72496029	84624981	1	galGal3	6
HOMINIDAE	12	85023110	86428758	-1	galGal3	6
HOMINIDAE	12	86428758	89797783	-1	galGal3	6
HOMINIDAE	12	89797783	131401332	1	galGal3	6
HOMINIDAE	12	0	48050796	1	gorGor3	10
HOMINIDAE	12	48050796	84624981	-1	gorGor3	10
HOMINIDAE	12	84624981	85023110	1	gorGor3	10
HOMINIDAE	12	85023110	131401332	1	gorGor3	10
HOMINIDAE	12	0	48050796	1	hg19	10
HOMINIDAE	12	48050796	84624981	-1	hg19	10
HOMINIDAE	12	84624981	85023110	1	hg19	10
HOMINIDAE	12	85023110	131401332	1	hg19	10
HOMINIDAE	12	0	8629092	-1	mm10	13
HOMINIDAE	12	8629092	20584881	-1	mm10	2
HOMINIDAE	12	20584881	35750722	1	mm10	2
HOMINIDAE	12	35750722	37402516	1	mm10	18
HOMINIDAE	12	37402516	38739047	-1	mm10	18
HOMINIDAE	12	38739047	40811374	1	mm10	18
HOMINIDAE	12	40811374	43149786	-1	mm10	8
HOMINIDAE	12	43149786	45087415	-1	mm10	18
HOMINIDAE	12	45087415	48050796	-1	mm10	6
HOMINIDAE	12	48050796	56544085	1	mm10	14
HOMINIDAE	12	56544085	63328626	-1	mm10	14
HOMINIDAE	12	63328626	82433542	1	mm10	10
HOMINIDAE	12	82433542	117664871	1	mm10	19
HOMINIDAE	12	117664871	131401332	1	mm10	7
HOMINIDAE	12	0	8156965	1	monDom5	8
HOMINIDAE	12	8156965	20729425	1	monDom5	8
HOMINIDAE	12	20729425	37110244	-1	monDom5	8
HOMINIDAE	12	37110244	38416276	1	monDom5	8
HOMINIDAE	12	38416276	45433809	-1	monDom5	8
HOMINIDAE	12	45433809	48050796	-1	monDom5	1
HOMINIDAE	12	48050796	50928727	1	monDom5	1
HOMINIDAE	12	50928727	55365952	-1	monDom5	1
HOMINIDAE	12	55365952	57312740	1	monDom5	1
HOMINIDAE	12	57312740	65101132	-1	monDom5	1
HOMINIDAE	12	65101132	66129563	-1	monDom5	1
HOMINIDAE	12	66129563	67259435	-1	monDom5	1
HOMINIDAE	12	67259435	75626130	1	monDom5	1
HOMINIDAE	12	75626130	77409133	-1	monDom5	1
HOMINIDAE	12	77409133	80972815	-1	monDom5	1
HOMINIDAE	12	80972815	82880971	1	monDom5	1
HOMINIDAE	12	82880971	86428758	-1	monDom5	1
HOMINIDAE	12	86428758	97164408	-1	monDom5	1
HOMINIDAE	12	97164408	101347533	-1	monDom5	1
HOMINIDAE	12	101347533	105883254	-1	monDom5	1
HOMINIDAE	12	105883254	106776396	1	monDom5	1
HOMINIDAE	12	106776396	125081513	-1	monDom5	1
HOMINIDAE	12	125081513	127063433	1	monDom5	1
HOMINIDAE	12	127063433	128784416	1	monDom5	1
HOMINIDAE	12	128784416	131401332	1	monDom5	1
HOMINIDAE	12	0	20190233	1	oryCun2	16
HOMINIDAE	12	20190233	37441105	-1	oryCun2	16
HOMINIDAE	12	37441105	44395355	1	oryCun2	16
HOMINIDAE	12	44395355	48050796	-1	oryCun2	16
HOMINIDAE	12	48050796	50500701	-1	oryCun2	18
HOMINIDAE	12	50500701	131401332	1	oryCun2	18
HOMINIDAE	12	0	48050796	1	panTro3	10
HOMINIDAE	12	48050796	84624981	-1	panTro3	10
HOMINIDAE	12	84624981	85023110	1	panTro3	10
HOMINIDAE	12	85023110	131401332	1	panTro3	10
HOMINIDAE	12	0	84624981	1	ponAbe2	10
HOMINIDAE	12	84624981	86428758	-1	ponAbe2	10
HOMINIDAE	12	86428758	131401332	1	ponAbe2	10
HOMINIDAE	12	0	131401332	1	rheMac3	9
HOMINIDAE	12	0	35452990	1	rn4	17
HOMINIDAE	12	35452990	37040754	1	rn4	17
HOMINIDAE	12	37040754	38707063	1	rn4	17
HOMINIDAE	12	38707063	40573448	-1	rn4	17
HOMINIDAE	12	40573448	42761673	-1	rn4	19
HOMINIDAE	12	42761673	44806453	-1	rn4	17
HOMINIDAE	12	44806453	48050796	-1	rn4	4
HOMINIDAE	12	48050796	57218219	1	rn4	16
HOMINIDAE	12	57218219	58871849	-1	rn4	16
HOMINIDAE	12	58871849	63827180	1	rn4	15
HOMINIDAE	12	63827180	67275800	1	rn4	20
HOMINIDAE	12	67275800	69487522	1	rn4	20
HOMINIDAE	12	69487522	82188876	-1	rn4	20
HOMINIDAE	12	82188876	96175165	1	rn4	1
HOMINIDAE	12	96175165	98112916	-1	rn4	1
HOMINIDAE	12	98112916	117938320	1	rn4	1
HOMINIDAE	12	117938320	131401332	1	rn4	1
HOMINIDAE	12	0	15556090	-1	susScr2	10
HOMINIDAE	12	15556090	20982470	-1	susScr2	10
HOMINIDAE	12	20982470	24370434	1	susScr2	10
HOMINIDAE	12	24370434	33293484	-1	susScr2	10
HOMINIDAE	12	33293484	35389675	1	susScr2	10
HOMINIDAE	12	35389675	38654767	1	susScr2	10
HOMINIDAE	12	38654767	44059807	1	susScr2	10
HOMINIDAE	12	44059807	77233851	-1	susScr2	14
HOMINIDAE	12	77233851	84741778	1	susScr2	14
HOMINIDAE	12	84741778	85023110	-1	susScr2	14
HOMINIDAE	12	85023110	131401332	1	susScr2	14
HOMINIDAE	12	0	46086407	-1	bosTau7	13
HOMINIDAE	12	46086407	76338503	-1	bosTau7	28
HOMINIDAE	12	76338503	84624981	1	bosTau7	26
HOMINIDAE	12	84624981	84684228	-1	bosTau7	26
HOMINIDAE	12	84684228	95325755	1	bosTau7	26
HOMINIDAE	12	95325755	97222750	-1	bosTau7	26
HOMINIDAE	12	97222750	131401332	1	bosTau7	26
HOMINIDAE	12	0	44344684	1	calJac3	7
HOMINIDAE	12	44344684	131401332	1	calJac3	12
HOMINIDAE	12	0	22623245	-1	canFam2	2
HOMINIDAE	12	22623245	34300084	-1	canFam2	2
HOMINIDAE	12	34300084	38981577	-1	canFam2	2
HOMINIDAE	12	38981577	44817171	-1	canFam2	2
HOMINIDAE	12	44817171	48050796	-1	canFam2	28
HOMINIDAE	12	48050796	77663975	-1	canFam2	4
HOMINIDAE	12	77663975	86428758	1	canFam2	26
HOMINIDAE	12	86428758	131401332	1	canFam2	28
HOMINIDAE	12	0	6221332	-1	capHir1	13
HOMINIDAE	12	6221332	16385245	1	capHir1	13
HOMINIDAE	12	16385245	24431897	1	capHir1	13
HOMINIDAE	12	24431897	35045296	1	capHir1	13
HOMINIDAE	12	35045296	40848854	-1	capHir1	13
HOMINIDAE	12	40848854	43951238	-1	capHir1	13
HOMINIDAE	12	43951238	45712578	1	capHir1	13
HOMINIDAE	12	45712578	76862042	-1	capHir1	28
HOMINIDAE	12	76862042	131401332	1	capHir1	26
HOMINIDAE	12	0	44937941	-1	equCab2	29
HOMINIDAE	12	44937941	48050796	-1	equCab2	1
HOMINIDAE	12	48050796	54662993	1	equCab2	1
HOMINIDAE	12	54662993	131401332	-1	equCab2	1
HOMINIDAE	12	0	7488574	1	galGal3	2
HOMINIDAE	12	7488574	22232751	1	galGal3	1
HOMINIDAE	12	22232751	48050796	-1	galGal3	2
HOMINIDAE	12	48050796	53135595	-1	galGal3	6
HOMINIDAE	12	53135595	72496029	1	galGal3	6
HOMINIDAE	12	72496029	84624981	1	galGal3	6
HOMINIDAE	12	85023110	86428758	-1	galGal3	6
HOMINIDAE	12	86428758	89797783	-1	galGal3	6
HOMINIDAE	12	89797783	131401332	1	galGal3	6
HOMINIDAE	12	0	48050796	1	gorGor3	10
HOMINIDAE	12	48050796	84624981	-1	gorGor3	10
HOMINIDAE	12	84624981	85023110	1	gorGor3	10
HOMINIDAE	12	85023110	131401332	1	gorGor3	10
HOMINIDAE	12	0	48050796	1	hg19	10
HOMINIDAE	12	48050796	84624981	-1	hg19	10
HOMINIDAE	12	84624981	85023110	1	hg19	10
HOMINIDAE	12	85023110	131401332	1	hg19	10
HOMINIDAE	12	0	8629092	-1	mm10	13
HOMINIDAE	12	8629092	20584881	-1	mm10	2
HOMINIDAE	12	20584881	35750722	1	mm10	2
HOMINIDAE	12	35750722	37402516	1	mm10	18
HOMINIDAE	12	37402516	38739047	-1	mm10	18
HOMINIDAE	12	38739047	40811374	1	mm10	18
HOMINIDAE	12	40811374	43149786	-1	mm10	8
HOMINIDAE	12	43149786	45087415	-1	mm10	18
HOMINIDAE	12	45087415	48050796	-1	mm10	6
HOMINIDAE	12	48050796	56544085	1	mm10	14
HOMINIDAE	12	56544085	63328626	-1	mm10	14
HOMINIDAE	12	63328626	82433542	1	mm10	10
HOMINIDAE	12	82433542	117664871	1	mm10	19
HOMINIDAE	12	117664871	131401332	1	mm10	7
HOMINIDAE	12	0	8156965	1	monDom5	8
HOMINIDAE	12	8156965	20729425	1	monDom5	8
HOMINIDAE	12	20729425	37110244	-1	monDom5	8
HOMINIDAE	12	37110244	38416276	1	monDom5	8
HOMINIDAE	12	38416276	45433809	-1	monDom5	8
HOMINIDAE	12	45433809	48050796	-1	monDom5	1
HOMINIDAE	12	48050796	50928727	1	monDom5	1
HOMINIDAE	12	50928727	55365952	-1	monDom5	1
HOMINIDAE	12	55365952	57312740	1	monDom5	1
HOMINIDAE	12	57312740	65101132	-1	monDom5	1
HOMINIDAE	12	65101132	66129563	-1	monDom5	1
HOMINIDAE	12	66129563	67259435	-1	monDom5	1
HOMINIDAE	12	67259435	75626130	1	monDom5	1
HOMINIDAE	12	75626130	77409133	-1	monDom5	1
HOMINIDAE	12	77409133	80972815	-1	monDom5	1
HOMINIDAE	12	80972815	82880971	1	monDom5	1
HOMINIDAE	12	82880971	86428758	-1	monDom5	1
HOMINIDAE	12	86428758	97164408	-1	monDom5	1
HOMINIDAE	12	97164408	101347533	-1	monDom5	1
HOMINIDAE	12	101347533	105883254	-1	monDom5	1
HOMINIDAE	12	105883254	106776396	1	monDom5	1
HOMINIDAE	12	106776396	125081513	-1	monDom5	1
HOMINIDAE	12	125081513	127063433	1	monDom5	1
HOMINIDAE	12	127063433	128784416	1	monDom5	1
HOMINIDAE	12	128784416	131401332	1	monDom5	1
HOMINIDAE	12	0	20190233	1	oryCun2	16
HOMINIDAE	12	20190233	37441105	-1	oryCun2	16
HOMINIDAE	12	37441105	44395355	1	oryCun2	16
HOMINIDAE	12	44395355	48050796	-1	oryCun2	16
HOMINIDAE	12	48050796	50500701	-1	oryCun2	18
HOMINIDAE	12	50500701	131401332	1	oryCun2	18
HOMINIDAE	12	0	48050796	1	panTro3	10
HOMINIDAE	12	48050796	84624981	-1	panTro3	10
HOMINIDAE	12	84624981	85023110	1	panTro3	10
HOMINIDAE	12	85023110	131401332	1	panTro3	10
HOMINIDAE	12	0	84624981	1	ponAbe2	10
HOMINIDAE	12	84624981	86428758	-1	ponAbe2	10
HOMINIDAE	12	86428758	131401332	1	ponAbe2	10
HOMINIDAE	12	0	131401332	1	rheMac3	9
HOMINIDAE	12	0	35452990	1	rn4	17
HOMINIDAE	12	35452990	37040754	1	rn4	17
HOMINIDAE	12	37040754	38707063	1	rn4	17
HOMINIDAE	12	38707063	40573448	-1	rn4	17
HOMINIDAE	12	40573448	42761673	-1	rn4	19
HOMINIDAE	12	42761673	44806453	-1	rn4	17
HOMINIDAE	12	44806453	48050796	-1	rn4	4
HOMINIDAE	12	48050796	57218219	1	rn4	16
HOMINIDAE	12	57218219	58871849	-1	rn4	16
HOMINIDAE	12	58871849	63827180	1	rn4	15
HOMINIDAE	12	63827180	67275800	1	rn4	20
HOMINIDAE	12	67275800	69487522	1	rn4	20
HOMINIDAE	12	69487522	82188876	-1	rn4	20
HOMINIDAE	12	82188876	96175165	1	rn4	1
HOMINIDAE	12	96175165	98112916	-1	rn4	1
HOMINIDAE	12	98112916	117938320	1	rn4	1
HOMINIDAE	12	117938320	131401332	1	rn4	1
HOMINIDAE	12	0	15556090	-1	susScr2	10
HOMINIDAE	12	15556090	20982470	-1	susScr2	10
HOMINIDAE	12	20982470	24370434	1	susScr2	10
HOMINIDAE	12	24370434	33293484	-1	susScr2	10
HOMINIDAE	12	33293484	35389675	1	susScr2	10
HOMINIDAE	12	35389675	38654767	1	susScr2	10
HOMINIDAE	12	38654767	44059807	1	susScr2	10
HOMINIDAE	12	44059807	77233851	-1	susScr2	14
HOMINIDAE	12	77233851	84741778	1	susScr2	14
HOMINIDAE	12	84741778	85023110	-1	susScr2	14
HOMINIDAE	12	85023110	131401332	1	susScr2	14
HOMINIDAE	12	0	46086407	-1	bosTau7	13
HOMINIDAE	12	46086407	76338503	-1	bosTau7	28
HOMINIDAE	12	76338503	84624981	1	bosTau7	26
HOMINIDAE	12	84624981	84684228	-1	bosTau7	26
HOMINIDAE	12	84684228	95325755	1	bosTau7	26
HOMINIDAE	12	95325755	97222750	-1	bosTau7	26
HOMINIDAE	12	97222750	131401332	1	bosTau7	26
HOMINIDAE	12	0	44344684	1	calJac3	7
HOMINIDAE	12	44344684	131401332	1	calJac3	12
HOMINIDAE	12	0	22623245	-1	canFam2	2
HOMINIDAE	12	22623245	34300084	-1	canFam2	2
HOMINIDAE	12	34300084	38981577	-1	canFam2	2
HOMINIDAE	12	38981577	44817171	-1	canFam2	2
HOMINIDAE	12	44817171	48050796	-1	canFam2	28
HOMINIDAE	12	48050796	77663975	-1	canFam2	4
HOMINIDAE	12	77663975	86428758	1	canFam2	26
HOMINIDAE	12	86428758	131401332	1	canFam2	28
HOMINIDAE	12	0	6221332	-1	capHir1	13
HOMINIDAE	12	6221332	16385245	1	capHir1	13
HOMINIDAE	12	16385245	24431897	1	capHir1	13
HOMINIDAE	12	24431897	35045296	1	capHir1	13
HOMINIDAE	12	35045296	40848854	-1	capHir1	13
HOMINIDAE	12	40848854	43951238	-1	capHir1	13
HOMINIDAE	12	43951238	45712578	1	capHir1	13
HOMINIDAE	12	45712578	76862042	-1	capHir1	28
HOMINIDAE	12	76862042	131401332	1	capHir1	26
HOMINIDAE	12	0	44937941	-1	equCab2	29
HOMINIDAE	12	44937941	48050796	-1	equCab2	1
HOMINIDAE	12	48050796	54662993	1	equCab2	1
HOMINIDAE	12	54662993	131401332	-1	equCab2	1
HOMINIDAE	12	0	7488574	1	galGal3	2
HOMINIDAE	12	7488574	22232751	1	galGal3	1
HOMINIDAE	12	22232751	48050796	-1	galGal3	2
HOMINIDAE	12	48050796	53135595	-1	galGal3	6
HOMINIDAE	12	53135595	72496029	1	galGal3	6
HOMINIDAE	12	72496029	84624981	1	galGal3	6
HOMINIDAE	12	85023110	86428758	-1	galGal3	6
HOMINIDAE	12	86428758	89797783	-1	galGal3	6
HOMINIDAE	12	89797783	131401332	1	galGal3	6
HOMINIDAE	12	0	48050796	1	gorGor3	10
HOMINIDAE	12	48050796	84624981	-1	gorGor3	10
HOMINIDAE	12	84624981	85023110	1	gorGor3	10
HOMINIDAE	12	85023110	131401332	1	gorGor3	10
HOMINIDAE	12	0	48050796	1	hg19	10
HOMINIDAE	12	48050796	84624981	-1	hg19	10
HOMINIDAE	12	84624981	85023110	1	hg19	10
HOMINIDAE	12	85023110	131401332	1	hg19	10
HOMINIDAE	12	0	8629092	-1	mm10	13
HOMINIDAE	12	8629092	20584881	-1	mm10	2
HOMINIDAE	12	20584881	35750722	1	mm10	2
HOMINIDAE	12	35750722	37402516	1	mm10	18
HOMINIDAE	12	37402516	38739047	-1	mm10	18
HOMINIDAE	12	38739047	40811374	1	mm10	18
HOMINIDAE	12	40811374	43149786	-1	mm10	8
HOMINIDAE	12	43149786	45087415	-1	mm10	18
HOMINIDAE	12	45087415	48050796	-1	mm10	6
HOMINIDAE	12	48050796	56544085	1	mm10	14
HOMINIDAE	12	56544085	63328626	-1	mm10	14
HOMINIDAE	12	63328626	82433542	1	mm10	10
HOMINIDAE	12	82433542	117664871	1	mm10	19
HOMINIDAE	12	117664871	131401332	1	mm10	7
HOMINIDAE	12	0	8156965	1	monDom5	8
HOMINIDAE	12	8156965	20729425	1	monDom5	8
HOMINIDAE	12	20729425	37110244	-1	monDom5	8
HOMINIDAE	12	37110244	38416276	1	monDom5	8
HOMINIDAE	12	38416276	45433809	-1	monDom5	8
HOMINIDAE	12	45433809	48050796	-1	monDom5	1
HOMINIDAE	12	48050796	50928727	1	monDom5	1
HOMINIDAE	12	50928727	55365952	-1	monDom5	1
HOMINIDAE	12	55365952	57312740	1	monDom5	1
HOMINIDAE	12	57312740	65101132	-1	monDom5	1
HOMINIDAE	12	65101132	66129563	-1	monDom5	1
HOMINIDAE	12	66129563	67259435	-1	monDom5	1
HOMINIDAE	12	67259435	75626130	1	monDom5	1
HOMINIDAE	12	75626130	77409133	-1	monDom5	1
HOMINIDAE	12	77409133	80972815	-1	monDom5	1
HOMINIDAE	12	80972815	82880971	1	monDom5	1
HOMINIDAE	12	82880971	86428758	-1	monDom5	1
HOMINIDAE	12	86428758	97164408	-1	monDom5	1
HOMINIDAE	12	97164408	101347533	-1	monDom5	1
HOMINIDAE	12	101347533	105883254	-1	monDom5	1
HOMINIDAE	12	105883254	106776396	1	monDom5	1
HOMINIDAE	12	106776396	125081513	-1	monDom5	1
HOMINIDAE	12	125081513	127063433	1	monDom5	1
HOMINIDAE	12	127063433	128784416	1	monDom5	1
HOMINIDAE	12	128784416	131401332	1	monDom5	1
HOMINIDAE	12	0	20190233	1	oryCun2	16
HOMINIDAE	12	20190233	37441105	-1	oryCun2	16
HOMINIDAE	12	37441105	44395355	1	oryCun2	16
HOMINIDAE	12	44395355	48050796	-1	oryCun2	16
HOMINIDAE	12	48050796	50500701	-1	oryCun2	18
HOMINIDAE	12	50500701	131401332	1	oryCun2	18
HOMINIDAE	12	0	48050796	1	panTro3	10
HOMINIDAE	12	48050796	84624981	-1	panTro3	10
HOMINIDAE	12	84624981	85023110	1	panTro3	10
HOMINIDAE	12	85023110	131401332	1	panTro3	10
HOMINIDAE	12	0	84624981	1	ponAbe2	10
HOMINIDAE	12	84624981	86428758	-1	ponAbe2	10
HOMINIDAE	12	86428758	131401332	1	ponAbe2	10
HOMINIDAE	12	0	131401332	1	rheMac3	9
HOMINIDAE	12	0	35452990	1	rn4	17
HOMINIDAE	12	35452990	37040754	1	rn4	17
HOMINIDAE	12	37040754	38707063	1	rn4	17
HOMINIDAE	12	38707063	40573448	-1	rn4	17
HOMINIDAE	12	40573448	42761673	-1	rn4	19
HOMINIDAE	12	42761673	44806453	-1	rn4	17
HOMINIDAE	12	44806453	48050796	-1	rn4	4
HOMINIDAE	12	48050796	57218219	1	rn4	16
HOMINIDAE	12	57218219	58871849	-1	rn4	16
HOMINIDAE	12	58871849	63827180	1	rn4	15
HOMINIDAE	12	63827180	67275800	1	rn4	20
HOMINIDAE	12	67275800	69487522	1	rn4	20
HOMINIDAE	12	69487522	82188876	-1	rn4	20
HOMINIDAE	12	82188876	96175165	1	rn4	1
HOMINIDAE	12	96175165	98112916	-1	rn4	1
HOMINIDAE	12	98112916	117938320	1	rn4	1
HOMINIDAE	12	117938320	131401332	1	rn4	1
HOMINIDAE	12	0	15556090	-1	susScr2	10
HOMINIDAE	12	15556090	20982470	-1	susScr2	10
HOMINIDAE	12	20982470	24370434	1	susScr2	10
HOMINIDAE	12	24370434	33293484	-1	susScr2	10
HOMINIDAE	12	33293484	35389675	1	susScr2	10
HOMINIDAE	12	35389675	38654767	1	susScr2	10
HOMINIDAE	12	38654767	44059807	1	susScr2	10
HOMINIDAE	12	44059807	77233851	-1	susScr2	14
HOMINIDAE	12	77233851	84741778	1	susScr2	14
HOMINIDAE	12	84741778	85023110	-1	susScr2	14
HOMINIDAE	12	85023110	131401332	1	susScr2	14
HOMINIDAE	12	0	46086407	-1	bosTau7	13
HOMINIDAE	12	46086407	76338503	-1	bosTau7	28
HOMINIDAE	12	76338503	84624981	1	bosTau7	26
HOMINIDAE	12	84624981	84684228	-1	bosTau7	26
HOMINIDAE	12	84684228	95325755	1	bosTau7	26
HOMINIDAE	12	95325755	97222750	-1	bosTau7	26
HOMINIDAE	12	97222750	131401332	1	bosTau7	26
HOMINIDAE	12	0	44344684	1	calJac3	7
HOMINIDAE	12	44344684	131401332	1	calJac3	12
HOMINIDAE	12	0	22623245	-1	canFam2	2
HOMINIDAE	12	22623245	34300084	-1	canFam2	2
HOMINIDAE	12	34300084	38981577	-1	canFam2	2
HOMINIDAE	12	38981577	44817171	-1	canFam2	2
HOMINIDAE	12	44817171	48050796	-1	canFam2	28
HOMINIDAE	12	48050796	77663975	-1	canFam2	4
HOMINIDAE	12	77663975	86428758	1	canFam2	26
HOMINIDAE	12	86428758	131401332	1	canFam2	28
HOMINIDAE	12	0	6221332	-1	capHir1	13
HOMINIDAE	12	6221332	16385245	1	capHir1	13
HOMINIDAE	12	16385245	24431897	1	capHir1	13
HOMINIDAE	12	24431897	35045296	1	capHir1	13
HOMINIDAE	12	35045296	40848854	-1	capHir1	13
HOMINIDAE	12	40848854	43951238	-1	capHir1	13
HOMINIDAE	12	43951238	45712578	1	capHir1	13
HOMINIDAE	12	45712578	76862042	-1	capHir1	28
HOMINIDAE	12	76862042	131401332	1	capHir1	26
HOMINIDAE	12	0	44937941	-1	equCab2	29
HOMINIDAE	12	44937941	48050796	-1	equCab2	1
HOMINIDAE	12	48050796	54662993	1	equCab2	1
HOMINIDAE	12	54662993	131401332	-1	equCab2	1
HOMINIDAE	12	0	7488574	1	galGal3	2
HOMINIDAE	12	7488574	22232751	1	galGal3	1
HOMINIDAE	12	22232751	48050796	-1	galGal3	2
HOMINIDAE	12	48050796	53135595	-1	galGal3	6
HOMINIDAE	12	53135595	72496029	1	galGal3	6
HOMINIDAE	12	72496029	84624981	1	galGal3	6
HOMINIDAE	12	85023110	86428758	-1	galGal3	6
HOMINIDAE	12	86428758	89797783	-1	galGal3	6
HOMINIDAE	12	89797783	131401332	1	galGal3	6
HOMINIDAE	12	0	48050796	1	gorGor3	10
HOMINIDAE	12	48050796	84624981	-1	gorGor3	10
HOMINIDAE	12	84624981	85023110	1	gorGor3	10
HOMINIDAE	12	85023110	131401332	1	gorGor3	10
HOMINIDAE	12	0	48050796	1	hg19	10
HOMINIDAE	12	48050796	84624981	-1	hg19	10
HOMINIDAE	12	84624981	85023110	1	hg19	10
HOMINIDAE	12	85023110	131401332	1	hg19	10
HOMINIDAE	12	0	8629092	-1	mm10	13
HOMINIDAE	12	8629092	20584881	-1	mm10	2
HOMINIDAE	12	20584881	35750722	1	mm10	2
HOMINIDAE	12	35750722	37402516	1	mm10	18
HOMINIDAE	12	37402516	38739047	-1	mm10	18
HOMINIDAE	12	38739047	40811374	1	mm10	18
HOMINIDAE	12	40811374	43149786	-1	mm10	8
HOMINIDAE	12	43149786	45087415	-1	mm10	18
HOMINIDAE	12	45087415	48050796	-1	mm10	6
HOMINIDAE	12	48050796	56544085	1	mm10	14
HOMINIDAE	12	56544085	63328626	-1	mm10	14
HOMINIDAE	12	63328626	82433542	1	mm10	10
HOMINIDAE	12	82433542	117664871	1	mm10	19
HOMINIDAE	12	117664871	131401332	1	mm10	7
HOMINIDAE	12	0	8156965	1	monDom5	8
HOMINIDAE	12	8156965	20729425	1	monDom5	8
HOMINIDAE	12	20729425	37110244	-1	monDom5	8
HOMINIDAE	12	37110244	38416276	1	monDom5	8
HOMINIDAE	12	38416276	45433809	-1	monDom5	8
HOMINIDAE	12	45433809	48050796	-1	monDom5	1
HOMINIDAE	12	48050796	50928727	1	monDom5	1
HOMINIDAE	12	50928727	55365952	-1	monDom5	1
HOMINIDAE	12	55365952	57312740	1	monDom5	1
HOMINIDAE	12	57312740	65101132	-1	monDom5	1
HOMINIDAE	12	65101132	66129563	-1	monDom5	1
HOMINIDAE	12	66129563	67259435	-1	monDom5	1
HOMINIDAE	12	67259435	75626130	1	monDom5	1
HOMINIDAE	12	75626130	77409133	-1	monDom5	1
HOMINIDAE	12	77409133	80972815	-1	monDom5	1
HOMINIDAE	12	80972815	82880971	1	monDom5	1
HOMINIDAE	12	82880971	86428758	-1	monDom5	1
HOMINIDAE	12	86428758	97164408	-1	monDom5	1
HOMINIDAE	12	97164408	101347533	-1	monDom5	1
HOMINIDAE	12	101347533	105883254	-1	monDom5	1
HOMINIDAE	12	105883254	106776396	1	monDom5	1
HOMINIDAE	12	106776396	125081513	-1	monDom5	1
HOMINIDAE	12	125081513	127063433	1	monDom5	1
HOMINIDAE	12	127063433	128784416	1	monDom5	1
HOMINIDAE	12	128784416	131401332	1	monDom5	1
HOMINIDAE	12	0	20190233	1	oryCun2	16
HOMINIDAE	12	20190233	37441105	-1	oryCun2	16
HOMINIDAE	12	37441105	44395355	1	oryCun2	16
HOMINIDAE	12	44395355	48050796	-1	oryCun2	16
HOMINIDAE	12	48050796	50500701	-1	oryCun2	18
HOMINIDAE	12	50500701	131401332	1	oryCun2	18
HOMINIDAE	12	0	48050796	1	panTro3	10
HOMINIDAE	12	48050796	84624981	-1	panTro3	10
HOMINIDAE	12	84624981	85023110	1	panTro3	10
HOMINIDAE	12	85023110	131401332	1	panTro3	10
HOMINIDAE	12	0	84624981	1	ponAbe2	10
HOMINIDAE	12	84624981	86428758	-1	ponAbe2	10
HOMINIDAE	12	86428758	131401332	1	ponAbe2	10
HOMINIDAE	12	0	131401332	1	rheMac3	9
HOMINIDAE	12	0	35452990	1	rn4	17
HOMINIDAE	12	35452990	37040754	1	rn4	17
HOMINIDAE	12	37040754	38707063	1	rn4	17
HOMINIDAE	12	38707063	40573448	-1	rn4	17
HOMINIDAE	12	40573448	42761673	-1	rn4	19
HOMINIDAE	12	42761673	44806453	-1	rn4	17
HOMINIDAE	12	44806453	48050796	-1	rn4	4
HOMINIDAE	12	48050796	57218219	1	rn4	16
HOMINIDAE	12	57218219	58871849	-1	rn4	16
HOMINIDAE	12	58871849	63827180	1	rn4	15
HOMINIDAE	12	63827180	67275800	1	rn4	20
HOMINIDAE	12	67275800	69487522	1	rn4	20
HOMINIDAE	12	69487522	82188876	-1	rn4	20
HOMINIDAE	12	82188876	96175165	1	rn4	1
HOMINIDAE	12	96175165	98112916	-1	rn4	1
HOMINIDAE	12	98112916	117938320	1	rn4	1
HOMINIDAE	12	117938320	131401332	1	rn4	1
HOMINIDAE	12	0	15556090	-1	susScr2	10
HOMINIDAE	12	15556090	20982470	-1	susScr2	10
HOMINIDAE	12	20982470	24370434	1	susScr2	10
HOMINIDAE	12	24370434	33293484	-1	susScr2	10
HOMINIDAE	12	33293484	35389675	1	susScr2	10
HOMINIDAE	12	35389675	38654767	1	susScr2	10
HOMINIDAE	12	38654767	44059807	1	susScr2	10
HOMINIDAE	12	44059807	77233851	-1	susScr2	14
HOMINIDAE	12	77233851	84741778	1	susScr2	14
HOMINIDAE	12	84741778	85023110	-1	susScr2	14
HOMINIDAE	12	85023110	131401332	1	susScr2	14
HOMINIDAE	12	0	46086407	-1	bosTau7	13
HOMINIDAE	12	46086407	76338503	-1	bosTau7	28
HOMINIDAE	12	76338503	84624981	1	bosTau7	26
HOMINIDAE	12	84624981	84684228	-1	bosTau7	26
HOMINIDAE	12	84684228	95325755	1	bosTau7	26
HOMINIDAE	12	95325755	97222750	-1	bosTau7	26
HOMINIDAE	12	97222750	131401332	1	bosTau7	26
HOMINIDAE	12	0	44344684	1	calJac3	7
HOMINIDAE	12	44344684	131401332	1	calJac3	12
HOMINIDAE	12	0	22623245	-1	canFam2	2
HOMINIDAE	12	22623245	34300084	-1	canFam2	2
HOMINIDAE	12	34300084	38981577	-1	canFam2	2
HOMINIDAE	12	38981577	44817171	-1	canFam2	2
HOMINIDAE	12	44817171	48050796	-1	canFam2	28
HOMINIDAE	12	48050796	77663975	-1	canFam2	4
HOMINIDAE	12	77663975	86428758	1	canFam2	26
HOMINIDAE	12	86428758	131401332	1	canFam2	28
HOMINIDAE	12	0	6221332	-1	capHir1	13
HOMINIDAE	12	6221332	16385245	1	capHir1	13
HOMINIDAE	12	16385245	24431897	1	capHir1	13
HOMINIDAE	12	24431897	35045296	1	capHir1	13
HOMINIDAE	12	35045296	40848854	-1	capHir1	13
HOMINIDAE	12	40848854	43951238	-1	capHir1	13
HOMINIDAE	12	43951238	45712578	1	capHir1	13
HOMINIDAE	12	45712578	76862042	-1	capHir1	28
HOMINIDAE	12	76862042	131401332	1	capHir1	26
HOMINIDAE	12	0	44937941	-1	equCab2	29
HOMINIDAE	12	44937941	48050796	-1	equCab2	1
HOMINIDAE	12	48050796	54662993	1	equCab2	1
HOMINIDAE	12	54662993	131401332	-1	equCab2	1
HOMINIDAE	12	0	7488574	1	galGal3	2
HOMINIDAE	12	7488574	22232751	1	galGal3	1
HOMINIDAE	12	22232751	48050796	-1	galGal3	2
HOMINIDAE	12	48050796	53135595	-1	galGal3	6
HOMINIDAE	12	53135595	72496029	1	galGal3	6
HOMINIDAE	12	72496029	84624981	1	galGal3	6
HOMINIDAE	12	85023110	86428758	-1	galGal3	6
HOMINIDAE	12	86428758	89797783	-1	galGal3	6
HOMINIDAE	12	89797783	131401332	1	galGal3	6
HOMINIDAE	12	0	48050796	1	gorGor3	10
HOMINIDAE	12	48050796	84624981	-1	gorGor3	10
HOMINIDAE	12	84624981	85023110	1	gorGor3	10
HOMINIDAE	12	85023110	131401332	1	gorGor3	10
HOMINIDAE	12	0	48050796	1	hg19	10
HOMINIDAE	12	48050796	84624981	-1	hg19	10
HOMINIDAE	12	84624981	85023110	1	hg19	10
HOMINIDAE	12	85023110	131401332	1	hg19	10
HOMINIDAE	12	0	8629092	-1	mm10	13
HOMINIDAE	12	8629092	20584881	-1	mm10	2
HOMINIDAE	12	20584881	35750722	1	mm10	2
HOMINIDAE	12	35750722	37402516	1	mm10	18
HOMINIDAE	12	37402516	38739047	-1	mm10	18
HOMINIDAE	12	38739047	40811374	1	mm10	18
HOMINIDAE	12	40811374	43149786	-1	mm10	8
HOMINIDAE	12	43149786	45087415	-1	mm10	18
HOMINIDAE	12	45087415	48050796	-1	mm10	6
HOMINIDAE	12	48050796	56544085	1	mm10	14
HOMINIDAE	12	56544085	63328626	-1	mm10	14
HOMINIDAE	12	63328626	82433542	1	mm10	10
HOMINIDAE	12	82433542	117664871	1	mm10	19
HOMINIDAE	12	117664871	131401332	1	mm10	7
HOMINIDAE	12	0	8156965	1	monDom5	8
HOMINIDAE	12	8156965	20729425	1	monDom5	8
HOMINIDAE	12	20729425	37110244	-1	monDom5	8
HOMINIDAE	12	37110244	38416276	1	monDom5	8
HOMINIDAE	12	38416276	45433809	-1	monDom5	8
HOMINIDAE	12	45433809	48050796	-1	monDom5	1
HOMINIDAE	12	48050796	50928727	1	monDom5	1
HOMINIDAE	12	50928727	55365952	-1	monDom5	1
HOMINIDAE	12	55365952	57312740	1	monDom5	1
HOMINIDAE	12	57312740	65101132	-1	monDom5	1
HOMINIDAE	12	65101132	66129563	-1	monDom5	1
HOMINIDAE	12	66129563	67259435	-1	monDom5	1
HOMINIDAE	12	67259435	75626130	1	monDom5	1
HOMINIDAE	12	75626130	77409133	-1	monDom5	1
HOMINIDAE	12	77409133	80972815	-1	monDom5	1
HOMINIDAE	12	80972815	82880971	1	monDom5	1
HOMINIDAE	12	82880971	86428758	-1	monDom5	1
HOMINIDAE	12	86428758	97164408	-1	monDom5	1
HOMINIDAE	12	97164408	101347533	-1	monDom5	1
HOMINIDAE	12	101347533	105883254	-1	monDom5	1
HOMINIDAE	12	105883254	106776396	1	monDom5	1
HOMINIDAE	12	106776396	125081513	-1	monDom5	1
HOMINIDAE	12	125081513	127063433	1	monDom5	1
HOMINIDAE	12	127063433	128784416	1	monDom5	1
HOMINIDAE	12	128784416	131401332	1	monDom5	1
HOMINIDAE	12	0	20190233	1	oryCun2	16
HOMINIDAE	12	20190233	37441105	-1	oryCun2	16
HOMINIDAE	12	37441105	44395355	1	oryCun2	16
HOMINIDAE	12	44395355	48050796	-1	oryCun2	16
HOMINIDAE	12	48050796	50500701	-1	oryCun2	18
HOMINIDAE	12	50500701	131401332	1	oryCun2	18
HOMINIDAE	12	0	48050796	1	panTro3	10
HOMINIDAE	12	48050796	84624981	-1	panTro3	10
HOMINIDAE	12	84624981	85023110	1	panTro3	10
HOMINIDAE	12	85023110	131401332	1	panTro3	10
HOMINIDAE	12	0	84624981	1	ponAbe2	10
HOMINIDAE	12	84624981	86428758	-1	ponAbe2	10
HOMINIDAE	12	86428758	131401332	1	ponAbe2	10
HOMINIDAE	12	0	131401332	1	rheMac3	9
HOMINIDAE	12	0	35452990	1	rn4	17
HOMINIDAE	12	35452990	37040754	1	rn4	17
HOMINIDAE	12	37040754	38707063	1	rn4	17
HOMINIDAE	12	38707063	40573448	-1	rn4	17
HOMINIDAE	12	40573448	42761673	-1	rn4	19
HOMINIDAE	12	42761673	44806453	-1	rn4	17
HOMINIDAE	12	44806453	48050796	-1	rn4	4
HOMINIDAE	12	48050796	57218219	1	rn4	16
HOMINIDAE	12	57218219	58871849	-1	rn4	16
HOMINIDAE	12	58871849	63827180	1	rn4	15
HOMINIDAE	12	63827180	67275800	1	rn4	20
HOMINIDAE	12	67275800	69487522	1	rn4	20
HOMINIDAE	12	69487522	82188876	-1	rn4	20
HOMINIDAE	12	82188876	96175165	1	rn4	1
HOMINIDAE	12	96175165	98112916	-1	rn4	1
HOMINIDAE	12	98112916	117938320	1	rn4	1
HOMINIDAE	12	117938320	131401332	1	rn4	1
HOMINIDAE	12	0	15556090	-1	susScr2	10
HOMINIDAE	12	15556090	20982470	-1	susScr2	10
HOMINIDAE	12	20982470	24370434	1	susScr2	10
HOMINIDAE	12	24370434	33293484	-1	susScr2	10
HOMINIDAE	12	33293484	35389675	1	susScr2	10
HOMINIDAE	12	35389675	38654767	1	susScr2	10
HOMINIDAE	12	38654767	44059807	1	susScr2	10
HOMINIDAE	12	44059807	77233851	-1	susScr2	14
HOMINIDAE	12	77233851	84741778	1	susScr2	14
HOMINIDAE	12	84741778	85023110	-1	susScr2	14
HOMINIDAE	12	85023110	131401332	1	susScr2	14
