HOMININAE	5	0	46703573	-1	bosTau7	9
HOMININAE	5	46703573	89474276	1	bosTau7	9
HOMININAE	5	89474276	113039044	-1	bosTau7	9
HOMININAE	5	113039044	118685947	-1	bosTau7	23
HOMININAE	5	118685947	140357658	-1	bosTau7	23
HOMININAE	5	140357658	170937777	1	bosTau7	23
HOMININAE	5	0	144510269	-1	calJac3	4
HOMININAE	5	144510269	170937777	1	calJac3	4
HOMININAE	5	0	38183084	-1	canFam2	1
HOMININAE	5	38183084	53608971	-1	canFam2	1
HOMININAE	5	53608971	139851275	-1	canFam2	12
HOMININAE	5	139851275	170937777	-1	canFam2	35
HOMININAE	5	0	44819874	-1	capHir1	9
HOMININAE	5	44819874	94660319	1	capHir1	9
HOMININAE	5	94660319	107405694	-1	capHir1	9
HOMININAE	5	107405694	117103594	1	capHir1	14
HOMININAE	5	117103594	123510524	1	capHir1	23
HOMININAE	5	123510524	141907143	-1	capHir1	23
HOMININAE	5	141907143	170937777	1	capHir1	23
HOMININAE	5	0	12455865	-1	equCab2	31
HOMININAE	5	12455865	29770380	1	equCab2	31
HOMININAE	5	29770380	97111987	-1	equCab2	10
HOMININAE	5	97111987	170937777	-1	equCab2	20
HOMININAE	5	0	16606740	1	galGal3	3
HOMININAE	5	16606740	36640415	-1	galGal3	3
HOMININAE	5	36640415	156974639	1	galGal3	3
HOMININAE	5	156974639	170937777	1	galGal3	2
HOMININAE	5	0	170937777	-1	gorGor3	6
HOMININAE	5	0	170937777	-1	hg19	6
HOMININAE	5	0	5684104	1	mm10	17
HOMININAE	5	5684104	10290071	-1	mm10	17
HOMININAE	5	10290071	15115198	-1	mm10	10
HOMININAE	5	15115198	46339002	1	mm10	10
HOMININAE	5	46339002	53851402	-1	mm10	10
HOMININAE	5	53851402	74730179	1	mm10	10
HOMININAE	5	74730179	90876632	1	mm10	4
HOMININAE	5	90876632	103011886	-1	mm10	9
HOMININAE	5	103011886	118613401	1	mm10	1
HOMININAE	5	118613401	129564198	1	mm10	17
HOMININAE	5	129564198	134385745	-1	mm10	17
HOMININAE	5	134385745	138692482	1	mm10	17
HOMININAE	5	138692482	149477010	1	mm10	13
HOMININAE	5	149477010	170937777	-1	mm10	13
HOMININAE	5	0	144430576	-1	monDom5	2
HOMININAE	5	144430576	168181235	1	monDom5	3
HOMININAE	5	168181235	170937777	-1	monDom5	3
HOMININAE	5	0	152236061	-1	oryCun2	12
HOMININAE	5	152236061	160266973	1	oryCun2	12
HOMININAE	5	160266973	170937777	-1	oryCun2	12
HOMININAE	5	0	170937777	-1	panTro3	6
HOMININAE	5	0	170937777	-1	ponAbe2	6
HOMININAE	5	0	11897606	-1	rheMac3	4
HOMININAE	5	11897606	64425922	1	rheMac3	4
HOMININAE	5	64425922	170937777	-1	rheMac3	4
HOMININAE	5	0	21934247	-1	rn4	1
HOMININAE	5	21934247	37305005	1	rn4	1
HOMININAE	5	37305005	45160828	-1	rn4	1
HOMININAE	5	45160828	50935658	-1	rn4	1
HOMININAE	5	50935658	58376629	-1	rn4	20
HOMININAE	5	58376629	76657993	1	rn4	20
HOMININAE	5	76657993	93590721	1	rn4	5
HOMININAE	5	93590721	104913216	-1	rn4	8
HOMININAE	5	104913216	119166853	1	rn4	9
HOMININAE	5	119166853	134125501	-1	rn4	9
HOMININAE	5	134125501	142788045	-1	rn4	20
HOMININAE	5	142788045	151120547	-1	rn4	17
HOMININAE	5	151120547	170937777	1	rn4	17
HOMININAE	5	0	55704833	1	susScr2	1
HOMININAE	5	55704833	93514473	-1	susScr2	1
HOMININAE	5	93514473	107977158	1	susScr2	1
HOMININAE	5	107977158	118414300	-1	susScr2	1
HOMININAE	5	118414300	170937777	-1	susScr2	7
