HOMININAE	13	0	6930742	-1	bosTau7	3
HOMININAE	13	6930742	48826002	-1	bosTau7	2
HOMININAE	13	48826002	110491020	1	bosTau7	2
HOMININAE	13	110491020	114189046	1	bosTau7	2
HOMININAE	13	114189046	128722222	-1	bosTau7	2
HOMININAE	13	0	57134117	-1	calJac3	6
HOMININAE	13	57134117	111964859	1	calJac3	6
HOMININAE	13	111964859	115477374	1	calJac3	6
HOMININAE	13	115477374	128722222	-1	calJac3	6
HOMININAE	13	0	16633054	-1	canFam2	25
HOMININAE	13	16633054	52429349	-1	canFam2	37
HOMININAE	13	52429349	89365131	-1	canFam2	36
HOMININAE	13	89365131	111395099	-1	canFam2	19
HOMININAE	13	111395099	128722222	1	canFam2	19
HOMININAE	13	0	8362300	-1	capHir1	3
HOMININAE	13	8362300	48782956	-1	capHir1	2
HOMININAE	13	48782956	110521354	1	capHir1	2
HOMININAE	13	110521354	113870748	1	capHir1	2
HOMININAE	13	113870748	128722222	-1	capHir1	2
HOMININAE	13	0	31975846	-1	equCab2	6
HOMININAE	13	31975846	110117357	-1	equCab2	18
HOMININAE	13	110117357	128722222	1	equCab2	18
HOMININAE	13	0	17541689	-1	galGal3	9
HOMININAE	13	17541689	41337134	-1	galGal3	7
HOMININAE	13	41337134	89242312	1	galGal3	7
HOMININAE	13	89242312	128722222	-1	galGal3	7
HOMININAE	13	0	128722222	-1	gorGor3	2B
HOMININAE	13	0	128722222	-1	hg19	2
HOMININAE	13	0	48403351	-1	mm10	1
HOMININAE	13	48403351	56229793	1	mm10	1
HOMININAE	13	56229793	109981069	-1	mm10	2
HOMININAE	13	109981069	115621054	-1	mm10	1
HOMININAE	13	115621054	119919393	-1	mm10	1
HOMININAE	13	119919393	128722222	1	mm10	1
HOMININAE	13	0	9537975	1	monDom5	7
HOMININAE	13	9537975	28585931	1	monDom5	7
HOMININAE	13	28585931	109108971	-1	monDom5	4
HOMININAE	13	109108971	128722222	1	monDom5	4
HOMININAE	13	0	113585426	-1	oryCun2	7
HOMININAE	13	113585426	121051578	-1	oryCun2	7
HOMININAE	13	121051578	128722222	1	oryCun2	7
HOMININAE	13	0	128722222	-1	panTro3	2B
HOMININAE	13	0	111033819	-1	ponAbe2	2b
HOMININAE	13	111033819	128722222	1	ponAbe2	2b
HOMININAE	13	0	107025934	-1	rheMac3	12
HOMININAE	13	107025934	111316945	1	rheMac3	13
HOMININAE	13	111316945	128722222	-1	rheMac3	13
HOMININAE	13	0	58164031	-1	rn4	9
HOMININAE	13	58164031	114244003	-1	rn4	3
HOMININAE	13	114244003	120269655	-1	rn4	13
HOMININAE	13	120269655	128722222	1	rn4	13
HOMININAE	13	0	93840831	-1	susScr2	15
HOMININAE	13	93840831	114711712	1	susScr2	15
HOMININAE	13	114711712	121696066	1	susScr2	15
HOMININAE	13	121696066	128722222	-1	susScr2	15
