HOMININAE	20	0	15352977	1	bosTau7	24
HOMININAE	20	15352977	40155960	-1	bosTau7	24
HOMININAE	20	40155960	61152601	1	bosTau7	24
HOMININAE	20	61152601	74848285	-1	bosTau7	24
HOMININAE	20	0	12968211	-1	calJac3	13
HOMININAE	20	12968211	14632633	1	calJac3	13
HOMININAE	20	14632633	15352977	-1	calJac3	13
HOMININAE	20	15352977	74848285	1	calJac3	13
HOMININAE	20	0	14311011	1	canFam2	7
HOMININAE	20	14311011	15352977	-1	canFam2	1
HOMININAE	20	15352977	43832342	-1	canFam2	7
HOMININAE	20	43832342	46163490	-1	canFam2	7
HOMININAE	20	46163490	74848285	-1	canFam2	1
HOMININAE	20	0	15352977	1	capHir1	24
HOMININAE	20	15352977	40901364	-1	capHir1	24
HOMININAE	20	40901364	61017797	1	capHir1	24
HOMININAE	20	61017797	74848285	-1	capHir1	24
HOMININAE	20	0	6000313	1	equCab2	8
HOMININAE	20	6000313	9768713	1	equCab2	8
HOMININAE	20	9768713	10223800	-1	equCab2	8
HOMININAE	20	10223800	13087436	1	equCab2	8
HOMININAE	20	13087436	15352977	-1	equCab2	8
HOMININAE	20	15352977	17001393	-1	equCab2	8
HOMININAE	20	17001393	74848285	1	equCab2	8
HOMININAE	20	0	15352977	-1	galGal3	2
HOMININAE	20	15352977	31533969	1	galGal3	2
HOMININAE	20	31533969	48463983	-1	galGal3	Z
HOMININAE	20	48463983	52277175	-1	galGal3	2
HOMININAE	20	52277175	70149097	-1	galGal3	2
HOMININAE	20	70149097	74848285	-1	galGal3	2
HOMININAE	20	0	74848285	1	gorGor3	18
HOMININAE	20	0	74848285	1	hg19	18
HOMININAE	20	0	685684	-1	mm10	18
HOMININAE	20	685684	3050566	1	mm10	17
HOMININAE	20	3050566	11993873	-1	mm10	17
HOMININAE	20	11993873	13383379	1	mm10	18
HOMININAE	20	13383379	15352977	1	mm10	18
HOMININAE	20	15352977	38552813	1	mm10	18
HOMININAE	20	38552813	50952462	-1	mm10	18
HOMININAE	20	50952462	54581703	1	mm10	18
HOMININAE	20	54581703	63508910	1	mm10	1
HOMININAE	20	63508910	74848285	-1	mm10	18
HOMININAE	20	0	9128482	1	monDom5	3
HOMININAE	20	9128482	9412850	-1	monDom5	2
HOMININAE	20	9412850	15352977	1	monDom5	3
HOMININAE	20	15352977	22204199	-1	monDom5	3
HOMININAE	20	22204199	26972601	-1	monDom5	3
HOMININAE	20	26972601	30365652	-1	monDom5	3
HOMININAE	20	30365652	33257862	-1	monDom5	3
HOMININAE	20	33257862	40391932	-1	monDom5	3
HOMININAE	20	40391932	46989300	1	monDom5	3
HOMININAE	20	46989300	49730916	-1	monDom5	3
HOMININAE	20	49730916	53980607	-1	monDom5	3
HOMININAE	20	53980607	57281362	1	monDom5	3
HOMININAE	20	57281362	74848285	1	monDom5	3
HOMININAE	20	0	15352977	-1	oryCun2	9
HOMININAE	20	15352977	74848285	1	oryCun2	9
HOMININAE	20	0	15352977	-1	panTro3	18
HOMININAE	20	15352977	74848285	1	panTro3	18
HOMININAE	20	0	15352977	-1	ponAbe2	18
HOMININAE	20	15352977	74848285	1	ponAbe2	18
HOMININAE	20	0	11344461	-1	rheMac3	18
HOMININAE	20	11344461	13033700	1	rheMac3	18
HOMININAE	20	13033700	15352977	-1	rheMac3	18
HOMININAE	20	15352977	74848285	1	rheMac3	18
HOMININAE	20	0	680212	-1	rn4	18
HOMININAE	20	680212	12271962	-1	rn4	9
HOMININAE	20	12271962	13644064	1	rn4	18
HOMININAE	20	13644064	14866617	1	rn4	18
HOMININAE	20	14866617	15352977	-1	rn4	18
HOMININAE	20	15352977	40692319	1	rn4	18
HOMININAE	20	40692319	53960258	-1	rn4	18
HOMININAE	20	53960258	56629854	1	rn4	18
HOMININAE	20	56629854	65091665	1	rn4	13
HOMININAE	20	65091665	74848285	-1	rn4	18
HOMININAE	20	0	15352977	-1	susScr2	6
HOMININAE	20	15352977	36805536	1	susScr2	6
HOMININAE	20	36805536	52182053	1	susScr2	1
HOMININAE	20	52182053	74848285	-1	susScr2	1
HOMININAE	20	0	15352977	1	bosTau7	24
HOMININAE	20	15352977	40155960	-1	bosTau7	24
HOMININAE	20	40155960	61152601	1	bosTau7	24
HOMININAE	20	61152601	74848285	-1	bosTau7	24
HOMININAE	20	0	12968211	-1	calJac3	13
HOMININAE	20	12968211	14632633	1	calJac3	13
HOMININAE	20	14632633	15352977	-1	calJac3	13
HOMININAE	20	15352977	74848285	1	calJac3	13
HOMININAE	20	0	14311011	1	canFam2	7
HOMININAE	20	14311011	15352977	-1	canFam2	1
HOMININAE	20	15352977	43832342	-1	canFam2	7
HOMININAE	20	43832342	46163490	-1	canFam2	7
HOMININAE	20	46163490	74848285	-1	canFam2	1
HOMININAE	20	0	15352977	1	capHir1	24
HOMININAE	20	15352977	40901364	-1	capHir1	24
HOMININAE	20	40901364	61017797	1	capHir1	24
HOMININAE	20	61017797	74848285	-1	capHir1	24
HOMININAE	20	0	6000313	1	equCab2	8
HOMININAE	20	6000313	9768713	1	equCab2	8
HOMININAE	20	9768713	10223800	-1	equCab2	8
HOMININAE	20	10223800	13087436	1	equCab2	8
HOMININAE	20	13087436	15352977	-1	equCab2	8
HOMININAE	20	15352977	17001393	-1	equCab2	8
HOMININAE	20	17001393	74848285	1	equCab2	8
HOMININAE	20	0	15352977	-1	galGal3	2
HOMININAE	20	15352977	31533969	1	galGal3	2
HOMININAE	20	31533969	48463983	-1	galGal3	Z
HOMININAE	20	48463983	52277175	-1	galGal3	2
HOMININAE	20	52277175	70149097	-1	galGal3	2
HOMININAE	20	70149097	74848285	-1	galGal3	2
HOMININAE	20	0	74848285	1	gorGor3	18
HOMININAE	20	0	74848285	1	hg19	18
HOMININAE	20	0	685684	-1	mm10	18
HOMININAE	20	685684	3050566	1	mm10	17
HOMININAE	20	3050566	11993873	-1	mm10	17
HOMININAE	20	11993873	13383379	1	mm10	18
HOMININAE	20	13383379	15352977	1	mm10	18
HOMININAE	20	15352977	38552813	1	mm10	18
HOMININAE	20	38552813	50952462	-1	mm10	18
HOMININAE	20	50952462	54581703	1	mm10	18
HOMININAE	20	54581703	63508910	1	mm10	1
HOMININAE	20	63508910	74848285	-1	mm10	18
HOMININAE	20	0	9128482	1	monDom5	3
HOMININAE	20	9128482	9412850	-1	monDom5	2
HOMININAE	20	9412850	15352977	1	monDom5	3
HOMININAE	20	15352977	22204199	-1	monDom5	3
HOMININAE	20	22204199	26972601	-1	monDom5	3
HOMININAE	20	26972601	30365652	-1	monDom5	3
HOMININAE	20	30365652	33257862	-1	monDom5	3
HOMININAE	20	33257862	40391932	-1	monDom5	3
HOMININAE	20	40391932	46989300	1	monDom5	3
HOMININAE	20	46989300	49730916	-1	monDom5	3
HOMININAE	20	49730916	53980607	-1	monDom5	3
HOMININAE	20	53980607	57281362	1	monDom5	3
HOMININAE	20	57281362	74848285	1	monDom5	3
HOMININAE	20	0	15352977	-1	oryCun2	9
HOMININAE	20	15352977	74848285	1	oryCun2	9
HOMININAE	20	0	15352977	-1	panTro3	18
HOMININAE	20	15352977	74848285	1	panTro3	18
HOMININAE	20	0	15352977	-1	ponAbe2	18
HOMININAE	20	15352977	74848285	1	ponAbe2	18
HOMININAE	20	0	11344461	-1	rheMac3	18
HOMININAE	20	11344461	13033700	1	rheMac3	18
HOMININAE	20	13033700	15352977	-1	rheMac3	18
HOMININAE	20	15352977	74848285	1	rheMac3	18
HOMININAE	20	0	680212	-1	rn4	18
HOMININAE	20	680212	12271962	-1	rn4	9
HOMININAE	20	12271962	13644064	1	rn4	18
HOMININAE	20	13644064	14866617	1	rn4	18
HOMININAE	20	14866617	15352977	-1	rn4	18
HOMININAE	20	15352977	40692319	1	rn4	18
HOMININAE	20	40692319	53960258	-1	rn4	18
HOMININAE	20	53960258	56629854	1	rn4	18
HOMININAE	20	56629854	65091665	1	rn4	13
HOMININAE	20	65091665	74848285	-1	rn4	18
HOMININAE	20	0	15352977	-1	susScr2	6
HOMININAE	20	15352977	36805536	1	susScr2	6
HOMININAE	20	36805536	52182053	1	susScr2	1
HOMININAE	20	52182053	74848285	-1	susScr2	1
