HOMININAE	1	0	10913934	-1	bosTau7	16
HOMININAE	1	10913934	13745835	-1	bosTau7	16
HOMININAE	1	13745835	29657886	-1	bosTau7	2
HOMININAE	1	29657886	121339282	-1	bosTau7	3
HOMININAE	1	121339282	121840068	1	bosTau7	3
HOMININAE	1	121840068	122236643	1	bosTau7	3
HOMININAE	1	122236643	123410660	-1	bosTau7	3
HOMININAE	1	123410660	147350083	-1	bosTau7	3
HOMININAE	1	147350083	151997681	1	bosTau7	16
HOMININAE	1	151997681	166746136	1	bosTau7	16
HOMININAE	1	166746136	181137943	-1	bosTau7	16
HOMININAE	1	181137943	185035481	1	bosTau7	16
HOMININAE	1	185035481	189210035	1	bosTau7	16
HOMININAE	1	189210035	197775391	-1	bosTau7	16
HOMININAE	1	197775391	208141089	1	bosTau7	16
HOMININAE	1	208141089	216210507	1	bosTau7	28
HOMININAE	1	216210507	222398195	-1	bosTau7	16
HOMININAE	1	222398195	224662374	1	bosTau7	7
HOMININAE	1	0	120776109	1	calJac3	7
HOMININAE	1	120776109	121339282	1	calJac3	18
HOMININAE	1	121339282	121751963	-1	calJac3	18
HOMININAE	1	121751963	122236643	1	calJac3	18
HOMININAE	1	122626001	123410660	-1	calJac3	18
HOMININAE	1	123410660	138253649	1	calJac3	18
HOMININAE	1	138253649	166912730	-1	calJac3	18
HOMININAE	1	166912730	172592388	1	calJac3	18
HOMININAE	1	172592388	187881042	1	calJac3	19
HOMININAE	1	187881042	204641808	-1	calJac3	19
HOMININAE	1	204641808	206933802	-1	calJac3	19
HOMININAE	1	206933802	224662374	-1	calJac3	19
HOMININAE	1	0	9091442	1	canFam2	5
HOMININAE	1	9091442	30733638	-1	canFam2	2
HOMININAE	1	30733638	40373517	-1	canFam2	15
HOMININAE	1	40373517	50725780	-1	canFam2	15
HOMININAE	1	50725780	66652568	-1	canFam2	5
HOMININAE	1	66652568	112172147	-1	canFam2	6
HOMININAE	1	112172147	114490799	-1	canFam2	17
HOMININAE	1	114490799	121339282	1	canFam2	17
HOMININAE	1	121339282	121757388	-1	canFam2	17
HOMININAE	1	121757388	122236643	-1	canFam2	17
HOMININAE	1	122236643	123410660	1	canFam2	17
HOMININAE	1	124358078	128428576	1	canFam2	17
HOMININAE	1	128428576	132430969	-1	canFam2	7
HOMININAE	1	132430969	140887272	-1	canFam2	38
HOMININAE	1	140887272	155546562	-1	canFam2	7
HOMININAE	1	155546562	163967438	1	canFam2	7
HOMININAE	1	163967438	174356267	-1	canFam2	38
HOMININAE	1	174356267	181687845	-1	canFam2	7
HOMININAE	1	181687845	185357732	1	canFam2	38
HOMININAE	1	185357732	195052351	1	canFam2	7
HOMININAE	1	195052351	202782901	1	canFam2	38
HOMININAE	1	202782901	206389236	-1	canFam2	7
HOMININAE	1	206389236	216886763	-1	canFam2	4
HOMININAE	1	216886763	224662374	1	canFam2	7
HOMININAE	1	0	10901890	-1	capHir1	16
HOMININAE	1	10901890	13929868	-1	capHir1	16
HOMININAE	1	13929868	30262958	-1	capHir1	2
HOMININAE	1	30262958	121699050	-1	capHir1	3
HOMININAE	1	121699050	122236643	1	capHir1	3
HOMININAE	1	122236643	123410660	-1	capHir1	3
HOMININAE	1	124358078	146622438	-1	capHir1	3
HOMININAE	1	146622438	152595251	1	capHir1	16
HOMININAE	1	152595251	168190996	1	capHir1	16
HOMININAE	1	168190996	179706300	-1	capHir1	16
HOMININAE	1	179706300	184228436	1	capHir1	16
HOMININAE	1	184228436	190155857	1	capHir1	16
HOMININAE	1	190155857	203679245	1	capHir1	16
HOMININAE	1	203679245	215919017	1	capHir1	28
HOMININAE	1	215919017	222212080	-1	capHir1	16
HOMININAE	1	222212080	224662374	1	capHir1	7
HOMININAE	1	0	59527890	-1	equCab2	2
HOMININAE	1	59527890	121339282	-1	equCab2	5
HOMININAE	1	121339282	121895014	1	equCab2	5
HOMININAE	1	121895014	122236643	1	equCab2	5
HOMININAE	1	122236643	123410660	-1	equCab2	5
HOMININAE	1	123410660	143784886	-1	equCab2	5
HOMININAE	1	143784886	166316446	1	equCab2	5
HOMININAE	1	166316446	183408668	1	equCab2	30
HOMININAE	1	183408668	187884719	1	equCab2	5
HOMININAE	1	187884719	197526045	-1	equCab2	5
HOMININAE	1	197526045	208137480	-1	equCab2	30
HOMININAE	1	208137480	218791185	-1	equCab2	1
HOMININAE	1	218791185	224662374	-1	equCab2	30
HOMININAE	1	0	14191714	-1	galGal3	21
HOMININAE	1	14191714	66797486	1	galGal3	8
HOMININAE	1	66797486	110200768	-1	galGal3	8
HOMININAE	1	110200768	114373291	1	galGal3	26
HOMININAE	1	114373291	121339282	-1	galGal3	1
HOMININAE	1	122626001	123410660	1	galGal3	1
HOMININAE	1	124358078	140029881	-1	galGal3	8
HOMININAE	1	140029881	179908514	-1	galGal3	3
HOMININAE	1	179908514	224662374	-1	galGal3	3
HOMININAE	1	0	224662374	1	gorGor3	1
HOMININAE	1	0	224662374	1	hg19	1
HOMININAE	1	0	62469529	-1	mm10	4
HOMININAE	1	62469529	72330673	1	mm10	4
HOMININAE	1	72330673	92914230	-1	mm10	3
HOMININAE	1	92914230	121339282	-1	mm10	3
HOMININAE	1	121339282	121755961	1	mm10	3
HOMININAE	1	121755961	122236643	1	mm10	3
HOMININAE	1	122626001	123410660	-1	mm10	3
HOMININAE	1	124358078	136134295	-1	mm10	3
HOMININAE	1	136134295	191798582	-1	mm10	1
HOMININAE	1	191798582	208233372	-1	mm10	1
HOMININAE	1	208233372	212433284	1	mm10	8
HOMININAE	1	212433284	217919961	-1	mm10	13
HOMININAE	1	217919961	224662374	1	mm10	1
HOMININAE	1	0	9353628	1	monDom5	4
HOMININAE	1	9353628	12628935	-1	monDom5	4
HOMININAE	1	12628935	15667284	-1	monDom5	4
HOMININAE	1	15667284	20742651	-1	monDom5	4
HOMININAE	1	20742651	23279070	1	monDom5	4
HOMININAE	1	23279070	25409480	1	monDom5	4
HOMININAE	1	25409480	30455024	1	monDom5	4
HOMININAE	1	30455024	43698096	1	monDom5	4
HOMININAE	1	43698096	52585590	-1	monDom5	2
HOMININAE	1	52585590	72806468	-1	monDom5	2
HOMININAE	1	72806468	82829406	-1	monDom5	2
HOMININAE	1	82829406	85324099	1	monDom5	2
HOMININAE	1	85324099	90229435	-1	monDom5	2
HOMININAE	1	90229435	121339282	1	monDom5	2
HOMININAE	1	121339282	121842368	-1	monDom5	2
HOMININAE	1	121842368	122236643	-1	monDom5	2
HOMININAE	1	122626001	123410660	1	monDom5	2
HOMININAE	1	124358078	127434446	1	monDom5	2
HOMININAE	1	127434446	132040306	1	monDom5	2
HOMININAE	1	132040306	135672599	-1	monDom5	2
HOMININAE	1	135672599	162509725	1	monDom5	2
HOMININAE	1	162509725	205323193	1	monDom5	2
HOMININAE	1	205323193	208349840	1	monDom5	2
HOMININAE	1	208349840	224662374	-1	monDom5	2
HOMININAE	1	0	4820435	-1	oryCun2	13
HOMININAE	1	4820435	13320502	-1	oryCun2	13
HOMININAE	1	13320502	19113143	-1	oryCun2	13
HOMININAE	1	19113143	121747614	-1	oryCun2	13
HOMININAE	1	121747614	122236643	1	oryCun2	13
HOMININAE	1	122626001	123410660	-1	oryCun2	13
HOMININAE	1	123410660	148250700	-1	oryCun2	13
HOMININAE	1	148250700	150842416	1	oryCun2	13
HOMININAE	1	150842416	160489061	1	oryCun2	13
HOMININAE	1	160489061	206323741	-1	oryCun2	16
HOMININAE	1	206323741	214277644	-1	oryCun2	16
HOMININAE	1	214277644	218086351	1	oryCun2	16
HOMININAE	1	218086351	224662374	-1	oryCun2	16
HOMININAE	1	0	110200768	1	panTro3	1
HOMININAE	1	110200768	121339282	-1	panTro3	1
HOMININAE	1	121339282	122236643	-1	panTro3	1
HOMININAE	1	122236643	122626001	1	panTro3	1
HOMININAE	1	122626001	123410660	-1	panTro3	1
HOMININAE	1	123410660	123783639	1	panTro3	1
HOMININAE	1	123783639	124358078	-1	panTro3	1
HOMININAE	1	124358078	224662374	1	panTro3	1
HOMININAE	1	0	121339282	-1	ponAbe2	1
HOMININAE	1	121339282	121813786	1	ponAbe2	1
HOMININAE	1	121813786	121840560	-1	ponAbe2	1
HOMININAE	1	121840560	122626001	1	ponAbe2	1
HOMININAE	1	122626001	123410660	1	ponAbe2	1
HOMININAE	1	124358078	224662374	-1	ponAbe2	1
HOMININAE	1	0	121339282	1	rheMac3	1
HOMININAE	1	121339282	121651890	-1	rheMac3	1
HOMININAE	1	121651890	122236643	-1	rheMac3	1
HOMININAE	1	122236643	138278168	1	rheMac3	1
HOMININAE	1	138278168	153906937	1	rheMac3	1
HOMININAE	1	153906937	203804991	-1	rheMac3	1
HOMININAE	1	203804991	224662374	-1	rheMac3	1
HOMININAE	1	0	55409871	-1	rn4	5
HOMININAE	1	55409871	66353447	1	rn4	5
HOMININAE	1	66353447	87867312	-1	rn4	2
HOMININAE	1	87867312	91089657	-1	rn4	14
HOMININAE	1	91089657	121339282	-1	rn4	2
HOMININAE	1	121339282	121754456	1	rn4	2
HOMININAE	1	121754456	122236643	1	rn4	2
HOMININAE	1	122626001	123410660	-1	rn4	2
HOMININAE	1	124358078	138633471	-1	rn4	2
HOMININAE	1	138633471	194086428	-1	rn4	13
HOMININAE	1	194086428	209391069	-1	rn4	13
HOMININAE	1	209391069	212826944	1	rn4	19
HOMININAE	1	212826944	218372668	1	rn4	17
HOMININAE	1	218372668	224662374	1	rn4	13
HOMININAE	1	0	33075518	1	susScr2	6
HOMININAE	1	33075518	80845048	-1	susScr2	6
HOMININAE	1	80845048	121590544	-1	susScr2	4
HOMININAE	1	121590544	122236643	1	susScr2	4
HOMININAE	1	122626001	123410660	-1	susScr2	4
HOMININAE	1	123410660	153730415	-1	susScr2	4
HOMININAE	1	153730415	173503224	1	susScr2	9
HOMININAE	1	173503224	178943755	-1	susScr2	10
HOMININAE	1	178943755	185955862	1	susScr2	10
HOMININAE	1	185955862	195974132	-1	susScr2	9
HOMININAE	1	195974132	204788870	1	susScr2	10
HOMININAE	1	204788870	219284708	-1	susScr2	14
HOMININAE	1	219284708	224662374	1	susScr2	10
HOMININAE	1	0	10913934	-1	bosTau7	16
HOMININAE	1	10913934	13745835	-1	bosTau7	16
HOMININAE	1	13745835	29657886	-1	bosTau7	2
HOMININAE	1	29657886	121339282	-1	bosTau7	3
HOMININAE	1	121339282	121840068	1	bosTau7	3
HOMININAE	1	121840068	122236643	1	bosTau7	3
HOMININAE	1	122236643	123410660	-1	bosTau7	3
HOMININAE	1	123410660	147350083	-1	bosTau7	3
HOMININAE	1	147350083	151997681	1	bosTau7	16
HOMININAE	1	151997681	166746136	1	bosTau7	16
HOMININAE	1	166746136	181137943	-1	bosTau7	16
HOMININAE	1	181137943	185035481	1	bosTau7	16
HOMININAE	1	185035481	189210035	1	bosTau7	16
HOMININAE	1	189210035	197775391	-1	bosTau7	16
HOMININAE	1	197775391	208141089	1	bosTau7	16
HOMININAE	1	208141089	216210507	1	bosTau7	28
HOMININAE	1	216210507	222398195	-1	bosTau7	16
HOMININAE	1	222398195	224662374	1	bosTau7	7
HOMININAE	1	0	120776109	1	calJac3	7
HOMININAE	1	120776109	121339282	1	calJac3	18
HOMININAE	1	121339282	121751963	-1	calJac3	18
HOMININAE	1	121751963	122236643	1	calJac3	18
HOMININAE	1	122626001	123410660	-1	calJac3	18
HOMININAE	1	123410660	138253649	1	calJac3	18
HOMININAE	1	138253649	166912730	-1	calJac3	18
HOMININAE	1	166912730	172592388	1	calJac3	18
HOMININAE	1	172592388	187881042	1	calJac3	19
HOMININAE	1	187881042	204641808	-1	calJac3	19
HOMININAE	1	204641808	206933802	-1	calJac3	19
HOMININAE	1	206933802	224662374	-1	calJac3	19
HOMININAE	1	0	9091442	1	canFam2	5
HOMININAE	1	9091442	30733638	-1	canFam2	2
HOMININAE	1	30733638	40373517	-1	canFam2	15
HOMININAE	1	40373517	50725780	-1	canFam2	15
HOMININAE	1	50725780	66652568	-1	canFam2	5
HOMININAE	1	66652568	112172147	-1	canFam2	6
HOMININAE	1	112172147	114490799	-1	canFam2	17
HOMININAE	1	114490799	121339282	1	canFam2	17
HOMININAE	1	121339282	121757388	-1	canFam2	17
HOMININAE	1	121757388	122236643	-1	canFam2	17
HOMININAE	1	122236643	123410660	1	canFam2	17
HOMININAE	1	124358078	128428576	1	canFam2	17
HOMININAE	1	128428576	132430969	-1	canFam2	7
HOMININAE	1	132430969	140887272	-1	canFam2	38
HOMININAE	1	140887272	155546562	-1	canFam2	7
HOMININAE	1	155546562	163967438	1	canFam2	7
HOMININAE	1	163967438	174356267	-1	canFam2	38
HOMININAE	1	174356267	181687845	-1	canFam2	7
HOMININAE	1	181687845	185357732	1	canFam2	38
HOMININAE	1	185357732	195052351	1	canFam2	7
HOMININAE	1	195052351	202782901	1	canFam2	38
HOMININAE	1	202782901	206389236	-1	canFam2	7
HOMININAE	1	206389236	216886763	-1	canFam2	4
HOMININAE	1	216886763	224662374	1	canFam2	7
HOMININAE	1	0	10901890	-1	capHir1	16
HOMININAE	1	10901890	13929868	-1	capHir1	16
HOMININAE	1	13929868	30262958	-1	capHir1	2
HOMININAE	1	30262958	121699050	-1	capHir1	3
HOMININAE	1	121699050	122236643	1	capHir1	3
HOMININAE	1	122236643	123410660	-1	capHir1	3
HOMININAE	1	124358078	146622438	-1	capHir1	3
HOMININAE	1	146622438	152595251	1	capHir1	16
HOMININAE	1	152595251	168190996	1	capHir1	16
HOMININAE	1	168190996	179706300	-1	capHir1	16
HOMININAE	1	179706300	184228436	1	capHir1	16
HOMININAE	1	184228436	190155857	1	capHir1	16
HOMININAE	1	190155857	203679245	1	capHir1	16
HOMININAE	1	203679245	215919017	1	capHir1	28
HOMININAE	1	215919017	222212080	-1	capHir1	16
HOMININAE	1	222212080	224662374	1	capHir1	7
HOMININAE	1	0	59527890	-1	equCab2	2
HOMININAE	1	59527890	121339282	-1	equCab2	5
HOMININAE	1	121339282	121895014	1	equCab2	5
HOMININAE	1	121895014	122236643	1	equCab2	5
HOMININAE	1	122236643	123410660	-1	equCab2	5
HOMININAE	1	123410660	143784886	-1	equCab2	5
HOMININAE	1	143784886	166316446	1	equCab2	5
HOMININAE	1	166316446	183408668	1	equCab2	30
HOMININAE	1	183408668	187884719	1	equCab2	5
HOMININAE	1	187884719	197526045	-1	equCab2	5
HOMININAE	1	197526045	208137480	-1	equCab2	30
HOMININAE	1	208137480	218791185	-1	equCab2	1
HOMININAE	1	218791185	224662374	-1	equCab2	30
HOMININAE	1	0	14191714	-1	galGal3	21
HOMININAE	1	14191714	66797486	1	galGal3	8
HOMININAE	1	66797486	110200768	-1	galGal3	8
HOMININAE	1	110200768	114373291	1	galGal3	26
HOMININAE	1	114373291	121339282	-1	galGal3	1
HOMININAE	1	122626001	123410660	1	galGal3	1
HOMININAE	1	124358078	140029881	-1	galGal3	8
HOMININAE	1	140029881	179908514	-1	galGal3	3
HOMININAE	1	179908514	224662374	-1	galGal3	3
HOMININAE	1	0	224662374	1	gorGor3	1
HOMININAE	1	0	224662374	1	hg19	1
HOMININAE	1	0	62469529	-1	mm10	4
HOMININAE	1	62469529	72330673	1	mm10	4
HOMININAE	1	72330673	92914230	-1	mm10	3
HOMININAE	1	92914230	121339282	-1	mm10	3
HOMININAE	1	121339282	121755961	1	mm10	3
HOMININAE	1	121755961	122236643	1	mm10	3
HOMININAE	1	122626001	123410660	-1	mm10	3
HOMININAE	1	124358078	136134295	-1	mm10	3
HOMININAE	1	136134295	191798582	-1	mm10	1
HOMININAE	1	191798582	208233372	-1	mm10	1
HOMININAE	1	208233372	212433284	1	mm10	8
HOMININAE	1	212433284	217919961	-1	mm10	13
HOMININAE	1	217919961	224662374	1	mm10	1
HOMININAE	1	0	9353628	1	monDom5	4
HOMININAE	1	9353628	12628935	-1	monDom5	4
HOMININAE	1	12628935	15667284	-1	monDom5	4
HOMININAE	1	15667284	20742651	-1	monDom5	4
HOMININAE	1	20742651	23279070	1	monDom5	4
HOMININAE	1	23279070	25409480	1	monDom5	4
HOMININAE	1	25409480	30455024	1	monDom5	4
HOMININAE	1	30455024	43698096	1	monDom5	4
HOMININAE	1	43698096	52585590	-1	monDom5	2
HOMININAE	1	52585590	72806468	-1	monDom5	2
HOMININAE	1	72806468	82829406	-1	monDom5	2
HOMININAE	1	82829406	85324099	1	monDom5	2
HOMININAE	1	85324099	90229435	-1	monDom5	2
HOMININAE	1	90229435	121339282	1	monDom5	2
HOMININAE	1	121339282	121842368	-1	monDom5	2
HOMININAE	1	121842368	122236643	-1	monDom5	2
HOMININAE	1	122626001	123410660	1	monDom5	2
HOMININAE	1	124358078	127434446	1	monDom5	2
HOMININAE	1	127434446	132040306	1	monDom5	2
HOMININAE	1	132040306	135672599	-1	monDom5	2
HOMININAE	1	135672599	162509725	1	monDom5	2
HOMININAE	1	162509725	205323193	1	monDom5	2
HOMININAE	1	205323193	208349840	1	monDom5	2
HOMININAE	1	208349840	224662374	-1	monDom5	2
HOMININAE	1	0	4820435	-1	oryCun2	13
HOMININAE	1	4820435	13320502	-1	oryCun2	13
HOMININAE	1	13320502	19113143	-1	oryCun2	13
HOMININAE	1	19113143	121747614	-1	oryCun2	13
HOMININAE	1	121747614	122236643	1	oryCun2	13
HOMININAE	1	122626001	123410660	-1	oryCun2	13
HOMININAE	1	123410660	148250700	-1	oryCun2	13
HOMININAE	1	148250700	150842416	1	oryCun2	13
HOMININAE	1	150842416	160489061	1	oryCun2	13
HOMININAE	1	160489061	206323741	-1	oryCun2	16
HOMININAE	1	206323741	214277644	-1	oryCun2	16
HOMININAE	1	214277644	218086351	1	oryCun2	16
HOMININAE	1	218086351	224662374	-1	oryCun2	16
HOMININAE	1	0	110200768	1	panTro3	1
HOMININAE	1	110200768	121339282	-1	panTro3	1
HOMININAE	1	121339282	122236643	-1	panTro3	1
HOMININAE	1	122236643	122626001	1	panTro3	1
HOMININAE	1	122626001	123410660	-1	panTro3	1
HOMININAE	1	123410660	123783639	1	panTro3	1
HOMININAE	1	123783639	124358078	-1	panTro3	1
HOMININAE	1	124358078	224662374	1	panTro3	1
HOMININAE	1	0	121339282	-1	ponAbe2	1
HOMININAE	1	121339282	121813786	1	ponAbe2	1
HOMININAE	1	121813786	121840560	-1	ponAbe2	1
HOMININAE	1	121840560	122626001	1	ponAbe2	1
HOMININAE	1	122626001	123410660	1	ponAbe2	1
HOMININAE	1	124358078	224662374	-1	ponAbe2	1
HOMININAE	1	0	121339282	1	rheMac3	1
HOMININAE	1	121339282	121651890	-1	rheMac3	1
HOMININAE	1	121651890	122236643	-1	rheMac3	1
HOMININAE	1	122236643	138278168	1	rheMac3	1
HOMININAE	1	138278168	153906937	1	rheMac3	1
HOMININAE	1	153906937	203804991	-1	rheMac3	1
HOMININAE	1	203804991	224662374	-1	rheMac3	1
HOMININAE	1	0	55409871	-1	rn4	5
HOMININAE	1	55409871	66353447	1	rn4	5
HOMININAE	1	66353447	87867312	-1	rn4	2
HOMININAE	1	87867312	91089657	-1	rn4	14
HOMININAE	1	91089657	121339282	-1	rn4	2
HOMININAE	1	121339282	121754456	1	rn4	2
HOMININAE	1	121754456	122236643	1	rn4	2
HOMININAE	1	122626001	123410660	-1	rn4	2
HOMININAE	1	124358078	138633471	-1	rn4	2
HOMININAE	1	138633471	194086428	-1	rn4	13
HOMININAE	1	194086428	209391069	-1	rn4	13
HOMININAE	1	209391069	212826944	1	rn4	19
HOMININAE	1	212826944	218372668	1	rn4	17
HOMININAE	1	218372668	224662374	1	rn4	13
HOMININAE	1	0	33075518	1	susScr2	6
HOMININAE	1	33075518	80845048	-1	susScr2	6
HOMININAE	1	80845048	121590544	-1	susScr2	4
HOMININAE	1	121590544	122236643	1	susScr2	4
HOMININAE	1	122626001	123410660	-1	susScr2	4
HOMININAE	1	123410660	153730415	-1	susScr2	4
HOMININAE	1	153730415	173503224	1	susScr2	9
HOMININAE	1	173503224	178943755	-1	susScr2	10
HOMININAE	1	178943755	185955862	1	susScr2	10
HOMININAE	1	185955862	195974132	-1	susScr2	9
HOMININAE	1	195974132	204788870	1	susScr2	10
HOMININAE	1	204788870	219284708	-1	susScr2	14
HOMININAE	1	219284708	224662374	1	susScr2	10
HOMININAE	1	0	10913934	-1	bosTau7	16
HOMININAE	1	10913934	13745835	-1	bosTau7	16
HOMININAE	1	13745835	29657886	-1	bosTau7	2
HOMININAE	1	29657886	121339282	-1	bosTau7	3
HOMININAE	1	121339282	121840068	1	bosTau7	3
HOMININAE	1	121840068	122236643	1	bosTau7	3
HOMININAE	1	122236643	123410660	-1	bosTau7	3
HOMININAE	1	123410660	147350083	-1	bosTau7	3
HOMININAE	1	147350083	151997681	1	bosTau7	16
HOMININAE	1	151997681	166746136	1	bosTau7	16
HOMININAE	1	166746136	181137943	-1	bosTau7	16
HOMININAE	1	181137943	185035481	1	bosTau7	16
HOMININAE	1	185035481	189210035	1	bosTau7	16
HOMININAE	1	189210035	197775391	-1	bosTau7	16
HOMININAE	1	197775391	208141089	1	bosTau7	16
HOMININAE	1	208141089	216210507	1	bosTau7	28
HOMININAE	1	216210507	222398195	-1	bosTau7	16
HOMININAE	1	222398195	224662374	1	bosTau7	7
HOMININAE	1	0	120776109	1	calJac3	7
HOMININAE	1	120776109	121339282	1	calJac3	18
HOMININAE	1	121339282	121751963	-1	calJac3	18
HOMININAE	1	121751963	122236643	1	calJac3	18
HOMININAE	1	122626001	123410660	-1	calJac3	18
HOMININAE	1	123410660	138253649	1	calJac3	18
HOMININAE	1	138253649	166912730	-1	calJac3	18
HOMININAE	1	166912730	172592388	1	calJac3	18
HOMININAE	1	172592388	187881042	1	calJac3	19
HOMININAE	1	187881042	204641808	-1	calJac3	19
HOMININAE	1	204641808	206933802	-1	calJac3	19
HOMININAE	1	206933802	224662374	-1	calJac3	19
HOMININAE	1	0	9091442	1	canFam2	5
HOMININAE	1	9091442	30733638	-1	canFam2	2
HOMININAE	1	30733638	40373517	-1	canFam2	15
HOMININAE	1	40373517	50725780	-1	canFam2	15
HOMININAE	1	50725780	66652568	-1	canFam2	5
HOMININAE	1	66652568	112172147	-1	canFam2	6
HOMININAE	1	112172147	114490799	-1	canFam2	17
HOMININAE	1	114490799	121339282	1	canFam2	17
HOMININAE	1	121339282	121757388	-1	canFam2	17
HOMININAE	1	121757388	122236643	-1	canFam2	17
HOMININAE	1	122236643	123410660	1	canFam2	17
HOMININAE	1	124358078	128428576	1	canFam2	17
HOMININAE	1	128428576	132430969	-1	canFam2	7
HOMININAE	1	132430969	140887272	-1	canFam2	38
HOMININAE	1	140887272	155546562	-1	canFam2	7
HOMININAE	1	155546562	163967438	1	canFam2	7
HOMININAE	1	163967438	174356267	-1	canFam2	38
HOMININAE	1	174356267	181687845	-1	canFam2	7
HOMININAE	1	181687845	185357732	1	canFam2	38
HOMININAE	1	185357732	195052351	1	canFam2	7
HOMININAE	1	195052351	202782901	1	canFam2	38
HOMININAE	1	202782901	206389236	-1	canFam2	7
HOMININAE	1	206389236	216886763	-1	canFam2	4
HOMININAE	1	216886763	224662374	1	canFam2	7
HOMININAE	1	0	10901890	-1	capHir1	16
HOMININAE	1	10901890	13929868	-1	capHir1	16
HOMININAE	1	13929868	30262958	-1	capHir1	2
HOMININAE	1	30262958	121699050	-1	capHir1	3
HOMININAE	1	121699050	122236643	1	capHir1	3
HOMININAE	1	122236643	123410660	-1	capHir1	3
HOMININAE	1	124358078	146622438	-1	capHir1	3
HOMININAE	1	146622438	152595251	1	capHir1	16
HOMININAE	1	152595251	168190996	1	capHir1	16
HOMININAE	1	168190996	179706300	-1	capHir1	16
HOMININAE	1	179706300	184228436	1	capHir1	16
HOMININAE	1	184228436	190155857	1	capHir1	16
HOMININAE	1	190155857	203679245	1	capHir1	16
HOMININAE	1	203679245	215919017	1	capHir1	28
HOMININAE	1	215919017	222212080	-1	capHir1	16
HOMININAE	1	222212080	224662374	1	capHir1	7
HOMININAE	1	0	59527890	-1	equCab2	2
HOMININAE	1	59527890	121339282	-1	equCab2	5
HOMININAE	1	121339282	121895014	1	equCab2	5
HOMININAE	1	121895014	122236643	1	equCab2	5
HOMININAE	1	122236643	123410660	-1	equCab2	5
HOMININAE	1	123410660	143784886	-1	equCab2	5
HOMININAE	1	143784886	166316446	1	equCab2	5
HOMININAE	1	166316446	183408668	1	equCab2	30
HOMININAE	1	183408668	187884719	1	equCab2	5
HOMININAE	1	187884719	197526045	-1	equCab2	5
HOMININAE	1	197526045	208137480	-1	equCab2	30
HOMININAE	1	208137480	218791185	-1	equCab2	1
HOMININAE	1	218791185	224662374	-1	equCab2	30
HOMININAE	1	0	14191714	-1	galGal3	21
HOMININAE	1	14191714	66797486	1	galGal3	8
HOMININAE	1	66797486	110200768	-1	galGal3	8
HOMININAE	1	110200768	114373291	1	galGal3	26
HOMININAE	1	114373291	121339282	-1	galGal3	1
HOMININAE	1	122626001	123410660	1	galGal3	1
HOMININAE	1	124358078	140029881	-1	galGal3	8
HOMININAE	1	140029881	179908514	-1	galGal3	3
HOMININAE	1	179908514	224662374	-1	galGal3	3
HOMININAE	1	0	224662374	1	gorGor3	1
HOMININAE	1	0	224662374	1	hg19	1
HOMININAE	1	0	62469529	-1	mm10	4
HOMININAE	1	62469529	72330673	1	mm10	4
HOMININAE	1	72330673	92914230	-1	mm10	3
HOMININAE	1	92914230	121339282	-1	mm10	3
HOMININAE	1	121339282	121755961	1	mm10	3
HOMININAE	1	121755961	122236643	1	mm10	3
HOMININAE	1	122626001	123410660	-1	mm10	3
HOMININAE	1	124358078	136134295	-1	mm10	3
HOMININAE	1	136134295	191798582	-1	mm10	1
HOMININAE	1	191798582	208233372	-1	mm10	1
HOMININAE	1	208233372	212433284	1	mm10	8
HOMININAE	1	212433284	217919961	-1	mm10	13
HOMININAE	1	217919961	224662374	1	mm10	1
HOMININAE	1	0	9353628	1	monDom5	4
HOMININAE	1	9353628	12628935	-1	monDom5	4
HOMININAE	1	12628935	15667284	-1	monDom5	4
HOMININAE	1	15667284	20742651	-1	monDom5	4
HOMININAE	1	20742651	23279070	1	monDom5	4
HOMININAE	1	23279070	25409480	1	monDom5	4
HOMININAE	1	25409480	30455024	1	monDom5	4
HOMININAE	1	30455024	43698096	1	monDom5	4
HOMININAE	1	43698096	52585590	-1	monDom5	2
HOMININAE	1	52585590	72806468	-1	monDom5	2
HOMININAE	1	72806468	82829406	-1	monDom5	2
HOMININAE	1	82829406	85324099	1	monDom5	2
HOMININAE	1	85324099	90229435	-1	monDom5	2
HOMININAE	1	90229435	121339282	1	monDom5	2
HOMININAE	1	121339282	121842368	-1	monDom5	2
HOMININAE	1	121842368	122236643	-1	monDom5	2
HOMININAE	1	122626001	123410660	1	monDom5	2
HOMININAE	1	124358078	127434446	1	monDom5	2
HOMININAE	1	127434446	132040306	1	monDom5	2
HOMININAE	1	132040306	135672599	-1	monDom5	2
HOMININAE	1	135672599	162509725	1	monDom5	2
HOMININAE	1	162509725	205323193	1	monDom5	2
HOMININAE	1	205323193	208349840	1	monDom5	2
HOMININAE	1	208349840	224662374	-1	monDom5	2
HOMININAE	1	0	4820435	-1	oryCun2	13
HOMININAE	1	4820435	13320502	-1	oryCun2	13
HOMININAE	1	13320502	19113143	-1	oryCun2	13
HOMININAE	1	19113143	121747614	-1	oryCun2	13
HOMININAE	1	121747614	122236643	1	oryCun2	13
HOMININAE	1	122626001	123410660	-1	oryCun2	13
HOMININAE	1	123410660	148250700	-1	oryCun2	13
HOMININAE	1	148250700	150842416	1	oryCun2	13
HOMININAE	1	150842416	160489061	1	oryCun2	13
HOMININAE	1	160489061	206323741	-1	oryCun2	16
HOMININAE	1	206323741	214277644	-1	oryCun2	16
HOMININAE	1	214277644	218086351	1	oryCun2	16
HOMININAE	1	218086351	224662374	-1	oryCun2	16
HOMININAE	1	0	110200768	1	panTro3	1
HOMININAE	1	110200768	121339282	-1	panTro3	1
HOMININAE	1	121339282	122236643	-1	panTro3	1
HOMININAE	1	122236643	122626001	1	panTro3	1
HOMININAE	1	122626001	123410660	-1	panTro3	1
HOMININAE	1	123410660	123783639	1	panTro3	1
HOMININAE	1	123783639	124358078	-1	panTro3	1
HOMININAE	1	124358078	224662374	1	panTro3	1
HOMININAE	1	0	121339282	-1	ponAbe2	1
HOMININAE	1	121339282	121813786	1	ponAbe2	1
HOMININAE	1	121813786	121840560	-1	ponAbe2	1
HOMININAE	1	121840560	122626001	1	ponAbe2	1
HOMININAE	1	122626001	123410660	1	ponAbe2	1
HOMININAE	1	124358078	224662374	-1	ponAbe2	1
HOMININAE	1	0	121339282	1	rheMac3	1
HOMININAE	1	121339282	121651890	-1	rheMac3	1
HOMININAE	1	121651890	122236643	-1	rheMac3	1
HOMININAE	1	122236643	138278168	1	rheMac3	1
HOMININAE	1	138278168	153906937	1	rheMac3	1
HOMININAE	1	153906937	203804991	-1	rheMac3	1
HOMININAE	1	203804991	224662374	-1	rheMac3	1
HOMININAE	1	0	55409871	-1	rn4	5
HOMININAE	1	55409871	66353447	1	rn4	5
HOMININAE	1	66353447	87867312	-1	rn4	2
HOMININAE	1	87867312	91089657	-1	rn4	14
HOMININAE	1	91089657	121339282	-1	rn4	2
HOMININAE	1	121339282	121754456	1	rn4	2
HOMININAE	1	121754456	122236643	1	rn4	2
HOMININAE	1	122626001	123410660	-1	rn4	2
HOMININAE	1	124358078	138633471	-1	rn4	2
HOMININAE	1	138633471	194086428	-1	rn4	13
HOMININAE	1	194086428	209391069	-1	rn4	13
HOMININAE	1	209391069	212826944	1	rn4	19
HOMININAE	1	212826944	218372668	1	rn4	17
HOMININAE	1	218372668	224662374	1	rn4	13
HOMININAE	1	0	33075518	1	susScr2	6
HOMININAE	1	33075518	80845048	-1	susScr2	6
HOMININAE	1	80845048	121590544	-1	susScr2	4
HOMININAE	1	121590544	122236643	1	susScr2	4
HOMININAE	1	122626001	123410660	-1	susScr2	4
HOMININAE	1	123410660	153730415	-1	susScr2	4
HOMININAE	1	153730415	173503224	1	susScr2	9
HOMININAE	1	173503224	178943755	-1	susScr2	10
HOMININAE	1	178943755	185955862	1	susScr2	10
HOMININAE	1	185955862	195974132	-1	susScr2	9
HOMININAE	1	195974132	204788870	1	susScr2	10
HOMININAE	1	204788870	219284708	-1	susScr2	14
HOMININAE	1	219284708	224662374	1	susScr2	10
HOMININAE	1	0	10913934	-1	bosTau7	16
HOMININAE	1	10913934	13745835	-1	bosTau7	16
HOMININAE	1	13745835	29657886	-1	bosTau7	2
HOMININAE	1	29657886	121339282	-1	bosTau7	3
HOMININAE	1	121339282	121840068	1	bosTau7	3
HOMININAE	1	121840068	122236643	1	bosTau7	3
HOMININAE	1	122236643	123410660	-1	bosTau7	3
HOMININAE	1	123410660	147350083	-1	bosTau7	3
HOMININAE	1	147350083	151997681	1	bosTau7	16
HOMININAE	1	151997681	166746136	1	bosTau7	16
HOMININAE	1	166746136	181137943	-1	bosTau7	16
HOMININAE	1	181137943	185035481	1	bosTau7	16
HOMININAE	1	185035481	189210035	1	bosTau7	16
HOMININAE	1	189210035	197775391	-1	bosTau7	16
HOMININAE	1	197775391	208141089	1	bosTau7	16
HOMININAE	1	208141089	216210507	1	bosTau7	28
HOMININAE	1	216210507	222398195	-1	bosTau7	16
HOMININAE	1	222398195	224662374	1	bosTau7	7
HOMININAE	1	0	120776109	1	calJac3	7
HOMININAE	1	120776109	121339282	1	calJac3	18
HOMININAE	1	121339282	121751963	-1	calJac3	18
HOMININAE	1	121751963	122236643	1	calJac3	18
HOMININAE	1	122626001	123410660	-1	calJac3	18
HOMININAE	1	123410660	138253649	1	calJac3	18
HOMININAE	1	138253649	166912730	-1	calJac3	18
HOMININAE	1	166912730	172592388	1	calJac3	18
HOMININAE	1	172592388	187881042	1	calJac3	19
HOMININAE	1	187881042	204641808	-1	calJac3	19
HOMININAE	1	204641808	206933802	-1	calJac3	19
HOMININAE	1	206933802	224662374	-1	calJac3	19
HOMININAE	1	0	9091442	1	canFam2	5
HOMININAE	1	9091442	30733638	-1	canFam2	2
HOMININAE	1	30733638	40373517	-1	canFam2	15
HOMININAE	1	40373517	50725780	-1	canFam2	15
HOMININAE	1	50725780	66652568	-1	canFam2	5
HOMININAE	1	66652568	112172147	-1	canFam2	6
HOMININAE	1	112172147	114490799	-1	canFam2	17
HOMININAE	1	114490799	121339282	1	canFam2	17
HOMININAE	1	121339282	121757388	-1	canFam2	17
HOMININAE	1	121757388	122236643	-1	canFam2	17
HOMININAE	1	122236643	123410660	1	canFam2	17
HOMININAE	1	124358078	128428576	1	canFam2	17
HOMININAE	1	128428576	132430969	-1	canFam2	7
HOMININAE	1	132430969	140887272	-1	canFam2	38
HOMININAE	1	140887272	155546562	-1	canFam2	7
HOMININAE	1	155546562	163967438	1	canFam2	7
HOMININAE	1	163967438	174356267	-1	canFam2	38
HOMININAE	1	174356267	181687845	-1	canFam2	7
HOMININAE	1	181687845	185357732	1	canFam2	38
HOMININAE	1	185357732	195052351	1	canFam2	7
HOMININAE	1	195052351	202782901	1	canFam2	38
HOMININAE	1	202782901	206389236	-1	canFam2	7
HOMININAE	1	206389236	216886763	-1	canFam2	4
HOMININAE	1	216886763	224662374	1	canFam2	7
HOMININAE	1	0	10901890	-1	capHir1	16
HOMININAE	1	10901890	13929868	-1	capHir1	16
HOMININAE	1	13929868	30262958	-1	capHir1	2
HOMININAE	1	30262958	121699050	-1	capHir1	3
HOMININAE	1	121699050	122236643	1	capHir1	3
HOMININAE	1	122236643	123410660	-1	capHir1	3
HOMININAE	1	124358078	146622438	-1	capHir1	3
HOMININAE	1	146622438	152595251	1	capHir1	16
HOMININAE	1	152595251	168190996	1	capHir1	16
HOMININAE	1	168190996	179706300	-1	capHir1	16
HOMININAE	1	179706300	184228436	1	capHir1	16
HOMININAE	1	184228436	190155857	1	capHir1	16
HOMININAE	1	190155857	203679245	1	capHir1	16
HOMININAE	1	203679245	215919017	1	capHir1	28
HOMININAE	1	215919017	222212080	-1	capHir1	16
HOMININAE	1	222212080	224662374	1	capHir1	7
HOMININAE	1	0	59527890	-1	equCab2	2
HOMININAE	1	59527890	121339282	-1	equCab2	5
HOMININAE	1	121339282	121895014	1	equCab2	5
HOMININAE	1	121895014	122236643	1	equCab2	5
HOMININAE	1	122236643	123410660	-1	equCab2	5
HOMININAE	1	123410660	143784886	-1	equCab2	5
HOMININAE	1	143784886	166316446	1	equCab2	5
HOMININAE	1	166316446	183408668	1	equCab2	30
HOMININAE	1	183408668	187884719	1	equCab2	5
HOMININAE	1	187884719	197526045	-1	equCab2	5
HOMININAE	1	197526045	208137480	-1	equCab2	30
HOMININAE	1	208137480	218791185	-1	equCab2	1
HOMININAE	1	218791185	224662374	-1	equCab2	30
HOMININAE	1	0	14191714	-1	galGal3	21
HOMININAE	1	14191714	66797486	1	galGal3	8
HOMININAE	1	66797486	110200768	-1	galGal3	8
HOMININAE	1	110200768	114373291	1	galGal3	26
HOMININAE	1	114373291	121339282	-1	galGal3	1
HOMININAE	1	122626001	123410660	1	galGal3	1
HOMININAE	1	124358078	140029881	-1	galGal3	8
HOMININAE	1	140029881	179908514	-1	galGal3	3
HOMININAE	1	179908514	224662374	-1	galGal3	3
HOMININAE	1	0	224662374	1	gorGor3	1
HOMININAE	1	0	224662374	1	hg19	1
HOMININAE	1	0	62469529	-1	mm10	4
HOMININAE	1	62469529	72330673	1	mm10	4
HOMININAE	1	72330673	92914230	-1	mm10	3
HOMININAE	1	92914230	121339282	-1	mm10	3
HOMININAE	1	121339282	121755961	1	mm10	3
HOMININAE	1	121755961	122236643	1	mm10	3
HOMININAE	1	122626001	123410660	-1	mm10	3
HOMININAE	1	124358078	136134295	-1	mm10	3
HOMININAE	1	136134295	191798582	-1	mm10	1
HOMININAE	1	191798582	208233372	-1	mm10	1
HOMININAE	1	208233372	212433284	1	mm10	8
HOMININAE	1	212433284	217919961	-1	mm10	13
HOMININAE	1	217919961	224662374	1	mm10	1
HOMININAE	1	0	9353628	1	monDom5	4
HOMININAE	1	9353628	12628935	-1	monDom5	4
HOMININAE	1	12628935	15667284	-1	monDom5	4
HOMININAE	1	15667284	20742651	-1	monDom5	4
HOMININAE	1	20742651	23279070	1	monDom5	4
HOMININAE	1	23279070	25409480	1	monDom5	4
HOMININAE	1	25409480	30455024	1	monDom5	4
HOMININAE	1	30455024	43698096	1	monDom5	4
HOMININAE	1	43698096	52585590	-1	monDom5	2
HOMININAE	1	52585590	72806468	-1	monDom5	2
HOMININAE	1	72806468	82829406	-1	monDom5	2
HOMININAE	1	82829406	85324099	1	monDom5	2
HOMININAE	1	85324099	90229435	-1	monDom5	2
HOMININAE	1	90229435	121339282	1	monDom5	2
HOMININAE	1	121339282	121842368	-1	monDom5	2
HOMININAE	1	121842368	122236643	-1	monDom5	2
HOMININAE	1	122626001	123410660	1	monDom5	2
HOMININAE	1	124358078	127434446	1	monDom5	2
HOMININAE	1	127434446	132040306	1	monDom5	2
HOMININAE	1	132040306	135672599	-1	monDom5	2
HOMININAE	1	135672599	162509725	1	monDom5	2
HOMININAE	1	162509725	205323193	1	monDom5	2
HOMININAE	1	205323193	208349840	1	monDom5	2
HOMININAE	1	208349840	224662374	-1	monDom5	2
HOMININAE	1	0	4820435	-1	oryCun2	13
HOMININAE	1	4820435	13320502	-1	oryCun2	13
HOMININAE	1	13320502	19113143	-1	oryCun2	13
HOMININAE	1	19113143	121747614	-1	oryCun2	13
HOMININAE	1	121747614	122236643	1	oryCun2	13
HOMININAE	1	122626001	123410660	-1	oryCun2	13
HOMININAE	1	123410660	148250700	-1	oryCun2	13
HOMININAE	1	148250700	150842416	1	oryCun2	13
HOMININAE	1	150842416	160489061	1	oryCun2	13
HOMININAE	1	160489061	206323741	-1	oryCun2	16
HOMININAE	1	206323741	214277644	-1	oryCun2	16
HOMININAE	1	214277644	218086351	1	oryCun2	16
HOMININAE	1	218086351	224662374	-1	oryCun2	16
HOMININAE	1	0	110200768	1	panTro3	1
HOMININAE	1	110200768	121339282	-1	panTro3	1
HOMININAE	1	121339282	122236643	-1	panTro3	1
HOMININAE	1	122236643	122626001	1	panTro3	1
HOMININAE	1	122626001	123410660	-1	panTro3	1
HOMININAE	1	123410660	123783639	1	panTro3	1
HOMININAE	1	123783639	124358078	-1	panTro3	1
HOMININAE	1	124358078	224662374	1	panTro3	1
HOMININAE	1	0	121339282	-1	ponAbe2	1
HOMININAE	1	121339282	121813786	1	ponAbe2	1
HOMININAE	1	121813786	121840560	-1	ponAbe2	1
HOMININAE	1	121840560	122626001	1	ponAbe2	1
HOMININAE	1	122626001	123410660	1	ponAbe2	1
HOMININAE	1	124358078	224662374	-1	ponAbe2	1
HOMININAE	1	0	121339282	1	rheMac3	1
HOMININAE	1	121339282	121651890	-1	rheMac3	1
HOMININAE	1	121651890	122236643	-1	rheMac3	1
HOMININAE	1	122236643	138278168	1	rheMac3	1
HOMININAE	1	138278168	153906937	1	rheMac3	1
HOMININAE	1	153906937	203804991	-1	rheMac3	1
HOMININAE	1	203804991	224662374	-1	rheMac3	1
HOMININAE	1	0	55409871	-1	rn4	5
HOMININAE	1	55409871	66353447	1	rn4	5
HOMININAE	1	66353447	87867312	-1	rn4	2
HOMININAE	1	87867312	91089657	-1	rn4	14
HOMININAE	1	91089657	121339282	-1	rn4	2
HOMININAE	1	121339282	121754456	1	rn4	2
HOMININAE	1	121754456	122236643	1	rn4	2
HOMININAE	1	122626001	123410660	-1	rn4	2
HOMININAE	1	124358078	138633471	-1	rn4	2
HOMININAE	1	138633471	194086428	-1	rn4	13
HOMININAE	1	194086428	209391069	-1	rn4	13
HOMININAE	1	209391069	212826944	1	rn4	19
HOMININAE	1	212826944	218372668	1	rn4	17
HOMININAE	1	218372668	224662374	1	rn4	13
HOMININAE	1	0	33075518	1	susScr2	6
HOMININAE	1	33075518	80845048	-1	susScr2	6
HOMININAE	1	80845048	121590544	-1	susScr2	4
HOMININAE	1	121590544	122236643	1	susScr2	4
HOMININAE	1	122626001	123410660	-1	susScr2	4
HOMININAE	1	123410660	153730415	-1	susScr2	4
HOMININAE	1	153730415	173503224	1	susScr2	9
HOMININAE	1	173503224	178943755	-1	susScr2	10
HOMININAE	1	178943755	185955862	1	susScr2	10
HOMININAE	1	185955862	195974132	-1	susScr2	9
HOMININAE	1	195974132	204788870	1	susScr2	10
HOMININAE	1	204788870	219284708	-1	susScr2	14
HOMININAE	1	219284708	224662374	1	susScr2	10
HOMININAE	1	0	10913934	-1	bosTau7	16
HOMININAE	1	10913934	13745835	-1	bosTau7	16
HOMININAE	1	13745835	29657886	-1	bosTau7	2
HOMININAE	1	29657886	121339282	-1	bosTau7	3
HOMININAE	1	121339282	121840068	1	bosTau7	3
HOMININAE	1	121840068	122236643	1	bosTau7	3
HOMININAE	1	122236643	123410660	-1	bosTau7	3
HOMININAE	1	123410660	147350083	-1	bosTau7	3
HOMININAE	1	147350083	151997681	1	bosTau7	16
HOMININAE	1	151997681	166746136	1	bosTau7	16
HOMININAE	1	166746136	181137943	-1	bosTau7	16
HOMININAE	1	181137943	185035481	1	bosTau7	16
HOMININAE	1	185035481	189210035	1	bosTau7	16
HOMININAE	1	189210035	197775391	-1	bosTau7	16
HOMININAE	1	197775391	208141089	1	bosTau7	16
HOMININAE	1	208141089	216210507	1	bosTau7	28
HOMININAE	1	216210507	222398195	-1	bosTau7	16
HOMININAE	1	222398195	224662374	1	bosTau7	7
HOMININAE	1	0	120776109	1	calJac3	7
HOMININAE	1	120776109	121339282	1	calJac3	18
HOMININAE	1	121339282	121751963	-1	calJac3	18
HOMININAE	1	121751963	122236643	1	calJac3	18
HOMININAE	1	122626001	123410660	-1	calJac3	18
HOMININAE	1	123410660	138253649	1	calJac3	18
HOMININAE	1	138253649	166912730	-1	calJac3	18
HOMININAE	1	166912730	172592388	1	calJac3	18
HOMININAE	1	172592388	187881042	1	calJac3	19
HOMININAE	1	187881042	204641808	-1	calJac3	19
HOMININAE	1	204641808	206933802	-1	calJac3	19
HOMININAE	1	206933802	224662374	-1	calJac3	19
HOMININAE	1	0	9091442	1	canFam2	5
HOMININAE	1	9091442	30733638	-1	canFam2	2
HOMININAE	1	30733638	40373517	-1	canFam2	15
HOMININAE	1	40373517	50725780	-1	canFam2	15
HOMININAE	1	50725780	66652568	-1	canFam2	5
HOMININAE	1	66652568	112172147	-1	canFam2	6
HOMININAE	1	112172147	114490799	-1	canFam2	17
HOMININAE	1	114490799	121339282	1	canFam2	17
HOMININAE	1	121339282	121757388	-1	canFam2	17
HOMININAE	1	121757388	122236643	-1	canFam2	17
HOMININAE	1	122236643	123410660	1	canFam2	17
HOMININAE	1	124358078	128428576	1	canFam2	17
HOMININAE	1	128428576	132430969	-1	canFam2	7
HOMININAE	1	132430969	140887272	-1	canFam2	38
HOMININAE	1	140887272	155546562	-1	canFam2	7
HOMININAE	1	155546562	163967438	1	canFam2	7
HOMININAE	1	163967438	174356267	-1	canFam2	38
HOMININAE	1	174356267	181687845	-1	canFam2	7
HOMININAE	1	181687845	185357732	1	canFam2	38
HOMININAE	1	185357732	195052351	1	canFam2	7
HOMININAE	1	195052351	202782901	1	canFam2	38
HOMININAE	1	202782901	206389236	-1	canFam2	7
HOMININAE	1	206389236	216886763	-1	canFam2	4
HOMININAE	1	216886763	224662374	1	canFam2	7
HOMININAE	1	0	10901890	-1	capHir1	16
HOMININAE	1	10901890	13929868	-1	capHir1	16
HOMININAE	1	13929868	30262958	-1	capHir1	2
HOMININAE	1	30262958	121699050	-1	capHir1	3
HOMININAE	1	121699050	122236643	1	capHir1	3
HOMININAE	1	122236643	123410660	-1	capHir1	3
HOMININAE	1	124358078	146622438	-1	capHir1	3
HOMININAE	1	146622438	152595251	1	capHir1	16
HOMININAE	1	152595251	168190996	1	capHir1	16
HOMININAE	1	168190996	179706300	-1	capHir1	16
HOMININAE	1	179706300	184228436	1	capHir1	16
HOMININAE	1	184228436	190155857	1	capHir1	16
HOMININAE	1	190155857	203679245	1	capHir1	16
HOMININAE	1	203679245	215919017	1	capHir1	28
HOMININAE	1	215919017	222212080	-1	capHir1	16
HOMININAE	1	222212080	224662374	1	capHir1	7
HOMININAE	1	0	59527890	-1	equCab2	2
HOMININAE	1	59527890	121339282	-1	equCab2	5
HOMININAE	1	121339282	121895014	1	equCab2	5
HOMININAE	1	121895014	122236643	1	equCab2	5
HOMININAE	1	122236643	123410660	-1	equCab2	5
HOMININAE	1	123410660	143784886	-1	equCab2	5
HOMININAE	1	143784886	166316446	1	equCab2	5
HOMININAE	1	166316446	183408668	1	equCab2	30
HOMININAE	1	183408668	187884719	1	equCab2	5
HOMININAE	1	187884719	197526045	-1	equCab2	5
HOMININAE	1	197526045	208137480	-1	equCab2	30
HOMININAE	1	208137480	218791185	-1	equCab2	1
HOMININAE	1	218791185	224662374	-1	equCab2	30
HOMININAE	1	0	14191714	-1	galGal3	21
HOMININAE	1	14191714	66797486	1	galGal3	8
HOMININAE	1	66797486	110200768	-1	galGal3	8
HOMININAE	1	110200768	114373291	1	galGal3	26
HOMININAE	1	114373291	121339282	-1	galGal3	1
HOMININAE	1	122626001	123410660	1	galGal3	1
HOMININAE	1	124358078	140029881	-1	galGal3	8
HOMININAE	1	140029881	179908514	-1	galGal3	3
HOMININAE	1	179908514	224662374	-1	galGal3	3
HOMININAE	1	0	224662374	1	gorGor3	1
HOMININAE	1	0	224662374	1	hg19	1
HOMININAE	1	0	62469529	-1	mm10	4
HOMININAE	1	62469529	72330673	1	mm10	4
HOMININAE	1	72330673	92914230	-1	mm10	3
HOMININAE	1	92914230	121339282	-1	mm10	3
HOMININAE	1	121339282	121755961	1	mm10	3
HOMININAE	1	121755961	122236643	1	mm10	3
HOMININAE	1	122626001	123410660	-1	mm10	3
HOMININAE	1	124358078	136134295	-1	mm10	3
HOMININAE	1	136134295	191798582	-1	mm10	1
HOMININAE	1	191798582	208233372	-1	mm10	1
HOMININAE	1	208233372	212433284	1	mm10	8
HOMININAE	1	212433284	217919961	-1	mm10	13
HOMININAE	1	217919961	224662374	1	mm10	1
HOMININAE	1	0	9353628	1	monDom5	4
HOMININAE	1	9353628	12628935	-1	monDom5	4
HOMININAE	1	12628935	15667284	-1	monDom5	4
HOMININAE	1	15667284	20742651	-1	monDom5	4
HOMININAE	1	20742651	23279070	1	monDom5	4
HOMININAE	1	23279070	25409480	1	monDom5	4
HOMININAE	1	25409480	30455024	1	monDom5	4
HOMININAE	1	30455024	43698096	1	monDom5	4
HOMININAE	1	43698096	52585590	-1	monDom5	2
HOMININAE	1	52585590	72806468	-1	monDom5	2
HOMININAE	1	72806468	82829406	-1	monDom5	2
HOMININAE	1	82829406	85324099	1	monDom5	2
HOMININAE	1	85324099	90229435	-1	monDom5	2
HOMININAE	1	90229435	121339282	1	monDom5	2
HOMININAE	1	121339282	121842368	-1	monDom5	2
HOMININAE	1	121842368	122236643	-1	monDom5	2
HOMININAE	1	122626001	123410660	1	monDom5	2
HOMININAE	1	124358078	127434446	1	monDom5	2
HOMININAE	1	127434446	132040306	1	monDom5	2
HOMININAE	1	132040306	135672599	-1	monDom5	2
HOMININAE	1	135672599	162509725	1	monDom5	2
HOMININAE	1	162509725	205323193	1	monDom5	2
HOMININAE	1	205323193	208349840	1	monDom5	2
HOMININAE	1	208349840	224662374	-1	monDom5	2
HOMININAE	1	0	4820435	-1	oryCun2	13
HOMININAE	1	4820435	13320502	-1	oryCun2	13
HOMININAE	1	13320502	19113143	-1	oryCun2	13
HOMININAE	1	19113143	121747614	-1	oryCun2	13
HOMININAE	1	121747614	122236643	1	oryCun2	13
HOMININAE	1	122626001	123410660	-1	oryCun2	13
HOMININAE	1	123410660	148250700	-1	oryCun2	13
HOMININAE	1	148250700	150842416	1	oryCun2	13
HOMININAE	1	150842416	160489061	1	oryCun2	13
HOMININAE	1	160489061	206323741	-1	oryCun2	16
HOMININAE	1	206323741	214277644	-1	oryCun2	16
HOMININAE	1	214277644	218086351	1	oryCun2	16
HOMININAE	1	218086351	224662374	-1	oryCun2	16
HOMININAE	1	0	110200768	1	panTro3	1
HOMININAE	1	110200768	121339282	-1	panTro3	1
HOMININAE	1	121339282	122236643	-1	panTro3	1
HOMININAE	1	122236643	122626001	1	panTro3	1
HOMININAE	1	122626001	123410660	-1	panTro3	1
HOMININAE	1	123410660	123783639	1	panTro3	1
HOMININAE	1	123783639	124358078	-1	panTro3	1
HOMININAE	1	124358078	224662374	1	panTro3	1
HOMININAE	1	0	121339282	-1	ponAbe2	1
HOMININAE	1	121339282	121813786	1	ponAbe2	1
HOMININAE	1	121813786	121840560	-1	ponAbe2	1
HOMININAE	1	121840560	122626001	1	ponAbe2	1
HOMININAE	1	122626001	123410660	1	ponAbe2	1
HOMININAE	1	124358078	224662374	-1	ponAbe2	1
HOMININAE	1	0	121339282	1	rheMac3	1
HOMININAE	1	121339282	121651890	-1	rheMac3	1
HOMININAE	1	121651890	122236643	-1	rheMac3	1
HOMININAE	1	122236643	138278168	1	rheMac3	1
HOMININAE	1	138278168	153906937	1	rheMac3	1
HOMININAE	1	153906937	203804991	-1	rheMac3	1
HOMININAE	1	203804991	224662374	-1	rheMac3	1
HOMININAE	1	0	55409871	-1	rn4	5
HOMININAE	1	55409871	66353447	1	rn4	5
HOMININAE	1	66353447	87867312	-1	rn4	2
HOMININAE	1	87867312	91089657	-1	rn4	14
HOMININAE	1	91089657	121339282	-1	rn4	2
HOMININAE	1	121339282	121754456	1	rn4	2
HOMININAE	1	121754456	122236643	1	rn4	2
HOMININAE	1	122626001	123410660	-1	rn4	2
HOMININAE	1	124358078	138633471	-1	rn4	2
HOMININAE	1	138633471	194086428	-1	rn4	13
HOMININAE	1	194086428	209391069	-1	rn4	13
HOMININAE	1	209391069	212826944	1	rn4	19
HOMININAE	1	212826944	218372668	1	rn4	17
HOMININAE	1	218372668	224662374	1	rn4	13
HOMININAE	1	0	33075518	1	susScr2	6
HOMININAE	1	33075518	80845048	-1	susScr2	6
HOMININAE	1	80845048	121590544	-1	susScr2	4
HOMININAE	1	121590544	122236643	1	susScr2	4
HOMININAE	1	122626001	123410660	-1	susScr2	4
HOMININAE	1	123410660	153730415	-1	susScr2	4
HOMININAE	1	153730415	173503224	1	susScr2	9
HOMININAE	1	173503224	178943755	-1	susScr2	10
HOMININAE	1	178943755	185955862	1	susScr2	10
HOMININAE	1	185955862	195974132	-1	susScr2	9
HOMININAE	1	195974132	204788870	1	susScr2	10
HOMININAE	1	204788870	219284708	-1	susScr2	14
HOMININAE	1	219284708	224662374	1	susScr2	10
HOMININAE	1	0	10913934	-1	bosTau7	16
HOMININAE	1	10913934	13745835	-1	bosTau7	16
HOMININAE	1	13745835	29657886	-1	bosTau7	2
HOMININAE	1	29657886	121339282	-1	bosTau7	3
HOMININAE	1	121339282	121840068	1	bosTau7	3
HOMININAE	1	121840068	122236643	1	bosTau7	3
HOMININAE	1	122236643	123410660	-1	bosTau7	3
HOMININAE	1	123410660	147350083	-1	bosTau7	3
HOMININAE	1	147350083	151997681	1	bosTau7	16
HOMININAE	1	151997681	166746136	1	bosTau7	16
HOMININAE	1	166746136	181137943	-1	bosTau7	16
HOMININAE	1	181137943	185035481	1	bosTau7	16
HOMININAE	1	185035481	189210035	1	bosTau7	16
HOMININAE	1	189210035	197775391	-1	bosTau7	16
HOMININAE	1	197775391	208141089	1	bosTau7	16
HOMININAE	1	208141089	216210507	1	bosTau7	28
HOMININAE	1	216210507	222398195	-1	bosTau7	16
HOMININAE	1	222398195	224662374	1	bosTau7	7
HOMININAE	1	0	120776109	1	calJac3	7
HOMININAE	1	120776109	121339282	1	calJac3	18
HOMININAE	1	121339282	121751963	-1	calJac3	18
HOMININAE	1	121751963	122236643	1	calJac3	18
HOMININAE	1	122626001	123410660	-1	calJac3	18
HOMININAE	1	123410660	138253649	1	calJac3	18
HOMININAE	1	138253649	166912730	-1	calJac3	18
HOMININAE	1	166912730	172592388	1	calJac3	18
HOMININAE	1	172592388	187881042	1	calJac3	19
HOMININAE	1	187881042	204641808	-1	calJac3	19
HOMININAE	1	204641808	206933802	-1	calJac3	19
HOMININAE	1	206933802	224662374	-1	calJac3	19
HOMININAE	1	0	9091442	1	canFam2	5
HOMININAE	1	9091442	30733638	-1	canFam2	2
HOMININAE	1	30733638	40373517	-1	canFam2	15
HOMININAE	1	40373517	50725780	-1	canFam2	15
HOMININAE	1	50725780	66652568	-1	canFam2	5
HOMININAE	1	66652568	112172147	-1	canFam2	6
HOMININAE	1	112172147	114490799	-1	canFam2	17
HOMININAE	1	114490799	121339282	1	canFam2	17
HOMININAE	1	121339282	121757388	-1	canFam2	17
HOMININAE	1	121757388	122236643	-1	canFam2	17
HOMININAE	1	122236643	123410660	1	canFam2	17
HOMININAE	1	124358078	128428576	1	canFam2	17
HOMININAE	1	128428576	132430969	-1	canFam2	7
HOMININAE	1	132430969	140887272	-1	canFam2	38
HOMININAE	1	140887272	155546562	-1	canFam2	7
HOMININAE	1	155546562	163967438	1	canFam2	7
HOMININAE	1	163967438	174356267	-1	canFam2	38
HOMININAE	1	174356267	181687845	-1	canFam2	7
HOMININAE	1	181687845	185357732	1	canFam2	38
HOMININAE	1	185357732	195052351	1	canFam2	7
HOMININAE	1	195052351	202782901	1	canFam2	38
HOMININAE	1	202782901	206389236	-1	canFam2	7
HOMININAE	1	206389236	216886763	-1	canFam2	4
HOMININAE	1	216886763	224662374	1	canFam2	7
HOMININAE	1	0	10901890	-1	capHir1	16
HOMININAE	1	10901890	13929868	-1	capHir1	16
HOMININAE	1	13929868	30262958	-1	capHir1	2
HOMININAE	1	30262958	121699050	-1	capHir1	3
HOMININAE	1	121699050	122236643	1	capHir1	3
HOMININAE	1	122236643	123410660	-1	capHir1	3
HOMININAE	1	124358078	146622438	-1	capHir1	3
HOMININAE	1	146622438	152595251	1	capHir1	16
HOMININAE	1	152595251	168190996	1	capHir1	16
HOMININAE	1	168190996	179706300	-1	capHir1	16
HOMININAE	1	179706300	184228436	1	capHir1	16
HOMININAE	1	184228436	190155857	1	capHir1	16
HOMININAE	1	190155857	203679245	1	capHir1	16
HOMININAE	1	203679245	215919017	1	capHir1	28
HOMININAE	1	215919017	222212080	-1	capHir1	16
HOMININAE	1	222212080	224662374	1	capHir1	7
HOMININAE	1	0	59527890	-1	equCab2	2
HOMININAE	1	59527890	121339282	-1	equCab2	5
HOMININAE	1	121339282	121895014	1	equCab2	5
HOMININAE	1	121895014	122236643	1	equCab2	5
HOMININAE	1	122236643	123410660	-1	equCab2	5
HOMININAE	1	123410660	143784886	-1	equCab2	5
HOMININAE	1	143784886	166316446	1	equCab2	5
HOMININAE	1	166316446	183408668	1	equCab2	30
HOMININAE	1	183408668	187884719	1	equCab2	5
HOMININAE	1	187884719	197526045	-1	equCab2	5
HOMININAE	1	197526045	208137480	-1	equCab2	30
HOMININAE	1	208137480	218791185	-1	equCab2	1
HOMININAE	1	218791185	224662374	-1	equCab2	30
HOMININAE	1	0	14191714	-1	galGal3	21
HOMININAE	1	14191714	66797486	1	galGal3	8
HOMININAE	1	66797486	110200768	-1	galGal3	8
HOMININAE	1	110200768	114373291	1	galGal3	26
HOMININAE	1	114373291	121339282	-1	galGal3	1
HOMININAE	1	122626001	123410660	1	galGal3	1
HOMININAE	1	124358078	140029881	-1	galGal3	8
HOMININAE	1	140029881	179908514	-1	galGal3	3
HOMININAE	1	179908514	224662374	-1	galGal3	3
HOMININAE	1	0	224662374	1	gorGor3	1
HOMININAE	1	0	224662374	1	hg19	1
HOMININAE	1	0	62469529	-1	mm10	4
HOMININAE	1	62469529	72330673	1	mm10	4
HOMININAE	1	72330673	92914230	-1	mm10	3
HOMININAE	1	92914230	121339282	-1	mm10	3
HOMININAE	1	121339282	121755961	1	mm10	3
HOMININAE	1	121755961	122236643	1	mm10	3
HOMININAE	1	122626001	123410660	-1	mm10	3
HOMININAE	1	124358078	136134295	-1	mm10	3
HOMININAE	1	136134295	191798582	-1	mm10	1
HOMININAE	1	191798582	208233372	-1	mm10	1
HOMININAE	1	208233372	212433284	1	mm10	8
HOMININAE	1	212433284	217919961	-1	mm10	13
HOMININAE	1	217919961	224662374	1	mm10	1
HOMININAE	1	0	9353628	1	monDom5	4
HOMININAE	1	9353628	12628935	-1	monDom5	4
HOMININAE	1	12628935	15667284	-1	monDom5	4
HOMININAE	1	15667284	20742651	-1	monDom5	4
HOMININAE	1	20742651	23279070	1	monDom5	4
HOMININAE	1	23279070	25409480	1	monDom5	4
HOMININAE	1	25409480	30455024	1	monDom5	4
HOMININAE	1	30455024	43698096	1	monDom5	4
HOMININAE	1	43698096	52585590	-1	monDom5	2
HOMININAE	1	52585590	72806468	-1	monDom5	2
HOMININAE	1	72806468	82829406	-1	monDom5	2
HOMININAE	1	82829406	85324099	1	monDom5	2
HOMININAE	1	85324099	90229435	-1	monDom5	2
HOMININAE	1	90229435	121339282	1	monDom5	2
HOMININAE	1	121339282	121842368	-1	monDom5	2
HOMININAE	1	121842368	122236643	-1	monDom5	2
HOMININAE	1	122626001	123410660	1	monDom5	2
HOMININAE	1	124358078	127434446	1	monDom5	2
HOMININAE	1	127434446	132040306	1	monDom5	2
HOMININAE	1	132040306	135672599	-1	monDom5	2
HOMININAE	1	135672599	162509725	1	monDom5	2
HOMININAE	1	162509725	205323193	1	monDom5	2
HOMININAE	1	205323193	208349840	1	monDom5	2
HOMININAE	1	208349840	224662374	-1	monDom5	2
HOMININAE	1	0	4820435	-1	oryCun2	13
HOMININAE	1	4820435	13320502	-1	oryCun2	13
HOMININAE	1	13320502	19113143	-1	oryCun2	13
HOMININAE	1	19113143	121747614	-1	oryCun2	13
HOMININAE	1	121747614	122236643	1	oryCun2	13
HOMININAE	1	122626001	123410660	-1	oryCun2	13
HOMININAE	1	123410660	148250700	-1	oryCun2	13
HOMININAE	1	148250700	150842416	1	oryCun2	13
HOMININAE	1	150842416	160489061	1	oryCun2	13
HOMININAE	1	160489061	206323741	-1	oryCun2	16
HOMININAE	1	206323741	214277644	-1	oryCun2	16
HOMININAE	1	214277644	218086351	1	oryCun2	16
HOMININAE	1	218086351	224662374	-1	oryCun2	16
HOMININAE	1	0	110200768	1	panTro3	1
HOMININAE	1	110200768	121339282	-1	panTro3	1
HOMININAE	1	121339282	122236643	-1	panTro3	1
HOMININAE	1	122236643	122626001	1	panTro3	1
HOMININAE	1	122626001	123410660	-1	panTro3	1
HOMININAE	1	123410660	123783639	1	panTro3	1
HOMININAE	1	123783639	124358078	-1	panTro3	1
HOMININAE	1	124358078	224662374	1	panTro3	1
HOMININAE	1	0	121339282	-1	ponAbe2	1
HOMININAE	1	121339282	121813786	1	ponAbe2	1
HOMININAE	1	121813786	121840560	-1	ponAbe2	1
HOMININAE	1	121840560	122626001	1	ponAbe2	1
HOMININAE	1	122626001	123410660	1	ponAbe2	1
HOMININAE	1	124358078	224662374	-1	ponAbe2	1
HOMININAE	1	0	121339282	1	rheMac3	1
HOMININAE	1	121339282	121651890	-1	rheMac3	1
HOMININAE	1	121651890	122236643	-1	rheMac3	1
HOMININAE	1	122236643	138278168	1	rheMac3	1
HOMININAE	1	138278168	153906937	1	rheMac3	1
HOMININAE	1	153906937	203804991	-1	rheMac3	1
HOMININAE	1	203804991	224662374	-1	rheMac3	1
HOMININAE	1	0	55409871	-1	rn4	5
HOMININAE	1	55409871	66353447	1	rn4	5
HOMININAE	1	66353447	87867312	-1	rn4	2
HOMININAE	1	87867312	91089657	-1	rn4	14
HOMININAE	1	91089657	121339282	-1	rn4	2
HOMININAE	1	121339282	121754456	1	rn4	2
HOMININAE	1	121754456	122236643	1	rn4	2
HOMININAE	1	122626001	123410660	-1	rn4	2
HOMININAE	1	124358078	138633471	-1	rn4	2
HOMININAE	1	138633471	194086428	-1	rn4	13
HOMININAE	1	194086428	209391069	-1	rn4	13
HOMININAE	1	209391069	212826944	1	rn4	19
HOMININAE	1	212826944	218372668	1	rn4	17
HOMININAE	1	218372668	224662374	1	rn4	13
HOMININAE	1	0	33075518	1	susScr2	6
HOMININAE	1	33075518	80845048	-1	susScr2	6
HOMININAE	1	80845048	121590544	-1	susScr2	4
HOMININAE	1	121590544	122236643	1	susScr2	4
HOMININAE	1	122626001	123410660	-1	susScr2	4
HOMININAE	1	123410660	153730415	-1	susScr2	4
HOMININAE	1	153730415	173503224	1	susScr2	9
HOMININAE	1	173503224	178943755	-1	susScr2	10
HOMININAE	1	178943755	185955862	1	susScr2	10
HOMININAE	1	185955862	195974132	-1	susScr2	9
HOMININAE	1	195974132	204788870	1	susScr2	10
HOMININAE	1	204788870	219284708	-1	susScr2	14
HOMININAE	1	219284708	224662374	1	susScr2	10
HOMININAE	1	0	10913934	-1	bosTau7	16
HOMININAE	1	10913934	13745835	-1	bosTau7	16
HOMININAE	1	13745835	29657886	-1	bosTau7	2
HOMININAE	1	29657886	121339282	-1	bosTau7	3
HOMININAE	1	121339282	121840068	1	bosTau7	3
HOMININAE	1	121840068	122236643	1	bosTau7	3
HOMININAE	1	122236643	123410660	-1	bosTau7	3
HOMININAE	1	123410660	147350083	-1	bosTau7	3
HOMININAE	1	147350083	151997681	1	bosTau7	16
HOMININAE	1	151997681	166746136	1	bosTau7	16
HOMININAE	1	166746136	181137943	-1	bosTau7	16
HOMININAE	1	181137943	185035481	1	bosTau7	16
HOMININAE	1	185035481	189210035	1	bosTau7	16
HOMININAE	1	189210035	197775391	-1	bosTau7	16
HOMININAE	1	197775391	208141089	1	bosTau7	16
HOMININAE	1	208141089	216210507	1	bosTau7	28
HOMININAE	1	216210507	222398195	-1	bosTau7	16
HOMININAE	1	222398195	224662374	1	bosTau7	7
HOMININAE	1	0	120776109	1	calJac3	7
HOMININAE	1	120776109	121339282	1	calJac3	18
HOMININAE	1	121339282	121751963	-1	calJac3	18
HOMININAE	1	121751963	122236643	1	calJac3	18
HOMININAE	1	122626001	123410660	-1	calJac3	18
HOMININAE	1	123410660	138253649	1	calJac3	18
HOMININAE	1	138253649	166912730	-1	calJac3	18
HOMININAE	1	166912730	172592388	1	calJac3	18
HOMININAE	1	172592388	187881042	1	calJac3	19
HOMININAE	1	187881042	204641808	-1	calJac3	19
HOMININAE	1	204641808	206933802	-1	calJac3	19
HOMININAE	1	206933802	224662374	-1	calJac3	19
HOMININAE	1	0	9091442	1	canFam2	5
HOMININAE	1	9091442	30733638	-1	canFam2	2
HOMININAE	1	30733638	40373517	-1	canFam2	15
HOMININAE	1	40373517	50725780	-1	canFam2	15
HOMININAE	1	50725780	66652568	-1	canFam2	5
HOMININAE	1	66652568	112172147	-1	canFam2	6
HOMININAE	1	112172147	114490799	-1	canFam2	17
HOMININAE	1	114490799	121339282	1	canFam2	17
HOMININAE	1	121339282	121757388	-1	canFam2	17
HOMININAE	1	121757388	122236643	-1	canFam2	17
HOMININAE	1	122236643	123410660	1	canFam2	17
HOMININAE	1	124358078	128428576	1	canFam2	17
HOMININAE	1	128428576	132430969	-1	canFam2	7
HOMININAE	1	132430969	140887272	-1	canFam2	38
HOMININAE	1	140887272	155546562	-1	canFam2	7
HOMININAE	1	155546562	163967438	1	canFam2	7
HOMININAE	1	163967438	174356267	-1	canFam2	38
HOMININAE	1	174356267	181687845	-1	canFam2	7
HOMININAE	1	181687845	185357732	1	canFam2	38
HOMININAE	1	185357732	195052351	1	canFam2	7
HOMININAE	1	195052351	202782901	1	canFam2	38
HOMININAE	1	202782901	206389236	-1	canFam2	7
HOMININAE	1	206389236	216886763	-1	canFam2	4
HOMININAE	1	216886763	224662374	1	canFam2	7
HOMININAE	1	0	10901890	-1	capHir1	16
HOMININAE	1	10901890	13929868	-1	capHir1	16
HOMININAE	1	13929868	30262958	-1	capHir1	2
HOMININAE	1	30262958	121699050	-1	capHir1	3
HOMININAE	1	121699050	122236643	1	capHir1	3
HOMININAE	1	122236643	123410660	-1	capHir1	3
HOMININAE	1	124358078	146622438	-1	capHir1	3
HOMININAE	1	146622438	152595251	1	capHir1	16
HOMININAE	1	152595251	168190996	1	capHir1	16
HOMININAE	1	168190996	179706300	-1	capHir1	16
HOMININAE	1	179706300	184228436	1	capHir1	16
HOMININAE	1	184228436	190155857	1	capHir1	16
HOMININAE	1	190155857	203679245	1	capHir1	16
HOMININAE	1	203679245	215919017	1	capHir1	28
HOMININAE	1	215919017	222212080	-1	capHir1	16
HOMININAE	1	222212080	224662374	1	capHir1	7
HOMININAE	1	0	59527890	-1	equCab2	2
HOMININAE	1	59527890	121339282	-1	equCab2	5
HOMININAE	1	121339282	121895014	1	equCab2	5
HOMININAE	1	121895014	122236643	1	equCab2	5
HOMININAE	1	122236643	123410660	-1	equCab2	5
HOMININAE	1	123410660	143784886	-1	equCab2	5
HOMININAE	1	143784886	166316446	1	equCab2	5
HOMININAE	1	166316446	183408668	1	equCab2	30
HOMININAE	1	183408668	187884719	1	equCab2	5
HOMININAE	1	187884719	197526045	-1	equCab2	5
HOMININAE	1	197526045	208137480	-1	equCab2	30
HOMININAE	1	208137480	218791185	-1	equCab2	1
HOMININAE	1	218791185	224662374	-1	equCab2	30
HOMININAE	1	0	14191714	-1	galGal3	21
HOMININAE	1	14191714	66797486	1	galGal3	8
HOMININAE	1	66797486	110200768	-1	galGal3	8
HOMININAE	1	110200768	114373291	1	galGal3	26
HOMININAE	1	114373291	121339282	-1	galGal3	1
HOMININAE	1	122626001	123410660	1	galGal3	1
HOMININAE	1	124358078	140029881	-1	galGal3	8
HOMININAE	1	140029881	179908514	-1	galGal3	3
HOMININAE	1	179908514	224662374	-1	galGal3	3
HOMININAE	1	0	224662374	1	gorGor3	1
HOMININAE	1	0	224662374	1	hg19	1
HOMININAE	1	0	62469529	-1	mm10	4
HOMININAE	1	62469529	72330673	1	mm10	4
HOMININAE	1	72330673	92914230	-1	mm10	3
HOMININAE	1	92914230	121339282	-1	mm10	3
HOMININAE	1	121339282	121755961	1	mm10	3
HOMININAE	1	121755961	122236643	1	mm10	3
HOMININAE	1	122626001	123410660	-1	mm10	3
HOMININAE	1	124358078	136134295	-1	mm10	3
HOMININAE	1	136134295	191798582	-1	mm10	1
HOMININAE	1	191798582	208233372	-1	mm10	1
HOMININAE	1	208233372	212433284	1	mm10	8
HOMININAE	1	212433284	217919961	-1	mm10	13
HOMININAE	1	217919961	224662374	1	mm10	1
HOMININAE	1	0	9353628	1	monDom5	4
HOMININAE	1	9353628	12628935	-1	monDom5	4
HOMININAE	1	12628935	15667284	-1	monDom5	4
HOMININAE	1	15667284	20742651	-1	monDom5	4
HOMININAE	1	20742651	23279070	1	monDom5	4
HOMININAE	1	23279070	25409480	1	monDom5	4
HOMININAE	1	25409480	30455024	1	monDom5	4
HOMININAE	1	30455024	43698096	1	monDom5	4
HOMININAE	1	43698096	52585590	-1	monDom5	2
HOMININAE	1	52585590	72806468	-1	monDom5	2
HOMININAE	1	72806468	82829406	-1	monDom5	2
HOMININAE	1	82829406	85324099	1	monDom5	2
HOMININAE	1	85324099	90229435	-1	monDom5	2
HOMININAE	1	90229435	121339282	1	monDom5	2
HOMININAE	1	121339282	121842368	-1	monDom5	2
HOMININAE	1	121842368	122236643	-1	monDom5	2
HOMININAE	1	122626001	123410660	1	monDom5	2
HOMININAE	1	124358078	127434446	1	monDom5	2
HOMININAE	1	127434446	132040306	1	monDom5	2
HOMININAE	1	132040306	135672599	-1	monDom5	2
HOMININAE	1	135672599	162509725	1	monDom5	2
HOMININAE	1	162509725	205323193	1	monDom5	2
HOMININAE	1	205323193	208349840	1	monDom5	2
HOMININAE	1	208349840	224662374	-1	monDom5	2
HOMININAE	1	0	4820435	-1	oryCun2	13
HOMININAE	1	4820435	13320502	-1	oryCun2	13
HOMININAE	1	13320502	19113143	-1	oryCun2	13
HOMININAE	1	19113143	121747614	-1	oryCun2	13
HOMININAE	1	121747614	122236643	1	oryCun2	13
HOMININAE	1	122626001	123410660	-1	oryCun2	13
HOMININAE	1	123410660	148250700	-1	oryCun2	13
HOMININAE	1	148250700	150842416	1	oryCun2	13
HOMININAE	1	150842416	160489061	1	oryCun2	13
HOMININAE	1	160489061	206323741	-1	oryCun2	16
HOMININAE	1	206323741	214277644	-1	oryCun2	16
HOMININAE	1	214277644	218086351	1	oryCun2	16
HOMININAE	1	218086351	224662374	-1	oryCun2	16
HOMININAE	1	0	110200768	1	panTro3	1
HOMININAE	1	110200768	121339282	-1	panTro3	1
HOMININAE	1	121339282	122236643	-1	panTro3	1
HOMININAE	1	122236643	122626001	1	panTro3	1
HOMININAE	1	122626001	123410660	-1	panTro3	1
HOMININAE	1	123410660	123783639	1	panTro3	1
HOMININAE	1	123783639	124358078	-1	panTro3	1
HOMININAE	1	124358078	224662374	1	panTro3	1
HOMININAE	1	0	121339282	-1	ponAbe2	1
HOMININAE	1	121339282	121813786	1	ponAbe2	1
HOMININAE	1	121813786	121840560	-1	ponAbe2	1
HOMININAE	1	121840560	122626001	1	ponAbe2	1
HOMININAE	1	122626001	123410660	1	ponAbe2	1
HOMININAE	1	124358078	224662374	-1	ponAbe2	1
HOMININAE	1	0	121339282	1	rheMac3	1
HOMININAE	1	121339282	121651890	-1	rheMac3	1
HOMININAE	1	121651890	122236643	-1	rheMac3	1
HOMININAE	1	122236643	138278168	1	rheMac3	1
HOMININAE	1	138278168	153906937	1	rheMac3	1
HOMININAE	1	153906937	203804991	-1	rheMac3	1
HOMININAE	1	203804991	224662374	-1	rheMac3	1
HOMININAE	1	0	55409871	-1	rn4	5
HOMININAE	1	55409871	66353447	1	rn4	5
HOMININAE	1	66353447	87867312	-1	rn4	2
HOMININAE	1	87867312	91089657	-1	rn4	14
HOMININAE	1	91089657	121339282	-1	rn4	2
HOMININAE	1	121339282	121754456	1	rn4	2
HOMININAE	1	121754456	122236643	1	rn4	2
HOMININAE	1	122626001	123410660	-1	rn4	2
HOMININAE	1	124358078	138633471	-1	rn4	2
HOMININAE	1	138633471	194086428	-1	rn4	13
HOMININAE	1	194086428	209391069	-1	rn4	13
HOMININAE	1	209391069	212826944	1	rn4	19
HOMININAE	1	212826944	218372668	1	rn4	17
HOMININAE	1	218372668	224662374	1	rn4	13
HOMININAE	1	0	33075518	1	susScr2	6
HOMININAE	1	33075518	80845048	-1	susScr2	6
HOMININAE	1	80845048	121590544	-1	susScr2	4
HOMININAE	1	121590544	122236643	1	susScr2	4
HOMININAE	1	122626001	123410660	-1	susScr2	4
HOMININAE	1	123410660	153730415	-1	susScr2	4
HOMININAE	1	153730415	173503224	1	susScr2	9
HOMININAE	1	173503224	178943755	-1	susScr2	10
HOMININAE	1	178943755	185955862	1	susScr2	10
HOMININAE	1	185955862	195974132	-1	susScr2	9
HOMININAE	1	195974132	204788870	1	susScr2	10
HOMININAE	1	204788870	219284708	-1	susScr2	14
HOMININAE	1	219284708	224662374	1	susScr2	10
HOMININAE	1	0	10913934	-1	bosTau7	16
HOMININAE	1	10913934	13745835	-1	bosTau7	16
HOMININAE	1	13745835	29657886	-1	bosTau7	2
HOMININAE	1	29657886	121339282	-1	bosTau7	3
HOMININAE	1	121339282	121840068	1	bosTau7	3
HOMININAE	1	121840068	122236643	1	bosTau7	3
HOMININAE	1	122236643	123410660	-1	bosTau7	3
HOMININAE	1	123410660	147350083	-1	bosTau7	3
HOMININAE	1	147350083	151997681	1	bosTau7	16
HOMININAE	1	151997681	166746136	1	bosTau7	16
HOMININAE	1	166746136	181137943	-1	bosTau7	16
HOMININAE	1	181137943	185035481	1	bosTau7	16
HOMININAE	1	185035481	189210035	1	bosTau7	16
HOMININAE	1	189210035	197775391	-1	bosTau7	16
HOMININAE	1	197775391	208141089	1	bosTau7	16
HOMININAE	1	208141089	216210507	1	bosTau7	28
HOMININAE	1	216210507	222398195	-1	bosTau7	16
HOMININAE	1	222398195	224662374	1	bosTau7	7
HOMININAE	1	0	120776109	1	calJac3	7
HOMININAE	1	120776109	121339282	1	calJac3	18
HOMININAE	1	121339282	121751963	-1	calJac3	18
HOMININAE	1	121751963	122236643	1	calJac3	18
HOMININAE	1	122626001	123410660	-1	calJac3	18
HOMININAE	1	123410660	138253649	1	calJac3	18
HOMININAE	1	138253649	166912730	-1	calJac3	18
HOMININAE	1	166912730	172592388	1	calJac3	18
HOMININAE	1	172592388	187881042	1	calJac3	19
HOMININAE	1	187881042	204641808	-1	calJac3	19
HOMININAE	1	204641808	206933802	-1	calJac3	19
HOMININAE	1	206933802	224662374	-1	calJac3	19
HOMININAE	1	0	9091442	1	canFam2	5
HOMININAE	1	9091442	30733638	-1	canFam2	2
HOMININAE	1	30733638	40373517	-1	canFam2	15
HOMININAE	1	40373517	50725780	-1	canFam2	15
HOMININAE	1	50725780	66652568	-1	canFam2	5
HOMININAE	1	66652568	112172147	-1	canFam2	6
HOMININAE	1	112172147	114490799	-1	canFam2	17
HOMININAE	1	114490799	121339282	1	canFam2	17
HOMININAE	1	121339282	121757388	-1	canFam2	17
HOMININAE	1	121757388	122236643	-1	canFam2	17
HOMININAE	1	122236643	123410660	1	canFam2	17
HOMININAE	1	124358078	128428576	1	canFam2	17
HOMININAE	1	128428576	132430969	-1	canFam2	7
HOMININAE	1	132430969	140887272	-1	canFam2	38
HOMININAE	1	140887272	155546562	-1	canFam2	7
HOMININAE	1	155546562	163967438	1	canFam2	7
HOMININAE	1	163967438	174356267	-1	canFam2	38
HOMININAE	1	174356267	181687845	-1	canFam2	7
HOMININAE	1	181687845	185357732	1	canFam2	38
HOMININAE	1	185357732	195052351	1	canFam2	7
HOMININAE	1	195052351	202782901	1	canFam2	38
HOMININAE	1	202782901	206389236	-1	canFam2	7
HOMININAE	1	206389236	216886763	-1	canFam2	4
HOMININAE	1	216886763	224662374	1	canFam2	7
HOMININAE	1	0	10901890	-1	capHir1	16
HOMININAE	1	10901890	13929868	-1	capHir1	16
HOMININAE	1	13929868	30262958	-1	capHir1	2
HOMININAE	1	30262958	121699050	-1	capHir1	3
HOMININAE	1	121699050	122236643	1	capHir1	3
HOMININAE	1	122236643	123410660	-1	capHir1	3
HOMININAE	1	124358078	146622438	-1	capHir1	3
HOMININAE	1	146622438	152595251	1	capHir1	16
HOMININAE	1	152595251	168190996	1	capHir1	16
HOMININAE	1	168190996	179706300	-1	capHir1	16
HOMININAE	1	179706300	184228436	1	capHir1	16
HOMININAE	1	184228436	190155857	1	capHir1	16
HOMININAE	1	190155857	203679245	1	capHir1	16
HOMININAE	1	203679245	215919017	1	capHir1	28
HOMININAE	1	215919017	222212080	-1	capHir1	16
HOMININAE	1	222212080	224662374	1	capHir1	7
HOMININAE	1	0	59527890	-1	equCab2	2
HOMININAE	1	59527890	121339282	-1	equCab2	5
HOMININAE	1	121339282	121895014	1	equCab2	5
HOMININAE	1	121895014	122236643	1	equCab2	5
HOMININAE	1	122236643	123410660	-1	equCab2	5
HOMININAE	1	123410660	143784886	-1	equCab2	5
HOMININAE	1	143784886	166316446	1	equCab2	5
HOMININAE	1	166316446	183408668	1	equCab2	30
HOMININAE	1	183408668	187884719	1	equCab2	5
HOMININAE	1	187884719	197526045	-1	equCab2	5
HOMININAE	1	197526045	208137480	-1	equCab2	30
HOMININAE	1	208137480	218791185	-1	equCab2	1
HOMININAE	1	218791185	224662374	-1	equCab2	30
HOMININAE	1	0	14191714	-1	galGal3	21
HOMININAE	1	14191714	66797486	1	galGal3	8
HOMININAE	1	66797486	110200768	-1	galGal3	8
HOMININAE	1	110200768	114373291	1	galGal3	26
HOMININAE	1	114373291	121339282	-1	galGal3	1
HOMININAE	1	122626001	123410660	1	galGal3	1
HOMININAE	1	124358078	140029881	-1	galGal3	8
HOMININAE	1	140029881	179908514	-1	galGal3	3
HOMININAE	1	179908514	224662374	-1	galGal3	3
HOMININAE	1	0	224662374	1	gorGor3	1
HOMININAE	1	0	224662374	1	hg19	1
HOMININAE	1	0	62469529	-1	mm10	4
HOMININAE	1	62469529	72330673	1	mm10	4
HOMININAE	1	72330673	92914230	-1	mm10	3
HOMININAE	1	92914230	121339282	-1	mm10	3
HOMININAE	1	121339282	121755961	1	mm10	3
HOMININAE	1	121755961	122236643	1	mm10	3
HOMININAE	1	122626001	123410660	-1	mm10	3
HOMININAE	1	124358078	136134295	-1	mm10	3
HOMININAE	1	136134295	191798582	-1	mm10	1
HOMININAE	1	191798582	208233372	-1	mm10	1
HOMININAE	1	208233372	212433284	1	mm10	8
HOMININAE	1	212433284	217919961	-1	mm10	13
HOMININAE	1	217919961	224662374	1	mm10	1
HOMININAE	1	0	9353628	1	monDom5	4
HOMININAE	1	9353628	12628935	-1	monDom5	4
HOMININAE	1	12628935	15667284	-1	monDom5	4
HOMININAE	1	15667284	20742651	-1	monDom5	4
HOMININAE	1	20742651	23279070	1	monDom5	4
HOMININAE	1	23279070	25409480	1	monDom5	4
HOMININAE	1	25409480	30455024	1	monDom5	4
HOMININAE	1	30455024	43698096	1	monDom5	4
HOMININAE	1	43698096	52585590	-1	monDom5	2
HOMININAE	1	52585590	72806468	-1	monDom5	2
HOMININAE	1	72806468	82829406	-1	monDom5	2
HOMININAE	1	82829406	85324099	1	monDom5	2
HOMININAE	1	85324099	90229435	-1	monDom5	2
HOMININAE	1	90229435	121339282	1	monDom5	2
HOMININAE	1	121339282	121842368	-1	monDom5	2
HOMININAE	1	121842368	122236643	-1	monDom5	2
HOMININAE	1	122626001	123410660	1	monDom5	2
HOMININAE	1	124358078	127434446	1	monDom5	2
HOMININAE	1	127434446	132040306	1	monDom5	2
HOMININAE	1	132040306	135672599	-1	monDom5	2
HOMININAE	1	135672599	162509725	1	monDom5	2
HOMININAE	1	162509725	205323193	1	monDom5	2
HOMININAE	1	205323193	208349840	1	monDom5	2
HOMININAE	1	208349840	224662374	-1	monDom5	2
HOMININAE	1	0	4820435	-1	oryCun2	13
HOMININAE	1	4820435	13320502	-1	oryCun2	13
HOMININAE	1	13320502	19113143	-1	oryCun2	13
HOMININAE	1	19113143	121747614	-1	oryCun2	13
HOMININAE	1	121747614	122236643	1	oryCun2	13
HOMININAE	1	122626001	123410660	-1	oryCun2	13
HOMININAE	1	123410660	148250700	-1	oryCun2	13
HOMININAE	1	148250700	150842416	1	oryCun2	13
HOMININAE	1	150842416	160489061	1	oryCun2	13
HOMININAE	1	160489061	206323741	-1	oryCun2	16
HOMININAE	1	206323741	214277644	-1	oryCun2	16
HOMININAE	1	214277644	218086351	1	oryCun2	16
HOMININAE	1	218086351	224662374	-1	oryCun2	16
HOMININAE	1	0	110200768	1	panTro3	1
HOMININAE	1	110200768	121339282	-1	panTro3	1
HOMININAE	1	121339282	122236643	-1	panTro3	1
HOMININAE	1	122236643	122626001	1	panTro3	1
HOMININAE	1	122626001	123410660	-1	panTro3	1
HOMININAE	1	123410660	123783639	1	panTro3	1
HOMININAE	1	123783639	124358078	-1	panTro3	1
HOMININAE	1	124358078	224662374	1	panTro3	1
HOMININAE	1	0	121339282	-1	ponAbe2	1
HOMININAE	1	121339282	121813786	1	ponAbe2	1
HOMININAE	1	121813786	121840560	-1	ponAbe2	1
HOMININAE	1	121840560	122626001	1	ponAbe2	1
HOMININAE	1	122626001	123410660	1	ponAbe2	1
HOMININAE	1	124358078	224662374	-1	ponAbe2	1
HOMININAE	1	0	121339282	1	rheMac3	1
HOMININAE	1	121339282	121651890	-1	rheMac3	1
HOMININAE	1	121651890	122236643	-1	rheMac3	1
HOMININAE	1	122236643	138278168	1	rheMac3	1
HOMININAE	1	138278168	153906937	1	rheMac3	1
HOMININAE	1	153906937	203804991	-1	rheMac3	1
HOMININAE	1	203804991	224662374	-1	rheMac3	1
HOMININAE	1	0	55409871	-1	rn4	5
HOMININAE	1	55409871	66353447	1	rn4	5
HOMININAE	1	66353447	87867312	-1	rn4	2
HOMININAE	1	87867312	91089657	-1	rn4	14
HOMININAE	1	91089657	121339282	-1	rn4	2
HOMININAE	1	121339282	121754456	1	rn4	2
HOMININAE	1	121754456	122236643	1	rn4	2
HOMININAE	1	122626001	123410660	-1	rn4	2
HOMININAE	1	124358078	138633471	-1	rn4	2
HOMININAE	1	138633471	194086428	-1	rn4	13
HOMININAE	1	194086428	209391069	-1	rn4	13
HOMININAE	1	209391069	212826944	1	rn4	19
HOMININAE	1	212826944	218372668	1	rn4	17
HOMININAE	1	218372668	224662374	1	rn4	13
HOMININAE	1	0	33075518	1	susScr2	6
HOMININAE	1	33075518	80845048	-1	susScr2	6
HOMININAE	1	80845048	121590544	-1	susScr2	4
HOMININAE	1	121590544	122236643	1	susScr2	4
HOMININAE	1	122626001	123410660	-1	susScr2	4
HOMININAE	1	123410660	153730415	-1	susScr2	4
HOMININAE	1	153730415	173503224	1	susScr2	9
HOMININAE	1	173503224	178943755	-1	susScr2	10
HOMININAE	1	178943755	185955862	1	susScr2	10
HOMININAE	1	185955862	195974132	-1	susScr2	9
HOMININAE	1	195974132	204788870	1	susScr2	10
HOMININAE	1	204788870	219284708	-1	susScr2	14
HOMININAE	1	219284708	224662374	1	susScr2	10
