HOMININAE	19	0	18546271	1	bosTau7	25
HOMININAE	19	18546271	19950655	-1	bosTau7	25
HOMININAE	19	19950655	33894056	1	bosTau7	25
HOMININAE	19	34298669	59362204	1	bosTau7	18
HOMININAE	19	59362204	63287365	-1	bosTau7	18
HOMININAE	19	63287365	78107834	1	bosTau7	18
HOMININAE	19	0	2220782	1	calJac3	12
HOMININAE	19	2220782	3063927	-1	calJac3	12
HOMININAE	19	3063927	13676396	1	calJac3	12
HOMININAE	19	13676396	19621489	-1	calJac3	12
HOMININAE	19	19621489	21414467	-1	calJac3	12
HOMININAE	19	21414467	34298669	1	calJac3	12
HOMININAE	19	34298669	58023812	1	calJac3	20
HOMININAE	19	58023812	61850843	-1	calJac3	20
HOMININAE	19	61850843	78107834	1	calJac3	20
HOMININAE	19	0	19007523	-1	canFam2	6
HOMININAE	19	19007523	21049975	1	canFam2	6
HOMININAE	19	21049975	33894056	-1	canFam2	6
HOMININAE	19	34298669	46662443	-1	canFam2	2
HOMININAE	19	46662443	58017798	-1	canFam2	5
HOMININAE	19	58017798	62423330	1	canFam2	5
HOMININAE	19	62423330	78107834	-1	canFam2	5
HOMININAE	19	0	18374974	1	capHir1	25
HOMININAE	19	18374974	19613687	-1	capHir1	25
HOMININAE	19	19613687	33894056	1	capHir1	25
HOMININAE	19	34298669	59478602	1	capHir1	18
HOMININAE	19	59478602	63096034	-1	capHir1	18
HOMININAE	19	63096034	78107834	1	capHir1	18
HOMININAE	19	0	20350807	-1	equCab2	13
HOMININAE	19	20350807	22138864	1	equCab2	13
HOMININAE	19	22138864	33894056	-1	equCab2	13
HOMININAE	19	34298669	58297066	1	equCab2	3
HOMININAE	19	58297066	62488956	-1	equCab2	3
HOMININAE	19	62488956	78107834	1	equCab2	3
HOMININAE	19	0	6881807	-1	galGal3	14
HOMININAE	19	6881807	33894056	-1	galGal3	14
HOMININAE	19	34298669	53809459	-1	galGal3	11
HOMININAE	19	53809459	63135748	-1	galGal3	11
HOMININAE	19	63135748	78107834	1	galGal3	11
HOMININAE	19	0	78107834	1	gorGor3	16
HOMININAE	19	0	78107834	1	hg19	16
HOMININAE	19	0	3830862	-1	mm10	17
HOMININAE	19	3830862	18917890	1	mm10	16
HOMININAE	19	18917890	21015112	-1	mm10	7
HOMININAE	19	21015112	33894056	1	mm10	7
HOMININAE	19	34298669	59871299	1	mm10	8
HOMININAE	19	59871299	63906322	-1	mm10	8
HOMININAE	19	63906322	78107834	1	mm10	8
HOMININAE	19	0	7626291	1	monDom5	6
HOMININAE	19	7626291	10419489	-1	monDom5	6
HOMININAE	19	10419489	19133062	-1	monDom5	6
HOMININAE	19	19133062	22525395	1	monDom5	6
HOMININAE	19	22525395	23961977	-1	monDom5	6
HOMININAE	19	23961977	26787414	1	monDom5	6
HOMININAE	19	26787414	28247092	-1	monDom5	6
HOMININAE	19	28247092	29548617	1	monDom5	6
HOMININAE	19	29548617	33164608	-1	monDom5	6
HOMININAE	19	33164608	33894056	1	monDom5	6
HOMININAE	19	34298669	44375859	1	monDom5	1
HOMININAE	19	44375859	45428356	-1	monDom5	1
HOMININAE	19	45428356	57829403	1	monDom5	1
HOMININAE	19	57829403	58808719	1	monDom5	1
HOMININAE	19	58808719	59934022	1	monDom5	1
HOMININAE	19	59934022	62538066	-1	monDom5	1
HOMININAE	19	62538066	65245971	-1	monDom5	6
HOMININAE	19	65245971	68391087	-1	monDom5	1
HOMININAE	19	68391087	70823078	1	monDom5	1
HOMININAE	19	70823078	78107834	1	monDom5	1
HOMININAE	19	0	15377635	1	oryCun2	6
HOMININAE	19	15377635	17139821	-1	oryCun2	6
HOMININAE	19	17139821	19925907	1	oryCun2	6
HOMININAE	19	19925907	21586980	-1	oryCun2	6
HOMININAE	19	21586980	33894056	1	oryCun2	6
HOMININAE	19	34298669	60133676	1	oryCun2	5
HOMININAE	19	60133676	65714460	-1	oryCun2	5
HOMININAE	19	65714460	78107834	1	oryCun2	5
HOMININAE	19	0	33894056	1	panTro3	16
HOMININAE	19	33894056	34298669	-1	panTro3	16
HOMININAE	19	34298669	78107834	1	panTro3	16
HOMININAE	19	0	58040755	1	ponAbe2	16
HOMININAE	19	58040755	62062760	-1	ponAbe2	16
HOMININAE	19	62062760	78107834	1	ponAbe2	16
HOMININAE	19	0	17662578	1	rheMac3	20
HOMININAE	19	17662578	19773689	-1	rheMac3	20
HOMININAE	19	19773689	58027638	1	rheMac3	20
HOMININAE	19	58027638	61994941	-1	rheMac3	20
HOMININAE	19	61994941	78107834	1	rheMac3	20
HOMININAE	19	0	19144997	-1	rn4	10
HOMININAE	19	19144997	21159599	-1	rn4	1
HOMININAE	19	21159599	33894056	1	rn4	1
HOMININAE	19	34298669	43602479	-1	rn4	19
HOMININAE	19	43602479	56803423	-1	rn4	19
HOMININAE	19	56803423	59640198	1	rn4	19
HOMININAE	19	59640198	63674749	-1	rn4	19
HOMININAE	19	63674749	78107834	1	rn4	19
HOMININAE	19	0	2496022	1	susScr2	3
HOMININAE	19	2496022	18175112	-1	susScr2	3
HOMININAE	19	18175112	19784587	1	susScr2	3
HOMININAE	19	19784587	33894056	-1	susScr2	3
HOMININAE	19	34298669	58442428	-1	susScr2	6
HOMININAE	19	58442428	61697055	1	susScr2	6
HOMININAE	19	61697055	78107834	-1	susScr2	6
HOMININAE	19	0	18546271	1	bosTau7	25
HOMININAE	19	18546271	19950655	-1	bosTau7	25
HOMININAE	19	19950655	33894056	1	bosTau7	25
HOMININAE	19	34298669	59362204	1	bosTau7	18
HOMININAE	19	59362204	63287365	-1	bosTau7	18
HOMININAE	19	63287365	78107834	1	bosTau7	18
HOMININAE	19	0	2220782	1	calJac3	12
HOMININAE	19	2220782	3063927	-1	calJac3	12
HOMININAE	19	3063927	13676396	1	calJac3	12
HOMININAE	19	13676396	19621489	-1	calJac3	12
HOMININAE	19	19621489	21414467	-1	calJac3	12
HOMININAE	19	21414467	34298669	1	calJac3	12
HOMININAE	19	34298669	58023812	1	calJac3	20
HOMININAE	19	58023812	61850843	-1	calJac3	20
HOMININAE	19	61850843	78107834	1	calJac3	20
HOMININAE	19	0	19007523	-1	canFam2	6
HOMININAE	19	19007523	21049975	1	canFam2	6
HOMININAE	19	21049975	33894056	-1	canFam2	6
HOMININAE	19	34298669	46662443	-1	canFam2	2
HOMININAE	19	46662443	58017798	-1	canFam2	5
HOMININAE	19	58017798	62423330	1	canFam2	5
HOMININAE	19	62423330	78107834	-1	canFam2	5
HOMININAE	19	0	18374974	1	capHir1	25
HOMININAE	19	18374974	19613687	-1	capHir1	25
HOMININAE	19	19613687	33894056	1	capHir1	25
HOMININAE	19	34298669	59478602	1	capHir1	18
HOMININAE	19	59478602	63096034	-1	capHir1	18
HOMININAE	19	63096034	78107834	1	capHir1	18
HOMININAE	19	0	20350807	-1	equCab2	13
HOMININAE	19	20350807	22138864	1	equCab2	13
HOMININAE	19	22138864	33894056	-1	equCab2	13
HOMININAE	19	34298669	58297066	1	equCab2	3
HOMININAE	19	58297066	62488956	-1	equCab2	3
HOMININAE	19	62488956	78107834	1	equCab2	3
HOMININAE	19	0	6881807	-1	galGal3	14
HOMININAE	19	6881807	33894056	-1	galGal3	14
HOMININAE	19	34298669	53809459	-1	galGal3	11
HOMININAE	19	53809459	63135748	-1	galGal3	11
HOMININAE	19	63135748	78107834	1	galGal3	11
HOMININAE	19	0	78107834	1	gorGor3	16
HOMININAE	19	0	78107834	1	hg19	16
HOMININAE	19	0	3830862	-1	mm10	17
HOMININAE	19	3830862	18917890	1	mm10	16
HOMININAE	19	18917890	21015112	-1	mm10	7
HOMININAE	19	21015112	33894056	1	mm10	7
HOMININAE	19	34298669	59871299	1	mm10	8
HOMININAE	19	59871299	63906322	-1	mm10	8
HOMININAE	19	63906322	78107834	1	mm10	8
HOMININAE	19	0	7626291	1	monDom5	6
HOMININAE	19	7626291	10419489	-1	monDom5	6
HOMININAE	19	10419489	19133062	-1	monDom5	6
HOMININAE	19	19133062	22525395	1	monDom5	6
HOMININAE	19	22525395	23961977	-1	monDom5	6
HOMININAE	19	23961977	26787414	1	monDom5	6
HOMININAE	19	26787414	28247092	-1	monDom5	6
HOMININAE	19	28247092	29548617	1	monDom5	6
HOMININAE	19	29548617	33164608	-1	monDom5	6
HOMININAE	19	33164608	33894056	1	monDom5	6
HOMININAE	19	34298669	44375859	1	monDom5	1
HOMININAE	19	44375859	45428356	-1	monDom5	1
HOMININAE	19	45428356	57829403	1	monDom5	1
HOMININAE	19	57829403	58808719	1	monDom5	1
HOMININAE	19	58808719	59934022	1	monDom5	1
HOMININAE	19	59934022	62538066	-1	monDom5	1
HOMININAE	19	62538066	65245971	-1	monDom5	6
HOMININAE	19	65245971	68391087	-1	monDom5	1
HOMININAE	19	68391087	70823078	1	monDom5	1
HOMININAE	19	70823078	78107834	1	monDom5	1
HOMININAE	19	0	15377635	1	oryCun2	6
HOMININAE	19	15377635	17139821	-1	oryCun2	6
HOMININAE	19	17139821	19925907	1	oryCun2	6
HOMININAE	19	19925907	21586980	-1	oryCun2	6
HOMININAE	19	21586980	33894056	1	oryCun2	6
HOMININAE	19	34298669	60133676	1	oryCun2	5
HOMININAE	19	60133676	65714460	-1	oryCun2	5
HOMININAE	19	65714460	78107834	1	oryCun2	5
HOMININAE	19	0	33894056	1	panTro3	16
HOMININAE	19	33894056	34298669	-1	panTro3	16
HOMININAE	19	34298669	78107834	1	panTro3	16
HOMININAE	19	0	58040755	1	ponAbe2	16
HOMININAE	19	58040755	62062760	-1	ponAbe2	16
HOMININAE	19	62062760	78107834	1	ponAbe2	16
HOMININAE	19	0	17662578	1	rheMac3	20
HOMININAE	19	17662578	19773689	-1	rheMac3	20
HOMININAE	19	19773689	58027638	1	rheMac3	20
HOMININAE	19	58027638	61994941	-1	rheMac3	20
HOMININAE	19	61994941	78107834	1	rheMac3	20
HOMININAE	19	0	19144997	-1	rn4	10
HOMININAE	19	19144997	21159599	-1	rn4	1
HOMININAE	19	21159599	33894056	1	rn4	1
HOMININAE	19	34298669	43602479	-1	rn4	19
HOMININAE	19	43602479	56803423	-1	rn4	19
HOMININAE	19	56803423	59640198	1	rn4	19
HOMININAE	19	59640198	63674749	-1	rn4	19
HOMININAE	19	63674749	78107834	1	rn4	19
HOMININAE	19	0	2496022	1	susScr2	3
HOMININAE	19	2496022	18175112	-1	susScr2	3
HOMININAE	19	18175112	19784587	1	susScr2	3
HOMININAE	19	19784587	33894056	-1	susScr2	3
HOMININAE	19	34298669	58442428	-1	susScr2	6
HOMININAE	19	58442428	61697055	1	susScr2	6
HOMININAE	19	61697055	78107834	-1	susScr2	6
HOMININAE	19	0	18546271	1	bosTau7	25
HOMININAE	19	18546271	19950655	-1	bosTau7	25
HOMININAE	19	19950655	33894056	1	bosTau7	25
HOMININAE	19	34298669	59362204	1	bosTau7	18
HOMININAE	19	59362204	63287365	-1	bosTau7	18
HOMININAE	19	63287365	78107834	1	bosTau7	18
HOMININAE	19	0	2220782	1	calJac3	12
HOMININAE	19	2220782	3063927	-1	calJac3	12
HOMININAE	19	3063927	13676396	1	calJac3	12
HOMININAE	19	13676396	19621489	-1	calJac3	12
HOMININAE	19	19621489	21414467	-1	calJac3	12
HOMININAE	19	21414467	34298669	1	calJac3	12
HOMININAE	19	34298669	58023812	1	calJac3	20
HOMININAE	19	58023812	61850843	-1	calJac3	20
HOMININAE	19	61850843	78107834	1	calJac3	20
HOMININAE	19	0	19007523	-1	canFam2	6
HOMININAE	19	19007523	21049975	1	canFam2	6
HOMININAE	19	21049975	33894056	-1	canFam2	6
HOMININAE	19	34298669	46662443	-1	canFam2	2
HOMININAE	19	46662443	58017798	-1	canFam2	5
HOMININAE	19	58017798	62423330	1	canFam2	5
HOMININAE	19	62423330	78107834	-1	canFam2	5
HOMININAE	19	0	18374974	1	capHir1	25
HOMININAE	19	18374974	19613687	-1	capHir1	25
HOMININAE	19	19613687	33894056	1	capHir1	25
HOMININAE	19	34298669	59478602	1	capHir1	18
HOMININAE	19	59478602	63096034	-1	capHir1	18
HOMININAE	19	63096034	78107834	1	capHir1	18
HOMININAE	19	0	20350807	-1	equCab2	13
HOMININAE	19	20350807	22138864	1	equCab2	13
HOMININAE	19	22138864	33894056	-1	equCab2	13
HOMININAE	19	34298669	58297066	1	equCab2	3
HOMININAE	19	58297066	62488956	-1	equCab2	3
HOMININAE	19	62488956	78107834	1	equCab2	3
HOMININAE	19	0	6881807	-1	galGal3	14
HOMININAE	19	6881807	33894056	-1	galGal3	14
HOMININAE	19	34298669	53809459	-1	galGal3	11
HOMININAE	19	53809459	63135748	-1	galGal3	11
HOMININAE	19	63135748	78107834	1	galGal3	11
HOMININAE	19	0	78107834	1	gorGor3	16
HOMININAE	19	0	78107834	1	hg19	16
HOMININAE	19	0	3830862	-1	mm10	17
HOMININAE	19	3830862	18917890	1	mm10	16
HOMININAE	19	18917890	21015112	-1	mm10	7
HOMININAE	19	21015112	33894056	1	mm10	7
HOMININAE	19	34298669	59871299	1	mm10	8
HOMININAE	19	59871299	63906322	-1	mm10	8
HOMININAE	19	63906322	78107834	1	mm10	8
HOMININAE	19	0	7626291	1	monDom5	6
HOMININAE	19	7626291	10419489	-1	monDom5	6
HOMININAE	19	10419489	19133062	-1	monDom5	6
HOMININAE	19	19133062	22525395	1	monDom5	6
HOMININAE	19	22525395	23961977	-1	monDom5	6
HOMININAE	19	23961977	26787414	1	monDom5	6
HOMININAE	19	26787414	28247092	-1	monDom5	6
HOMININAE	19	28247092	29548617	1	monDom5	6
HOMININAE	19	29548617	33164608	-1	monDom5	6
HOMININAE	19	33164608	33894056	1	monDom5	6
HOMININAE	19	34298669	44375859	1	monDom5	1
HOMININAE	19	44375859	45428356	-1	monDom5	1
HOMININAE	19	45428356	57829403	1	monDom5	1
HOMININAE	19	57829403	58808719	1	monDom5	1
HOMININAE	19	58808719	59934022	1	monDom5	1
HOMININAE	19	59934022	62538066	-1	monDom5	1
HOMININAE	19	62538066	65245971	-1	monDom5	6
HOMININAE	19	65245971	68391087	-1	monDom5	1
HOMININAE	19	68391087	70823078	1	monDom5	1
HOMININAE	19	70823078	78107834	1	monDom5	1
HOMININAE	19	0	15377635	1	oryCun2	6
HOMININAE	19	15377635	17139821	-1	oryCun2	6
HOMININAE	19	17139821	19925907	1	oryCun2	6
HOMININAE	19	19925907	21586980	-1	oryCun2	6
HOMININAE	19	21586980	33894056	1	oryCun2	6
HOMININAE	19	34298669	60133676	1	oryCun2	5
HOMININAE	19	60133676	65714460	-1	oryCun2	5
HOMININAE	19	65714460	78107834	1	oryCun2	5
HOMININAE	19	0	33894056	1	panTro3	16
HOMININAE	19	33894056	34298669	-1	panTro3	16
HOMININAE	19	34298669	78107834	1	panTro3	16
HOMININAE	19	0	58040755	1	ponAbe2	16
HOMININAE	19	58040755	62062760	-1	ponAbe2	16
HOMININAE	19	62062760	78107834	1	ponAbe2	16
HOMININAE	19	0	17662578	1	rheMac3	20
HOMININAE	19	17662578	19773689	-1	rheMac3	20
HOMININAE	19	19773689	58027638	1	rheMac3	20
HOMININAE	19	58027638	61994941	-1	rheMac3	20
HOMININAE	19	61994941	78107834	1	rheMac3	20
HOMININAE	19	0	19144997	-1	rn4	10
HOMININAE	19	19144997	21159599	-1	rn4	1
HOMININAE	19	21159599	33894056	1	rn4	1
HOMININAE	19	34298669	43602479	-1	rn4	19
HOMININAE	19	43602479	56803423	-1	rn4	19
HOMININAE	19	56803423	59640198	1	rn4	19
HOMININAE	19	59640198	63674749	-1	rn4	19
HOMININAE	19	63674749	78107834	1	rn4	19
HOMININAE	19	0	2496022	1	susScr2	3
HOMININAE	19	2496022	18175112	-1	susScr2	3
HOMININAE	19	18175112	19784587	1	susScr2	3
HOMININAE	19	19784587	33894056	-1	susScr2	3
HOMININAE	19	34298669	58442428	-1	susScr2	6
HOMININAE	19	58442428	61697055	1	susScr2	6
HOMININAE	19	61697055	78107834	-1	susScr2	6
