HOMININAE	9	0	35815643	-1	bosTau7	8
HOMININAE	9	35815643	37372472	1	bosTau7	8
HOMININAE	9	37372472	40927602	1	bosTau7	8
HOMININAE	9	67073259	83636901	1	bosTau7	8
HOMININAE	9	83636901	89073857	1	bosTau7	8
HOMININAE	9	89073857	94401769	-1	bosTau7	8
HOMININAE	9	94401769	96344766	1	bosTau7	8
HOMININAE	9	96344766	98972274	1	bosTau7	8
HOMININAE	9	98972274	101474617	1	bosTau7	8
HOMININAE	9	101474617	124622146	1	bosTau7	8
HOMININAE	9	124622146	137334653	1	bosTau7	11
HOMININAE	9	0	39249690	1	calJac3	1
HOMININAE	9	39249690	40927602	1	calJac3	1
HOMININAE	9	67073259	87118805	-1	calJac3	1
HOMININAE	9	87118805	91435052	1	calJac3	1
HOMININAE	9	91435052	137334653	1	calJac3	1
HOMININAE	9	0	6152242	1	canFam2	1
HOMININAE	9	6152242	40927602	1	canFam2	11
HOMININAE	9	67073259	89342605	-1	canFam2	1
HOMININAE	9	89342605	92884339	-1	canFam2	1
HOMININAE	9	92884339	95850953	-1	canFam2	1
HOMININAE	9	95850953	121898137	1	canFam2	11
HOMININAE	9	121898137	137334653	-1	canFam2	9
HOMININAE	9	0	35750580	-1	capHir1	8
HOMININAE	9	35750580	37378370	1	capHir1	8
HOMININAE	9	37378370	40927602	1	capHir1	8
HOMININAE	9	67073259	84316724	1	capHir1	8
HOMININAE	9	84316724	89982606	1	capHir1	8
HOMININAE	9	89982606	95072387	-1	capHir1	8
HOMININAE	9	95072387	97036167	1	capHir1	8
HOMININAE	9	97036167	99926922	1	capHir1	8
HOMININAE	9	99926922	124411933	1	capHir1	8
HOMININAE	9	124411933	137334653	1	capHir1	11
HOMININAE	9	0	36806115	1	equCab2	23
HOMININAE	9	36806115	40927602	1	equCab2	25
HOMININAE	9	67073259	85567878	-1	equCab2	23
HOMININAE	9	85567878	89487173	-1	equCab2	23
HOMININAE	9	89487173	91433923	-1	equCab2	23
HOMININAE	9	91433923	94545184	-1	equCab2	23
HOMININAE	9	94545184	137334653	1	equCab2	25
HOMININAE	9	0	28294748	1	galGal3	Z
HOMININAE	9	28294748	34591841	1	galGal3	Z
HOMININAE	9	34591841	40927602	1	galGal3	Z
HOMININAE	9	67073259	100850313	1	galGal3	Z
HOMININAE	9	100850313	112861099	1	galGal3	17
HOMININAE	9	112861099	123936851	1	galGal3	17
HOMININAE	9	123936851	137334653	1	galGal3	17
HOMININAE	9	0	137334653	1	gorGor3	9
HOMININAE	9	0	137334653	1	hg19	9
HOMININAE	9	0	5936490	1	mm10	19
HOMININAE	9	5936490	28819243	1	mm10	4
HOMININAE	9	28819243	40927602	1	mm10	4
HOMININAE	9	67073259	81365808	-1	mm10	19
HOMININAE	9	81365808	85496394	1	mm10	4
HOMININAE	9	85496394	88893590	1	mm10	13
HOMININAE	9	88893590	91870983	1	mm10	13
HOMININAE	9	91870983	93806141	1	mm10	13
HOMININAE	9	93806141	126143670	1	mm10	4
HOMININAE	9	126143670	131941125	1	mm10	2
HOMININAE	9	131941125	135266336	-1	mm10	2
HOMININAE	9	135266336	137334653	1	mm10	2
HOMININAE	9	0	2875179	1	monDom5	6
HOMININAE	9	2875179	19518039	1	monDom5	6
HOMININAE	9	19518039	33769133	1	monDom5	6
HOMININAE	9	33769133	34788893	1	monDom5	6
HOMININAE	9	34788893	37112709	-1	monDom5	6
HOMININAE	9	37112709	40927602	1	monDom5	6
HOMININAE	9	67073259	77029870	-1	monDom5	6
HOMININAE	9	77029870	79027950	1	monDom5	6
HOMININAE	9	79027950	87097901	-1	monDom5	6
HOMININAE	9	87097901	88924026	1	monDom5	6
HOMININAE	9	88924026	90259704	-1	monDom5	6
HOMININAE	9	90259704	92466915	1	monDom5	6
HOMININAE	9	92466915	94813065	-1	monDom5	6
HOMININAE	9	94813065	99218330	-1	monDom5	6
HOMININAE	9	99218330	100595103	1	monDom5	6
HOMININAE	9	100595103	104347885	1	monDom5	6
HOMININAE	9	104347885	105788416	1	monDom5	6
HOMININAE	9	105788416	107862584	-1	monDom5	6
HOMININAE	9	107862584	109274053	-1	monDom5	1
HOMININAE	9	109274053	125512572	1	monDom5	1
HOMININAE	9	125512572	135437709	1	monDom5	1
HOMININAE	9	135437709	137334653	-1	monDom5	1
HOMININAE	9	0	40927602	1	panTro3	9
HOMININAE	9	40927602	41443024	-1	panTro3	9
HOMININAE	9	41443024	67073259	1	panTro3	9
HOMININAE	9	67073259	137334653	1	panTro3	9
HOMININAE	9	0	67073259	-1	ponAbe2	9
HOMININAE	9	67073259	137334653	1	ponAbe2	9
HOMININAE	9	0	40927602	-1	rheMac3	15
HOMININAE	9	67073259	87518150	1	rheMac3	15
HOMININAE	9	87518150	94712390	1	rheMac3	15
HOMININAE	9	94712390	122360023	-1	rheMac3	15
HOMININAE	9	122360023	126454096	-1	rheMac3	15
HOMININAE	9	126454096	137334653	-1	rheMac3	15
HOMININAE	9	0	5853064	1	rn4	1
HOMININAE	9	5853064	29795717	1	rn4	5
HOMININAE	9	29795717	40927602	1	rn4	5
HOMININAE	9	67073259	81190067	-1	rn4	1
HOMININAE	9	81190067	85562415	1	rn4	5
HOMININAE	9	85562415	89322128	-1	rn4	17
HOMININAE	9	89322128	91732864	-1	rn4	17
HOMININAE	9	91732864	93624130	-1	rn4	17
HOMININAE	9	93624130	125675237	1	rn4	5
HOMININAE	9	125675237	132188165	1	rn4	3
HOMININAE	9	132188165	135238669	-1	rn4	3
HOMININAE	9	135238669	137334653	1	rn4	3
HOMININAE	9	0	28619532	-1	susScr2	1
HOMININAE	9	28619532	36487390	-1	susScr2	10
HOMININAE	9	36487390	40927602	1	susScr2	1
HOMININAE	9	40927602	41443024	1	susScr2	7
HOMININAE	9	67073259	83341984	1	susScr2	1
HOMININAE	9	83341984	87362319	-1	susScr2	10
HOMININAE	9	87362319	91491292	1	susScr2	14
HOMININAE	9	91491292	93546092	-1	susScr2	10
HOMININAE	9	93546092	137334653	1	susScr2	1
HOMININAE	9	0	35815643	-1	bosTau7	8
HOMININAE	9	35815643	37372472	1	bosTau7	8
HOMININAE	9	37372472	40927602	1	bosTau7	8
HOMININAE	9	67073259	83636901	1	bosTau7	8
HOMININAE	9	83636901	89073857	1	bosTau7	8
HOMININAE	9	89073857	94401769	-1	bosTau7	8
HOMININAE	9	94401769	96344766	1	bosTau7	8
HOMININAE	9	96344766	98972274	1	bosTau7	8
HOMININAE	9	98972274	101474617	1	bosTau7	8
HOMININAE	9	101474617	124622146	1	bosTau7	8
HOMININAE	9	124622146	137334653	1	bosTau7	11
HOMININAE	9	0	39249690	1	calJac3	1
HOMININAE	9	39249690	40927602	1	calJac3	1
HOMININAE	9	67073259	87118805	-1	calJac3	1
HOMININAE	9	87118805	91435052	1	calJac3	1
HOMININAE	9	91435052	137334653	1	calJac3	1
HOMININAE	9	0	6152242	1	canFam2	1
HOMININAE	9	6152242	40927602	1	canFam2	11
HOMININAE	9	67073259	89342605	-1	canFam2	1
HOMININAE	9	89342605	92884339	-1	canFam2	1
HOMININAE	9	92884339	95850953	-1	canFam2	1
HOMININAE	9	95850953	121898137	1	canFam2	11
HOMININAE	9	121898137	137334653	-1	canFam2	9
HOMININAE	9	0	35750580	-1	capHir1	8
HOMININAE	9	35750580	37378370	1	capHir1	8
HOMININAE	9	37378370	40927602	1	capHir1	8
HOMININAE	9	67073259	84316724	1	capHir1	8
HOMININAE	9	84316724	89982606	1	capHir1	8
HOMININAE	9	89982606	95072387	-1	capHir1	8
HOMININAE	9	95072387	97036167	1	capHir1	8
HOMININAE	9	97036167	99926922	1	capHir1	8
HOMININAE	9	99926922	124411933	1	capHir1	8
HOMININAE	9	124411933	137334653	1	capHir1	11
HOMININAE	9	0	36806115	1	equCab2	23
HOMININAE	9	36806115	40927602	1	equCab2	25
HOMININAE	9	67073259	85567878	-1	equCab2	23
HOMININAE	9	85567878	89487173	-1	equCab2	23
HOMININAE	9	89487173	91433923	-1	equCab2	23
HOMININAE	9	91433923	94545184	-1	equCab2	23
HOMININAE	9	94545184	137334653	1	equCab2	25
HOMININAE	9	0	28294748	1	galGal3	Z
HOMININAE	9	28294748	34591841	1	galGal3	Z
HOMININAE	9	34591841	40927602	1	galGal3	Z
HOMININAE	9	67073259	100850313	1	galGal3	Z
HOMININAE	9	100850313	112861099	1	galGal3	17
HOMININAE	9	112861099	123936851	1	galGal3	17
HOMININAE	9	123936851	137334653	1	galGal3	17
HOMININAE	9	0	137334653	1	gorGor3	9
HOMININAE	9	0	137334653	1	hg19	9
HOMININAE	9	0	5936490	1	mm10	19
HOMININAE	9	5936490	28819243	1	mm10	4
HOMININAE	9	28819243	40927602	1	mm10	4
HOMININAE	9	67073259	81365808	-1	mm10	19
HOMININAE	9	81365808	85496394	1	mm10	4
HOMININAE	9	85496394	88893590	1	mm10	13
HOMININAE	9	88893590	91870983	1	mm10	13
HOMININAE	9	91870983	93806141	1	mm10	13
HOMININAE	9	93806141	126143670	1	mm10	4
HOMININAE	9	126143670	131941125	1	mm10	2
HOMININAE	9	131941125	135266336	-1	mm10	2
HOMININAE	9	135266336	137334653	1	mm10	2
HOMININAE	9	0	2875179	1	monDom5	6
HOMININAE	9	2875179	19518039	1	monDom5	6
HOMININAE	9	19518039	33769133	1	monDom5	6
HOMININAE	9	33769133	34788893	1	monDom5	6
HOMININAE	9	34788893	37112709	-1	monDom5	6
HOMININAE	9	37112709	40927602	1	monDom5	6
HOMININAE	9	67073259	77029870	-1	monDom5	6
HOMININAE	9	77029870	79027950	1	monDom5	6
HOMININAE	9	79027950	87097901	-1	monDom5	6
HOMININAE	9	87097901	88924026	1	monDom5	6
HOMININAE	9	88924026	90259704	-1	monDom5	6
HOMININAE	9	90259704	92466915	1	monDom5	6
HOMININAE	9	92466915	94813065	-1	monDom5	6
HOMININAE	9	94813065	99218330	-1	monDom5	6
HOMININAE	9	99218330	100595103	1	monDom5	6
HOMININAE	9	100595103	104347885	1	monDom5	6
HOMININAE	9	104347885	105788416	1	monDom5	6
HOMININAE	9	105788416	107862584	-1	monDom5	6
HOMININAE	9	107862584	109274053	-1	monDom5	1
HOMININAE	9	109274053	125512572	1	monDom5	1
HOMININAE	9	125512572	135437709	1	monDom5	1
HOMININAE	9	135437709	137334653	-1	monDom5	1
HOMININAE	9	0	40927602	1	panTro3	9
HOMININAE	9	40927602	41443024	-1	panTro3	9
HOMININAE	9	41443024	67073259	1	panTro3	9
HOMININAE	9	67073259	137334653	1	panTro3	9
HOMININAE	9	0	67073259	-1	ponAbe2	9
HOMININAE	9	67073259	137334653	1	ponAbe2	9
HOMININAE	9	0	40927602	-1	rheMac3	15
HOMININAE	9	67073259	87518150	1	rheMac3	15
HOMININAE	9	87518150	94712390	1	rheMac3	15
HOMININAE	9	94712390	122360023	-1	rheMac3	15
HOMININAE	9	122360023	126454096	-1	rheMac3	15
HOMININAE	9	126454096	137334653	-1	rheMac3	15
HOMININAE	9	0	5853064	1	rn4	1
HOMININAE	9	5853064	29795717	1	rn4	5
HOMININAE	9	29795717	40927602	1	rn4	5
HOMININAE	9	67073259	81190067	-1	rn4	1
HOMININAE	9	81190067	85562415	1	rn4	5
HOMININAE	9	85562415	89322128	-1	rn4	17
HOMININAE	9	89322128	91732864	-1	rn4	17
HOMININAE	9	91732864	93624130	-1	rn4	17
HOMININAE	9	93624130	125675237	1	rn4	5
HOMININAE	9	125675237	132188165	1	rn4	3
HOMININAE	9	132188165	135238669	-1	rn4	3
HOMININAE	9	135238669	137334653	1	rn4	3
HOMININAE	9	0	28619532	-1	susScr2	1
HOMININAE	9	28619532	36487390	-1	susScr2	10
HOMININAE	9	36487390	40927602	1	susScr2	1
HOMININAE	9	40927602	41443024	1	susScr2	7
HOMININAE	9	67073259	83341984	1	susScr2	1
HOMININAE	9	83341984	87362319	-1	susScr2	10
HOMININAE	9	87362319	91491292	1	susScr2	14
HOMININAE	9	91491292	93546092	-1	susScr2	10
HOMININAE	9	93546092	137334653	1	susScr2	1
HOMININAE	9	0	35815643	-1	bosTau7	8
HOMININAE	9	35815643	37372472	1	bosTau7	8
HOMININAE	9	37372472	40927602	1	bosTau7	8
HOMININAE	9	67073259	83636901	1	bosTau7	8
HOMININAE	9	83636901	89073857	1	bosTau7	8
HOMININAE	9	89073857	94401769	-1	bosTau7	8
HOMININAE	9	94401769	96344766	1	bosTau7	8
HOMININAE	9	96344766	98972274	1	bosTau7	8
HOMININAE	9	98972274	101474617	1	bosTau7	8
HOMININAE	9	101474617	124622146	1	bosTau7	8
HOMININAE	9	124622146	137334653	1	bosTau7	11
HOMININAE	9	0	39249690	1	calJac3	1
HOMININAE	9	39249690	40927602	1	calJac3	1
HOMININAE	9	67073259	87118805	-1	calJac3	1
HOMININAE	9	87118805	91435052	1	calJac3	1
HOMININAE	9	91435052	137334653	1	calJac3	1
HOMININAE	9	0	6152242	1	canFam2	1
HOMININAE	9	6152242	40927602	1	canFam2	11
HOMININAE	9	67073259	89342605	-1	canFam2	1
HOMININAE	9	89342605	92884339	-1	canFam2	1
HOMININAE	9	92884339	95850953	-1	canFam2	1
HOMININAE	9	95850953	121898137	1	canFam2	11
HOMININAE	9	121898137	137334653	-1	canFam2	9
HOMININAE	9	0	35750580	-1	capHir1	8
HOMININAE	9	35750580	37378370	1	capHir1	8
HOMININAE	9	37378370	40927602	1	capHir1	8
HOMININAE	9	67073259	84316724	1	capHir1	8
HOMININAE	9	84316724	89982606	1	capHir1	8
HOMININAE	9	89982606	95072387	-1	capHir1	8
HOMININAE	9	95072387	97036167	1	capHir1	8
HOMININAE	9	97036167	99926922	1	capHir1	8
HOMININAE	9	99926922	124411933	1	capHir1	8
HOMININAE	9	124411933	137334653	1	capHir1	11
HOMININAE	9	0	36806115	1	equCab2	23
HOMININAE	9	36806115	40927602	1	equCab2	25
HOMININAE	9	67073259	85567878	-1	equCab2	23
HOMININAE	9	85567878	89487173	-1	equCab2	23
HOMININAE	9	89487173	91433923	-1	equCab2	23
HOMININAE	9	91433923	94545184	-1	equCab2	23
HOMININAE	9	94545184	137334653	1	equCab2	25
HOMININAE	9	0	28294748	1	galGal3	Z
HOMININAE	9	28294748	34591841	1	galGal3	Z
HOMININAE	9	34591841	40927602	1	galGal3	Z
HOMININAE	9	67073259	100850313	1	galGal3	Z
HOMININAE	9	100850313	112861099	1	galGal3	17
HOMININAE	9	112861099	123936851	1	galGal3	17
HOMININAE	9	123936851	137334653	1	galGal3	17
HOMININAE	9	0	137334653	1	gorGor3	9
HOMININAE	9	0	137334653	1	hg19	9
HOMININAE	9	0	5936490	1	mm10	19
HOMININAE	9	5936490	28819243	1	mm10	4
HOMININAE	9	28819243	40927602	1	mm10	4
HOMININAE	9	67073259	81365808	-1	mm10	19
HOMININAE	9	81365808	85496394	1	mm10	4
HOMININAE	9	85496394	88893590	1	mm10	13
HOMININAE	9	88893590	91870983	1	mm10	13
HOMININAE	9	91870983	93806141	1	mm10	13
HOMININAE	9	93806141	126143670	1	mm10	4
HOMININAE	9	126143670	131941125	1	mm10	2
HOMININAE	9	131941125	135266336	-1	mm10	2
HOMININAE	9	135266336	137334653	1	mm10	2
HOMININAE	9	0	2875179	1	monDom5	6
HOMININAE	9	2875179	19518039	1	monDom5	6
HOMININAE	9	19518039	33769133	1	monDom5	6
HOMININAE	9	33769133	34788893	1	monDom5	6
HOMININAE	9	34788893	37112709	-1	monDom5	6
HOMININAE	9	37112709	40927602	1	monDom5	6
HOMININAE	9	67073259	77029870	-1	monDom5	6
HOMININAE	9	77029870	79027950	1	monDom5	6
HOMININAE	9	79027950	87097901	-1	monDom5	6
HOMININAE	9	87097901	88924026	1	monDom5	6
HOMININAE	9	88924026	90259704	-1	monDom5	6
HOMININAE	9	90259704	92466915	1	monDom5	6
HOMININAE	9	92466915	94813065	-1	monDom5	6
HOMININAE	9	94813065	99218330	-1	monDom5	6
HOMININAE	9	99218330	100595103	1	monDom5	6
HOMININAE	9	100595103	104347885	1	monDom5	6
HOMININAE	9	104347885	105788416	1	monDom5	6
HOMININAE	9	105788416	107862584	-1	monDom5	6
HOMININAE	9	107862584	109274053	-1	monDom5	1
HOMININAE	9	109274053	125512572	1	monDom5	1
HOMININAE	9	125512572	135437709	1	monDom5	1
HOMININAE	9	135437709	137334653	-1	monDom5	1
HOMININAE	9	0	40927602	1	panTro3	9
HOMININAE	9	40927602	41443024	-1	panTro3	9
HOMININAE	9	41443024	67073259	1	panTro3	9
HOMININAE	9	67073259	137334653	1	panTro3	9
HOMININAE	9	0	67073259	-1	ponAbe2	9
HOMININAE	9	67073259	137334653	1	ponAbe2	9
HOMININAE	9	0	40927602	-1	rheMac3	15
HOMININAE	9	67073259	87518150	1	rheMac3	15
HOMININAE	9	87518150	94712390	1	rheMac3	15
HOMININAE	9	94712390	122360023	-1	rheMac3	15
HOMININAE	9	122360023	126454096	-1	rheMac3	15
HOMININAE	9	126454096	137334653	-1	rheMac3	15
HOMININAE	9	0	5853064	1	rn4	1
HOMININAE	9	5853064	29795717	1	rn4	5
HOMININAE	9	29795717	40927602	1	rn4	5
HOMININAE	9	67073259	81190067	-1	rn4	1
HOMININAE	9	81190067	85562415	1	rn4	5
HOMININAE	9	85562415	89322128	-1	rn4	17
HOMININAE	9	89322128	91732864	-1	rn4	17
HOMININAE	9	91732864	93624130	-1	rn4	17
HOMININAE	9	93624130	125675237	1	rn4	5
HOMININAE	9	125675237	132188165	1	rn4	3
HOMININAE	9	132188165	135238669	-1	rn4	3
HOMININAE	9	135238669	137334653	1	rn4	3
HOMININAE	9	0	28619532	-1	susScr2	1
HOMININAE	9	28619532	36487390	-1	susScr2	10
HOMININAE	9	36487390	40927602	1	susScr2	1
HOMININAE	9	40927602	41443024	1	susScr2	7
HOMININAE	9	67073259	83341984	1	susScr2	1
HOMININAE	9	83341984	87362319	-1	susScr2	10
HOMININAE	9	87362319	91491292	1	susScr2	14
HOMININAE	9	91491292	93546092	-1	susScr2	10
HOMININAE	9	93546092	137334653	1	susScr2	1
HOMININAE	9	0	35815643	-1	bosTau7	8
HOMININAE	9	35815643	37372472	1	bosTau7	8
HOMININAE	9	37372472	40927602	1	bosTau7	8
HOMININAE	9	67073259	83636901	1	bosTau7	8
HOMININAE	9	83636901	89073857	1	bosTau7	8
HOMININAE	9	89073857	94401769	-1	bosTau7	8
HOMININAE	9	94401769	96344766	1	bosTau7	8
HOMININAE	9	96344766	98972274	1	bosTau7	8
HOMININAE	9	98972274	101474617	1	bosTau7	8
HOMININAE	9	101474617	124622146	1	bosTau7	8
HOMININAE	9	124622146	137334653	1	bosTau7	11
HOMININAE	9	0	39249690	1	calJac3	1
HOMININAE	9	39249690	40927602	1	calJac3	1
HOMININAE	9	67073259	87118805	-1	calJac3	1
HOMININAE	9	87118805	91435052	1	calJac3	1
HOMININAE	9	91435052	137334653	1	calJac3	1
HOMININAE	9	0	6152242	1	canFam2	1
HOMININAE	9	6152242	40927602	1	canFam2	11
HOMININAE	9	67073259	89342605	-1	canFam2	1
HOMININAE	9	89342605	92884339	-1	canFam2	1
HOMININAE	9	92884339	95850953	-1	canFam2	1
HOMININAE	9	95850953	121898137	1	canFam2	11
HOMININAE	9	121898137	137334653	-1	canFam2	9
HOMININAE	9	0	35750580	-1	capHir1	8
HOMININAE	9	35750580	37378370	1	capHir1	8
HOMININAE	9	37378370	40927602	1	capHir1	8
HOMININAE	9	67073259	84316724	1	capHir1	8
HOMININAE	9	84316724	89982606	1	capHir1	8
HOMININAE	9	89982606	95072387	-1	capHir1	8
HOMININAE	9	95072387	97036167	1	capHir1	8
HOMININAE	9	97036167	99926922	1	capHir1	8
HOMININAE	9	99926922	124411933	1	capHir1	8
HOMININAE	9	124411933	137334653	1	capHir1	11
HOMININAE	9	0	36806115	1	equCab2	23
HOMININAE	9	36806115	40927602	1	equCab2	25
HOMININAE	9	67073259	85567878	-1	equCab2	23
HOMININAE	9	85567878	89487173	-1	equCab2	23
HOMININAE	9	89487173	91433923	-1	equCab2	23
HOMININAE	9	91433923	94545184	-1	equCab2	23
HOMININAE	9	94545184	137334653	1	equCab2	25
HOMININAE	9	0	28294748	1	galGal3	Z
HOMININAE	9	28294748	34591841	1	galGal3	Z
HOMININAE	9	34591841	40927602	1	galGal3	Z
HOMININAE	9	67073259	100850313	1	galGal3	Z
HOMININAE	9	100850313	112861099	1	galGal3	17
HOMININAE	9	112861099	123936851	1	galGal3	17
HOMININAE	9	123936851	137334653	1	galGal3	17
HOMININAE	9	0	137334653	1	gorGor3	9
HOMININAE	9	0	137334653	1	hg19	9
HOMININAE	9	0	5936490	1	mm10	19
HOMININAE	9	5936490	28819243	1	mm10	4
HOMININAE	9	28819243	40927602	1	mm10	4
HOMININAE	9	67073259	81365808	-1	mm10	19
HOMININAE	9	81365808	85496394	1	mm10	4
HOMININAE	9	85496394	88893590	1	mm10	13
HOMININAE	9	88893590	91870983	1	mm10	13
HOMININAE	9	91870983	93806141	1	mm10	13
HOMININAE	9	93806141	126143670	1	mm10	4
HOMININAE	9	126143670	131941125	1	mm10	2
HOMININAE	9	131941125	135266336	-1	mm10	2
HOMININAE	9	135266336	137334653	1	mm10	2
HOMININAE	9	0	2875179	1	monDom5	6
HOMININAE	9	2875179	19518039	1	monDom5	6
HOMININAE	9	19518039	33769133	1	monDom5	6
HOMININAE	9	33769133	34788893	1	monDom5	6
HOMININAE	9	34788893	37112709	-1	monDom5	6
HOMININAE	9	37112709	40927602	1	monDom5	6
HOMININAE	9	67073259	77029870	-1	monDom5	6
HOMININAE	9	77029870	79027950	1	monDom5	6
HOMININAE	9	79027950	87097901	-1	monDom5	6
HOMININAE	9	87097901	88924026	1	monDom5	6
HOMININAE	9	88924026	90259704	-1	monDom5	6
HOMININAE	9	90259704	92466915	1	monDom5	6
HOMININAE	9	92466915	94813065	-1	monDom5	6
HOMININAE	9	94813065	99218330	-1	monDom5	6
HOMININAE	9	99218330	100595103	1	monDom5	6
HOMININAE	9	100595103	104347885	1	monDom5	6
HOMININAE	9	104347885	105788416	1	monDom5	6
HOMININAE	9	105788416	107862584	-1	monDom5	6
HOMININAE	9	107862584	109274053	-1	monDom5	1
HOMININAE	9	109274053	125512572	1	monDom5	1
HOMININAE	9	125512572	135437709	1	monDom5	1
HOMININAE	9	135437709	137334653	-1	monDom5	1
HOMININAE	9	0	40927602	1	panTro3	9
HOMININAE	9	40927602	41443024	-1	panTro3	9
HOMININAE	9	41443024	67073259	1	panTro3	9
HOMININAE	9	67073259	137334653	1	panTro3	9
HOMININAE	9	0	67073259	-1	ponAbe2	9
HOMININAE	9	67073259	137334653	1	ponAbe2	9
HOMININAE	9	0	40927602	-1	rheMac3	15
HOMININAE	9	67073259	87518150	1	rheMac3	15
HOMININAE	9	87518150	94712390	1	rheMac3	15
HOMININAE	9	94712390	122360023	-1	rheMac3	15
HOMININAE	9	122360023	126454096	-1	rheMac3	15
HOMININAE	9	126454096	137334653	-1	rheMac3	15
HOMININAE	9	0	5853064	1	rn4	1
HOMININAE	9	5853064	29795717	1	rn4	5
HOMININAE	9	29795717	40927602	1	rn4	5
HOMININAE	9	67073259	81190067	-1	rn4	1
HOMININAE	9	81190067	85562415	1	rn4	5
HOMININAE	9	85562415	89322128	-1	rn4	17
HOMININAE	9	89322128	91732864	-1	rn4	17
HOMININAE	9	91732864	93624130	-1	rn4	17
HOMININAE	9	93624130	125675237	1	rn4	5
HOMININAE	9	125675237	132188165	1	rn4	3
HOMININAE	9	132188165	135238669	-1	rn4	3
HOMININAE	9	135238669	137334653	1	rn4	3
HOMININAE	9	0	28619532	-1	susScr2	1
HOMININAE	9	28619532	36487390	-1	susScr2	10
HOMININAE	9	36487390	40927602	1	susScr2	1
HOMININAE	9	40927602	41443024	1	susScr2	7
HOMININAE	9	67073259	83341984	1	susScr2	1
HOMININAE	9	83341984	87362319	-1	susScr2	10
HOMININAE	9	87362319	91491292	1	susScr2	14
HOMININAE	9	91491292	93546092	-1	susScr2	10
HOMININAE	9	93546092	137334653	1	susScr2	1
