HOMININAE	10	0	47226584	-1	bosTau7	26
HOMININAE	10	47226584	80813739	-1	bosTau7	28
HOMININAE	10	80813739	90816401	1	bosTau7	26
HOMININAE	10	90816401	135440243	1	bosTau7	13
HOMININAE	10	0	54486066	-1	calJac3	12
HOMININAE	10	54486066	93785814	1	calJac3	12
HOMININAE	10	93785814	97084642	-1	calJac3	12
HOMININAE	10	97084642	135440243	-1	calJac3	7
HOMININAE	10	0	51658335	-1	canFam2	28
HOMININAE	10	51658335	86323403	-1	canFam2	4
HOMININAE	10	86323403	94475683	1	canFam2	26
HOMININAE	10	94475683	135440243	1	canFam2	2
HOMININAE	10	0	57680503	-1	capHir1	26
HOMININAE	10	57680503	95425644	-1	capHir1	28
HOMININAE	10	95425644	105595742	1	capHir1	26
HOMININAE	10	105595742	114634089	-1	capHir1	13
HOMININAE	10	114634089	121486600	-1	capHir1	13
HOMININAE	10	121486600	130142166	-1	capHir1	13
HOMININAE	10	130142166	135440243	1	capHir1	13
HOMININAE	10	0	53814303	1	equCab2	1
HOMININAE	10	53814303	61100978	1	equCab2	1
HOMININAE	10	61100978	94161104	-1	equCab2	1
HOMININAE	10	94161104	135440243	1	equCab2	29
HOMININAE	10	0	63922190	-1	galGal3	6
HOMININAE	10	63922190	84499467	1	galGal3	6
HOMININAE	10	84499467	112503698	1	galGal3	2
HOMININAE	10	112503698	135440243	-1	galGal3	1
HOMININAE	10	0	135440243	-1	gorGor3	10
HOMININAE	10	0	135440243	-1	hg19	10
HOMININAE	10	0	17019126	-1	mm10	7
HOMININAE	10	17019126	58110820	-1	mm10	19
HOMININAE	10	58110820	68001579	1	mm10	14
HOMININAE	10	68001579	75902435	-1	mm10	14
HOMININAE	10	75902435	98150837	1	mm10	10
HOMININAE	10	98150837	113969403	-1	mm10	2
HOMININAE	10	113969403	126439758	1	mm10	2
HOMININAE	10	126439758	135440243	1	mm10	13
HOMININAE	10	0	3210871	-1	monDom5	1
HOMININAE	10	3210871	36368429	1	monDom5	1
HOMININAE	10	36368429	49540736	1	monDom5	1
HOMININAE	10	49540736	53418405	1	monDom5	1
HOMININAE	10	53418405	69890968	-1	monDom5	1
HOMININAE	10	69890968	81164093	1	monDom5	1
HOMININAE	10	81164093	85965730	-1	monDom5	1
HOMININAE	10	85965730	112199136	1	monDom5	8
HOMININAE	10	112199136	126294934	-1	monDom5	8
HOMININAE	10	126294934	135440243	-1	monDom5	8
HOMININAE	10	0	135440243	-1	panTro3	10
HOMININAE	10	0	48732655	-1	ponAbe2	10
HOMININAE	10	48732655	88169914	1	ponAbe2	10
HOMININAE	10	88169914	135440243	-1	ponAbe2	10
HOMININAE	10	0	48182615	-1	rheMac3	9
HOMININAE	10	48182615	85783732	1	rheMac3	9
HOMININAE	10	85783732	135440243	-1	rheMac3	9
HOMININAE	10	0	18300427	-1	rn4	1
HOMININAE	10	18300427	60733141	-1	rn4	1
HOMININAE	10	60733141	72061299	1	rn4	16
HOMININAE	10	72061299	78184587	1	rn4	15
HOMININAE	10	78184587	82446036	1	rn4	20
HOMININAE	10	82446036	98141061	-1	rn4	20
HOMININAE	10	98141061	135440243	-1	rn4	17
