HOMININAE	17	0	12965229	1	bosTau7	21
HOMININAE	17	12965229	19697403	-1	bosTau7	21
HOMININAE	17	19697403	21929048	-1	bosTau7	21
HOMININAE	17	21929048	24221172	-1	bosTau7	21
HOMININAE	17	24221172	26044111	1	bosTau7	21
HOMININAE	17	26044111	36157402	-1	bosTau7	10
HOMININAE	17	36157402	58694348	1	bosTau7	10
HOMININAE	17	58694348	68613669	-1	bosTau7	10
HOMININAE	17	68613669	70770429	1	bosTau7	10
HOMININAE	17	70770429	72516249	-1	bosTau7	21
HOMININAE	17	72516249	73613425	-1	bosTau7	2
HOMININAE	17	73613425	81388157	-1	bosTau7	21
HOMININAE	17	0	21871229	1	calJac3	6
HOMININAE	17	21871229	43047708	-1	calJac3	10
HOMININAE	17	43047708	59323725	-1	calJac3	10
HOMININAE	17	59323725	68667882	1	calJac3	10
HOMININAE	17	68667882	70770429	-1	calJac3	10
HOMININAE	17	70770429	72446934	-1	calJac3	6
HOMININAE	17	72446934	72516249	-1	calJac3	1
HOMININAE	17	72516249	81388157	-1	calJac3	6
HOMININAE	17	0	11640723	1	canFam2	3
HOMININAE	17	11640723	17134787	-1	canFam2	3
HOMININAE	17	17134787	20366100	1	canFam2	3
HOMININAE	17	20366100	22571223	1	canFam2	30
HOMININAE	17	22571223	68729969	-1	canFam2	30
HOMININAE	17	68729969	70770429	1	canFam2	30
HOMININAE	17	70770429	72516249	-1	canFam2	3
HOMININAE	17	72516249	73126777	-1	canFam2	3
HOMININAE	17	73126777	80754553	1	canFam2	3
HOMININAE	17	80754553	81388157	1	canFam2	3
HOMININAE	17	0	13743388	1	capHir1	21
HOMININAE	17	13743388	19945906	-1	capHir1	21
HOMININAE	17	19945906	21592010	-1	capHir1	21
HOMININAE	17	21592010	23622096	-1	capHir1	21
HOMININAE	17	23622096	25433985	1	capHir1	21
HOMININAE	17	25433985	35473402	-1	capHir1	10
HOMININAE	17	35473402	58710025	1	capHir1	10
HOMININAE	17	58710025	68668583	-1	capHir1	10
HOMININAE	17	68668583	70770429	1	capHir1	10
HOMININAE	17	70770429	72516249	-1	capHir1	21
HOMININAE	17	72516249	74340389	-1	capHir1	2
HOMININAE	17	74340389	81388157	-1	capHir1	21
HOMININAE	17	0	12357821	-1	equCab2	1
HOMININAE	17	12357821	18323349	1	equCab2	1
HOMININAE	17	18323349	20447013	1	equCab2	1
HOMININAE	17	20447013	68652727	1	equCab2	1
HOMININAE	17	68652727	70770429	-1	equCab2	1
HOMININAE	17	70770429	72516249	1	equCab2	1
HOMININAE	17	72516249	81388157	-1	equCab2	1
HOMININAE	17	0	81388157	-1	gorGor3	15
HOMININAE	17	0	81388157	-1	hg19	15
HOMININAE	17	0	12694933	1	mm10	7
HOMININAE	17	12694933	19403541	-1	mm10	7
HOMININAE	17	19403541	22315626	1	mm10	7
HOMININAE	17	22315626	24761198	-1	mm10	9
HOMININAE	17	24761198	50554875	1	mm10	9
HOMININAE	17	50554875	68562799	-1	mm10	2
HOMININAE	17	68562799	70770429	1	mm10	2
HOMININAE	17	70770429	72516249	-1	mm10	7
HOMININAE	17	72516249	81388157	1	mm10	7
HOMININAE	17	0	9961478	-1	monDom5	1
HOMININAE	17	9961478	14906574	1	monDom5	1
HOMININAE	17	14906574	16607580	-1	monDom5	1
HOMININAE	17	16607580	21854016	1	monDom5	1
HOMININAE	17	21854016	24017448	1	monDom5	1
HOMININAE	17	24017448	28530192	-1	monDom5	1
HOMININAE	17	28530192	42227530	-1	monDom5	1
HOMININAE	17	42227530	46376486	1	monDom5	1
HOMININAE	17	46376486	56842916	-1	monDom5	1
HOMININAE	17	56842916	68882270	-1	monDom5	1
HOMININAE	17	68882270	70770429	1	monDom5	1
HOMININAE	17	70770429	72516249	1	monDom5	1
HOMININAE	17	72516249	80854007	1	monDom5	7
HOMININAE	17	80854007	81388157	-1	monDom5	7
HOMININAE	17	0	67459655	1	oryCun2	17
HOMININAE	17	67459655	70770429	-1	oryCun2	17
HOMININAE	17	70770429	72516249	-1	oryCun2	17
HOMININAE	17	72516249	81388157	1	oryCun2	17
HOMININAE	17	0	70770429	-1	panTro3	15
HOMININAE	17	70770429	72516249	1	panTro3	15
HOMININAE	17	72516249	81388157	-1	panTro3	15
HOMININAE	17	0	18404925	-1	ponAbe2	15
HOMININAE	17	18404925	19854298	-1	ponAbe2	15
HOMININAE	17	19854298	81388157	-1	ponAbe2	15
HOMININAE	17	0	17077161	-1	rheMac3	7
HOMININAE	17	17077161	19046944	-1	rheMac3	7
HOMININAE	17	19046944	20700391	1	rheMac3	7
HOMININAE	17	20700391	81388157	-1	rheMac3	7
HOMININAE	17	0	13178261	1	rn4	1
HOMININAE	17	13178261	19658802	-1	rn4	1
HOMININAE	17	19658802	22325924	1	rn4	1
HOMININAE	17	22325924	24832324	-1	rn4	8
HOMININAE	17	24832324	49976558	1	rn4	8
HOMININAE	17	49976558	68731097	-1	rn4	3
HOMININAE	17	68731097	70770429	1	rn4	3
HOMININAE	17	70770429	72516249	-1	rn4	1
HOMININAE	17	72516249	81388157	1	rn4	1
HOMININAE	17	0	2307847	-1	susScr2	1
HOMININAE	17	2307847	7285247	1	susScr2	7
HOMININAE	17	7285247	9775096	-1	susScr2	7
HOMININAE	17	9775096	11795769	-1	susScr2	7
HOMININAE	17	11795769	14632283	1	susScr2	1
HOMININAE	17	14632283	18094790	-1	susScr2	7
HOMININAE	17	18094790	21904198	1	susScr2	7
HOMININAE	17	21904198	30166944	-1	susScr2	1
HOMININAE	17	30166944	68993204	1	susScr2	1
HOMININAE	17	68993204	70770429	1	susScr2	7
HOMININAE	17	70770429	72516249	-1	susScr2	1
HOMININAE	17	72516249	73803690	1	susScr2	15
HOMININAE	17	73803690	81388157	1	susScr2	1
HOMININAE	17	0	12965229	1	bosTau7	21
HOMININAE	17	12965229	19697403	-1	bosTau7	21
HOMININAE	17	19697403	21929048	-1	bosTau7	21
HOMININAE	17	21929048	24221172	-1	bosTau7	21
HOMININAE	17	24221172	26044111	1	bosTau7	21
HOMININAE	17	26044111	36157402	-1	bosTau7	10
HOMININAE	17	36157402	58694348	1	bosTau7	10
HOMININAE	17	58694348	68613669	-1	bosTau7	10
HOMININAE	17	68613669	70770429	1	bosTau7	10
HOMININAE	17	70770429	72516249	-1	bosTau7	21
HOMININAE	17	72516249	73613425	-1	bosTau7	2
HOMININAE	17	73613425	81388157	-1	bosTau7	21
HOMININAE	17	0	21871229	1	calJac3	6
HOMININAE	17	21871229	43047708	-1	calJac3	10
HOMININAE	17	43047708	59323725	-1	calJac3	10
HOMININAE	17	59323725	68667882	1	calJac3	10
HOMININAE	17	68667882	70770429	-1	calJac3	10
HOMININAE	17	70770429	72446934	-1	calJac3	6
HOMININAE	17	72446934	72516249	-1	calJac3	1
HOMININAE	17	72516249	81388157	-1	calJac3	6
HOMININAE	17	0	11640723	1	canFam2	3
HOMININAE	17	11640723	17134787	-1	canFam2	3
HOMININAE	17	17134787	20366100	1	canFam2	3
HOMININAE	17	20366100	22571223	1	canFam2	30
HOMININAE	17	22571223	68729969	-1	canFam2	30
HOMININAE	17	68729969	70770429	1	canFam2	30
HOMININAE	17	70770429	72516249	-1	canFam2	3
HOMININAE	17	72516249	73126777	-1	canFam2	3
HOMININAE	17	73126777	80754553	1	canFam2	3
HOMININAE	17	80754553	81388157	1	canFam2	3
HOMININAE	17	0	13743388	1	capHir1	21
HOMININAE	17	13743388	19945906	-1	capHir1	21
HOMININAE	17	19945906	21592010	-1	capHir1	21
HOMININAE	17	21592010	23622096	-1	capHir1	21
HOMININAE	17	23622096	25433985	1	capHir1	21
HOMININAE	17	25433985	35473402	-1	capHir1	10
HOMININAE	17	35473402	58710025	1	capHir1	10
HOMININAE	17	58710025	68668583	-1	capHir1	10
HOMININAE	17	68668583	70770429	1	capHir1	10
HOMININAE	17	70770429	72516249	-1	capHir1	21
HOMININAE	17	72516249	74340389	-1	capHir1	2
HOMININAE	17	74340389	81388157	-1	capHir1	21
HOMININAE	17	0	12357821	-1	equCab2	1
HOMININAE	17	12357821	18323349	1	equCab2	1
HOMININAE	17	18323349	20447013	1	equCab2	1
HOMININAE	17	20447013	68652727	1	equCab2	1
HOMININAE	17	68652727	70770429	-1	equCab2	1
HOMININAE	17	70770429	72516249	1	equCab2	1
HOMININAE	17	72516249	81388157	-1	equCab2	1
HOMININAE	17	0	81388157	-1	gorGor3	15
HOMININAE	17	0	81388157	-1	hg19	15
HOMININAE	17	0	12694933	1	mm10	7
HOMININAE	17	12694933	19403541	-1	mm10	7
HOMININAE	17	19403541	22315626	1	mm10	7
HOMININAE	17	22315626	24761198	-1	mm10	9
HOMININAE	17	24761198	50554875	1	mm10	9
HOMININAE	17	50554875	68562799	-1	mm10	2
HOMININAE	17	68562799	70770429	1	mm10	2
HOMININAE	17	70770429	72516249	-1	mm10	7
HOMININAE	17	72516249	81388157	1	mm10	7
HOMININAE	17	0	9961478	-1	monDom5	1
HOMININAE	17	9961478	14906574	1	monDom5	1
HOMININAE	17	14906574	16607580	-1	monDom5	1
HOMININAE	17	16607580	21854016	1	monDom5	1
HOMININAE	17	21854016	24017448	1	monDom5	1
HOMININAE	17	24017448	28530192	-1	monDom5	1
HOMININAE	17	28530192	42227530	-1	monDom5	1
HOMININAE	17	42227530	46376486	1	monDom5	1
HOMININAE	17	46376486	56842916	-1	monDom5	1
HOMININAE	17	56842916	68882270	-1	monDom5	1
HOMININAE	17	68882270	70770429	1	monDom5	1
HOMININAE	17	70770429	72516249	1	monDom5	1
HOMININAE	17	72516249	80854007	1	monDom5	7
HOMININAE	17	80854007	81388157	-1	monDom5	7
HOMININAE	17	0	67459655	1	oryCun2	17
HOMININAE	17	67459655	70770429	-1	oryCun2	17
HOMININAE	17	70770429	72516249	-1	oryCun2	17
HOMININAE	17	72516249	81388157	1	oryCun2	17
HOMININAE	17	0	70770429	-1	panTro3	15
HOMININAE	17	70770429	72516249	1	panTro3	15
HOMININAE	17	72516249	81388157	-1	panTro3	15
HOMININAE	17	0	18404925	-1	ponAbe2	15
HOMININAE	17	18404925	19854298	-1	ponAbe2	15
HOMININAE	17	19854298	81388157	-1	ponAbe2	15
HOMININAE	17	0	17077161	-1	rheMac3	7
HOMININAE	17	17077161	19046944	-1	rheMac3	7
HOMININAE	17	19046944	20700391	1	rheMac3	7
HOMININAE	17	20700391	81388157	-1	rheMac3	7
HOMININAE	17	0	13178261	1	rn4	1
HOMININAE	17	13178261	19658802	-1	rn4	1
HOMININAE	17	19658802	22325924	1	rn4	1
HOMININAE	17	22325924	24832324	-1	rn4	8
HOMININAE	17	24832324	49976558	1	rn4	8
HOMININAE	17	49976558	68731097	-1	rn4	3
HOMININAE	17	68731097	70770429	1	rn4	3
HOMININAE	17	70770429	72516249	-1	rn4	1
HOMININAE	17	72516249	81388157	1	rn4	1
HOMININAE	17	0	2307847	-1	susScr2	1
HOMININAE	17	2307847	7285247	1	susScr2	7
HOMININAE	17	7285247	9775096	-1	susScr2	7
HOMININAE	17	9775096	11795769	-1	susScr2	7
HOMININAE	17	11795769	14632283	1	susScr2	1
HOMININAE	17	14632283	18094790	-1	susScr2	7
HOMININAE	17	18094790	21904198	1	susScr2	7
HOMININAE	17	21904198	30166944	-1	susScr2	1
HOMININAE	17	30166944	68993204	1	susScr2	1
HOMININAE	17	68993204	70770429	1	susScr2	7
HOMININAE	17	70770429	72516249	-1	susScr2	1
HOMININAE	17	72516249	73803690	1	susScr2	15
HOMININAE	17	73803690	81388157	1	susScr2	1
HOMININAE	17	0	12965229	1	bosTau7	21
HOMININAE	17	12965229	19697403	-1	bosTau7	21
HOMININAE	17	19697403	21929048	-1	bosTau7	21
HOMININAE	17	21929048	24221172	-1	bosTau7	21
HOMININAE	17	24221172	26044111	1	bosTau7	21
HOMININAE	17	26044111	36157402	-1	bosTau7	10
HOMININAE	17	36157402	58694348	1	bosTau7	10
HOMININAE	17	58694348	68613669	-1	bosTau7	10
HOMININAE	17	68613669	70770429	1	bosTau7	10
HOMININAE	17	70770429	72516249	-1	bosTau7	21
HOMININAE	17	72516249	73613425	-1	bosTau7	2
HOMININAE	17	73613425	81388157	-1	bosTau7	21
HOMININAE	17	0	21871229	1	calJac3	6
HOMININAE	17	21871229	43047708	-1	calJac3	10
HOMININAE	17	43047708	59323725	-1	calJac3	10
HOMININAE	17	59323725	68667882	1	calJac3	10
HOMININAE	17	68667882	70770429	-1	calJac3	10
HOMININAE	17	70770429	72446934	-1	calJac3	6
HOMININAE	17	72446934	72516249	-1	calJac3	1
HOMININAE	17	72516249	81388157	-1	calJac3	6
HOMININAE	17	0	11640723	1	canFam2	3
HOMININAE	17	11640723	17134787	-1	canFam2	3
HOMININAE	17	17134787	20366100	1	canFam2	3
HOMININAE	17	20366100	22571223	1	canFam2	30
HOMININAE	17	22571223	68729969	-1	canFam2	30
HOMININAE	17	68729969	70770429	1	canFam2	30
HOMININAE	17	70770429	72516249	-1	canFam2	3
HOMININAE	17	72516249	73126777	-1	canFam2	3
HOMININAE	17	73126777	80754553	1	canFam2	3
HOMININAE	17	80754553	81388157	1	canFam2	3
HOMININAE	17	0	13743388	1	capHir1	21
HOMININAE	17	13743388	19945906	-1	capHir1	21
HOMININAE	17	19945906	21592010	-1	capHir1	21
HOMININAE	17	21592010	23622096	-1	capHir1	21
HOMININAE	17	23622096	25433985	1	capHir1	21
HOMININAE	17	25433985	35473402	-1	capHir1	10
HOMININAE	17	35473402	58710025	1	capHir1	10
HOMININAE	17	58710025	68668583	-1	capHir1	10
HOMININAE	17	68668583	70770429	1	capHir1	10
HOMININAE	17	70770429	72516249	-1	capHir1	21
HOMININAE	17	72516249	74340389	-1	capHir1	2
HOMININAE	17	74340389	81388157	-1	capHir1	21
HOMININAE	17	0	12357821	-1	equCab2	1
HOMININAE	17	12357821	18323349	1	equCab2	1
HOMININAE	17	18323349	20447013	1	equCab2	1
HOMININAE	17	20447013	68652727	1	equCab2	1
HOMININAE	17	68652727	70770429	-1	equCab2	1
HOMININAE	17	70770429	72516249	1	equCab2	1
HOMININAE	17	72516249	81388157	-1	equCab2	1
HOMININAE	17	0	81388157	-1	gorGor3	15
HOMININAE	17	0	81388157	-1	hg19	15
HOMININAE	17	0	12694933	1	mm10	7
HOMININAE	17	12694933	19403541	-1	mm10	7
HOMININAE	17	19403541	22315626	1	mm10	7
HOMININAE	17	22315626	24761198	-1	mm10	9
HOMININAE	17	24761198	50554875	1	mm10	9
HOMININAE	17	50554875	68562799	-1	mm10	2
HOMININAE	17	68562799	70770429	1	mm10	2
HOMININAE	17	70770429	72516249	-1	mm10	7
HOMININAE	17	72516249	81388157	1	mm10	7
HOMININAE	17	0	9961478	-1	monDom5	1
HOMININAE	17	9961478	14906574	1	monDom5	1
HOMININAE	17	14906574	16607580	-1	monDom5	1
HOMININAE	17	16607580	21854016	1	monDom5	1
HOMININAE	17	21854016	24017448	1	monDom5	1
HOMININAE	17	24017448	28530192	-1	monDom5	1
HOMININAE	17	28530192	42227530	-1	monDom5	1
HOMININAE	17	42227530	46376486	1	monDom5	1
HOMININAE	17	46376486	56842916	-1	monDom5	1
HOMININAE	17	56842916	68882270	-1	monDom5	1
HOMININAE	17	68882270	70770429	1	monDom5	1
HOMININAE	17	70770429	72516249	1	monDom5	1
HOMININAE	17	72516249	80854007	1	monDom5	7
HOMININAE	17	80854007	81388157	-1	monDom5	7
HOMININAE	17	0	67459655	1	oryCun2	17
HOMININAE	17	67459655	70770429	-1	oryCun2	17
HOMININAE	17	70770429	72516249	-1	oryCun2	17
HOMININAE	17	72516249	81388157	1	oryCun2	17
HOMININAE	17	0	70770429	-1	panTro3	15
HOMININAE	17	70770429	72516249	1	panTro3	15
HOMININAE	17	72516249	81388157	-1	panTro3	15
HOMININAE	17	0	18404925	-1	ponAbe2	15
HOMININAE	17	18404925	19854298	-1	ponAbe2	15
HOMININAE	17	19854298	81388157	-1	ponAbe2	15
HOMININAE	17	0	17077161	-1	rheMac3	7
HOMININAE	17	17077161	19046944	-1	rheMac3	7
HOMININAE	17	19046944	20700391	1	rheMac3	7
HOMININAE	17	20700391	81388157	-1	rheMac3	7
HOMININAE	17	0	13178261	1	rn4	1
HOMININAE	17	13178261	19658802	-1	rn4	1
HOMININAE	17	19658802	22325924	1	rn4	1
HOMININAE	17	22325924	24832324	-1	rn4	8
HOMININAE	17	24832324	49976558	1	rn4	8
HOMININAE	17	49976558	68731097	-1	rn4	3
HOMININAE	17	68731097	70770429	1	rn4	3
HOMININAE	17	70770429	72516249	-1	rn4	1
HOMININAE	17	72516249	81388157	1	rn4	1
HOMININAE	17	0	2307847	-1	susScr2	1
HOMININAE	17	2307847	7285247	1	susScr2	7
HOMININAE	17	7285247	9775096	-1	susScr2	7
HOMININAE	17	9775096	11795769	-1	susScr2	7
HOMININAE	17	11795769	14632283	1	susScr2	1
HOMININAE	17	14632283	18094790	-1	susScr2	7
HOMININAE	17	18094790	21904198	1	susScr2	7
HOMININAE	17	21904198	30166944	-1	susScr2	1
HOMININAE	17	30166944	68993204	1	susScr2	1
HOMININAE	17	68993204	70770429	1	susScr2	7
HOMININAE	17	70770429	72516249	-1	susScr2	1
HOMININAE	17	72516249	73803690	1	susScr2	15
HOMININAE	17	73803690	81388157	1	susScr2	1
