HOMININAE	21	0	3817252	-1	bosTau7	13
HOMININAE	21	3817252	9545380	1	bosTau7	13
HOMININAE	21	9545380	22481447	1	bosTau7	13
HOMININAE	21	22481447	54321356	1	bosTau7	13
HOMININAE	21	54321356	62898754	-1	bosTau7	13
HOMININAE	21	0	27134671	1	calJac3	5
HOMININAE	21	27134671	33629089	-1	calJac3	5
HOMININAE	21	33629089	62898754	1	calJac3	5
HOMININAE	21	0	26284074	-1	canFam2	24
HOMININAE	21	26284074	28543989	1	canFam2	23
HOMININAE	21	28543989	62898754	1	canFam2	24
HOMININAE	21	0	1621805	-1	capHir1	13
HOMININAE	21	1621805	4987169	-1	capHir1	13
HOMININAE	21	4987169	9671759	1	capHir1	13
HOMININAE	21	9671759	22146865	1	capHir1	13
HOMININAE	21	22146865	29024770	1	capHir1	13
HOMININAE	21	29024770	55900858	1	capHir1	13
HOMININAE	21	55900858	62898754	-1	capHir1	13
HOMININAE	21	0	27567538	-1	equCab2	22
HOMININAE	21	27567538	62898754	1	equCab2	22
HOMININAE	21	0	18212671	-1	galGal3	3
HOMININAE	21	18212671	27205051	-1	galGal3	20
HOMININAE	21	27205051	47991422	-1	galGal3	20
HOMININAE	21	47991422	62898754	1	galGal3	20
HOMININAE	21	0	62898754	1	gorGor3	20
HOMININAE	21	0	62898754	1	hg19	20
HOMININAE	21	0	62898754	1	mm10	2
HOMININAE	21	0	1636663	1	monDom5	1
HOMININAE	21	1636663	25976258	-1	monDom5	1
HOMININAE	21	25976258	29216029	1	monDom5	1
HOMININAE	21	29216029	30777160	1	monDom5	1
HOMININAE	21	30777160	36935581	-1	monDom5	1
HOMININAE	21	36935581	38211183	1	monDom5	1
HOMININAE	21	38211183	62898754	-1	monDom5	1
HOMININAE	21	0	11480782	1	oryCun2	4
HOMININAE	21	11480782	46078646	-1	oryCun2	4
HOMININAE	21	46078646	62898754	-1	oryCun2	4
HOMININAE	21	0	62898754	1	panTro3	20
HOMININAE	21	0	5859418	-1	ponAbe2	20
HOMININAE	21	5859418	27441122	1	ponAbe2	20
HOMININAE	21	27441122	62898754	1	ponAbe2	20
HOMININAE	21	0	27388982	1	rheMac3	10
HOMININAE	21	27388982	62898754	-1	rheMac3	10
HOMININAE	21	0	62898754	1	rn4	3
HOMININAE	21	0	5042381	-1	susScr2	17
HOMININAE	21	5042381	29533552	1	susScr2	17
HOMININAE	21	29533552	62898754	1	susScr2	17
