HOMININAE	8	0	21676612	1	bosTau7	14
HOMININAE	8	21676612	70886497	1	bosTau7	14
HOMININAE	8	70886497	98570313	-1	bosTau7	14
HOMININAE	8	98570313	114884639	-1	bosTau7	27
HOMININAE	8	114884639	126705983	-1	bosTau7	8
HOMININAE	8	126705983	133786734	1	bosTau7	27
HOMININAE	8	133786734	134368278	1	bosTau7	8
HOMININAE	8	134368278	135948997	-1	bosTau7	27
HOMININAE	8	135948997	136398376	1	bosTau7	27
HOMININAE	8	136398376	141404804	-1	bosTau7	27
HOMININAE	8	141404804	141835799	1	bosTau7	27
HOMININAE	8	0	49534714	1	calJac3	16
HOMININAE	8	49534714	101771270	-1	calJac3	16
HOMININAE	8	101771270	116687527	-1	calJac3	13
HOMININAE	8	116687527	133786734	1	calJac3	13
HOMININAE	8	133786734	134368278	1	calJac3	13
HOMININAE	8	134725144	141835799	-1	calJac3	13
HOMININAE	8	0	48387745	-1	canFam2	13
HOMININAE	8	48387745	101206063	-1	canFam2	29
HOMININAE	8	101206063	115986060	1	canFam2	16
HOMININAE	8	115986060	127279406	1	canFam2	25
HOMININAE	8	127279406	133786734	-1	canFam2	16
HOMININAE	8	133786734	134368278	1	canFam2	25
HOMININAE	8	134725144	136051632	-1	canFam2	16
HOMININAE	8	136051632	136483083	1	canFam2	16
HOMININAE	8	136483083	140714782	-1	canFam2	16
HOMININAE	8	140714782	141835799	-1	canFam2	37
HOMININAE	8	0	23835600	1	capHir1	14
HOMININAE	8	23835600	68628201	1	capHir1	14
HOMININAE	8	68628201	101688080	-1	capHir1	14
HOMININAE	8	101688080	116825753	-1	capHir1	27
HOMININAE	8	116825753	127396914	-1	capHir1	8
HOMININAE	8	127396914	133786734	1	capHir1	27
HOMININAE	8	133786734	134368278	1	capHir1	8
HOMININAE	8	134725144	141835799	-1	capHir1	27
HOMININAE	8	0	58280505	-1	equCab2	9
HOMININAE	8	58280505	102741656	1	equCab2	9
HOMININAE	8	102741656	116723037	1	equCab2	27
HOMININAE	8	116723037	127721241	-1	equCab2	2
HOMININAE	8	127721241	133786734	-1	equCab2	27
HOMININAE	8	133786734	134368278	-1	equCab2	2
HOMININAE	8	134368278	136146557	1	equCab2	27
HOMININAE	8	136146557	136486234	-1	equCab2	27
HOMININAE	8	136486234	141835799	1	equCab2	27
HOMININAE	8	0	133786734	-1	galGal3	2
HOMININAE	8	134725144	141835799	1	galGal3	3
HOMININAE	8	0	141835799	-1	gorGor3	8
HOMININAE	8	0	141835799	-1	hg19	8
HOMININAE	8	0	52629676	-1	mm10	15
HOMININAE	8	52629676	64766481	1	mm10	4
HOMININAE	8	64766481	78938219	-1	mm10	3
HOMININAE	8	78938219	88958599	-1	mm10	1
HOMININAE	8	88958599	93366977	-1	mm10	3
HOMININAE	8	93366977	100781092	-1	mm10	4
HOMININAE	8	100781092	105734514	1	mm10	1
HOMININAE	8	105734514	118361560	1	mm10	8
HOMININAE	8	118361560	127621527	1	mm10	14
HOMININAE	8	127621527	133786734	-1	mm10	8
HOMININAE	8	133786734	134368278	1	mm10	14
HOMININAE	8	134725144	135802758	-1	mm10	8
HOMININAE	8	135802758	136304487	1	mm10	8
HOMININAE	8	136304487	141835799	-1	mm10	8
HOMININAE	8	0	4499399	-1	monDom5	3
HOMININAE	8	4499399	73222182	-1	monDom5	3
HOMININAE	8	73222182	99703338	1	monDom5	3
HOMININAE	8	99703338	115450539	1	monDom5	3
HOMININAE	8	115450539	126054944	-1	monDom5	1
HOMININAE	8	126054944	129924280	1	monDom5	1
HOMININAE	8	129924280	133786734	-1	monDom5	1
HOMININAE	8	134368278	134725144	-1	monDom5	6
HOMININAE	8	134725144	135630058	-1	monDom5	1
HOMININAE	8	135630058	135889658	1	monDom5	1
HOMININAE	8	135889658	141835799	-1	monDom5	1
HOMININAE	8	0	113741840	-1	oryCun2	3
HOMININAE	8	113741840	122769008	1	oryCun2	2
HOMININAE	8	122769008	130294551	1	oryCun2	2
HOMININAE	8	130294551	133786734	1	oryCun2	2
HOMININAE	8	133786734	134368278	1	oryCun2	2
HOMININAE	8	0	133786734	-1	panTro3	8
HOMININAE	8	133786734	134368278	1	panTro3	8
HOMININAE	8	134368278	134725144	1	panTro3	8
HOMININAE	8	134725144	141835799	-1	panTro3	8
HOMININAE	8	0	133786734	-1	ponAbe2	8
HOMININAE	8	133786734	134158812	1	ponAbe2	8
HOMININAE	8	134158812	134368278	1	ponAbe2	8
HOMININAE	8	134368278	134725144	-1	ponAbe2	8
HOMININAE	8	134725144	141835799	-1	ponAbe2	8
HOMININAE	8	0	133786734	-1	rheMac3	8
HOMININAE	8	133786734	134368278	1	rheMac3	8
HOMININAE	8	134368278	141835799	-1	rheMac3	8
HOMININAE	8	0	52004690	-1	rn4	7
HOMININAE	8	52004690	64050362	1	rn4	5
HOMININAE	8	64050362	78375834	1	rn4	2
HOMININAE	8	78375834	88616318	1	rn4	5
HOMININAE	8	88616318	93161894	-1	rn4	2
HOMININAE	8	93161894	105762903	-1	rn4	5
HOMININAE	8	105762903	117845153	-1	rn4	16
HOMININAE	8	117845153	127774199	1	rn4	15
HOMININAE	8	127774199	133786734	1	rn4	16
HOMININAE	8	134725144	135835557	1	rn4	16
HOMININAE	8	135835557	136364765	-1	rn4	16
HOMININAE	8	136364765	141835799	1	rn4	16
HOMININAE	8	0	104503998	1	susScr2	4
HOMININAE	8	104503998	114879569	1	susScr2	15
HOMININAE	8	114879569	126993375	-1	susScr2	14
HOMININAE	8	126993375	133786734	-1	susScr2	17
HOMININAE	8	134725144	141835799	-1	susScr2	15
HOMININAE	8	0	21676612	1	bosTau7	14
HOMININAE	8	21676612	70886497	1	bosTau7	14
HOMININAE	8	70886497	98570313	-1	bosTau7	14
HOMININAE	8	98570313	114884639	-1	bosTau7	27
HOMININAE	8	114884639	126705983	-1	bosTau7	8
HOMININAE	8	126705983	133786734	1	bosTau7	27
HOMININAE	8	133786734	134368278	1	bosTau7	8
HOMININAE	8	134368278	135948997	-1	bosTau7	27
HOMININAE	8	135948997	136398376	1	bosTau7	27
HOMININAE	8	136398376	141404804	-1	bosTau7	27
HOMININAE	8	141404804	141835799	1	bosTau7	27
HOMININAE	8	0	49534714	1	calJac3	16
HOMININAE	8	49534714	101771270	-1	calJac3	16
HOMININAE	8	101771270	116687527	-1	calJac3	13
HOMININAE	8	116687527	133786734	1	calJac3	13
HOMININAE	8	133786734	134368278	1	calJac3	13
HOMININAE	8	134725144	141835799	-1	calJac3	13
HOMININAE	8	0	48387745	-1	canFam2	13
HOMININAE	8	48387745	101206063	-1	canFam2	29
HOMININAE	8	101206063	115986060	1	canFam2	16
HOMININAE	8	115986060	127279406	1	canFam2	25
HOMININAE	8	127279406	133786734	-1	canFam2	16
HOMININAE	8	133786734	134368278	1	canFam2	25
HOMININAE	8	134725144	136051632	-1	canFam2	16
HOMININAE	8	136051632	136483083	1	canFam2	16
HOMININAE	8	136483083	140714782	-1	canFam2	16
HOMININAE	8	140714782	141835799	-1	canFam2	37
HOMININAE	8	0	23835600	1	capHir1	14
HOMININAE	8	23835600	68628201	1	capHir1	14
HOMININAE	8	68628201	101688080	-1	capHir1	14
HOMININAE	8	101688080	116825753	-1	capHir1	27
HOMININAE	8	116825753	127396914	-1	capHir1	8
HOMININAE	8	127396914	133786734	1	capHir1	27
HOMININAE	8	133786734	134368278	1	capHir1	8
HOMININAE	8	134725144	141835799	-1	capHir1	27
HOMININAE	8	0	58280505	-1	equCab2	9
HOMININAE	8	58280505	102741656	1	equCab2	9
HOMININAE	8	102741656	116723037	1	equCab2	27
HOMININAE	8	116723037	127721241	-1	equCab2	2
HOMININAE	8	127721241	133786734	-1	equCab2	27
HOMININAE	8	133786734	134368278	-1	equCab2	2
HOMININAE	8	134368278	136146557	1	equCab2	27
HOMININAE	8	136146557	136486234	-1	equCab2	27
HOMININAE	8	136486234	141835799	1	equCab2	27
HOMININAE	8	0	133786734	-1	galGal3	2
HOMININAE	8	134725144	141835799	1	galGal3	3
HOMININAE	8	0	141835799	-1	gorGor3	8
HOMININAE	8	0	141835799	-1	hg19	8
HOMININAE	8	0	52629676	-1	mm10	15
HOMININAE	8	52629676	64766481	1	mm10	4
HOMININAE	8	64766481	78938219	-1	mm10	3
HOMININAE	8	78938219	88958599	-1	mm10	1
HOMININAE	8	88958599	93366977	-1	mm10	3
HOMININAE	8	93366977	100781092	-1	mm10	4
HOMININAE	8	100781092	105734514	1	mm10	1
HOMININAE	8	105734514	118361560	1	mm10	8
HOMININAE	8	118361560	127621527	1	mm10	14
HOMININAE	8	127621527	133786734	-1	mm10	8
HOMININAE	8	133786734	134368278	1	mm10	14
HOMININAE	8	134725144	135802758	-1	mm10	8
HOMININAE	8	135802758	136304487	1	mm10	8
HOMININAE	8	136304487	141835799	-1	mm10	8
HOMININAE	8	0	4499399	-1	monDom5	3
HOMININAE	8	4499399	73222182	-1	monDom5	3
HOMININAE	8	73222182	99703338	1	monDom5	3
HOMININAE	8	99703338	115450539	1	monDom5	3
HOMININAE	8	115450539	126054944	-1	monDom5	1
HOMININAE	8	126054944	129924280	1	monDom5	1
HOMININAE	8	129924280	133786734	-1	monDom5	1
HOMININAE	8	134368278	134725144	-1	monDom5	6
HOMININAE	8	134725144	135630058	-1	monDom5	1
HOMININAE	8	135630058	135889658	1	monDom5	1
HOMININAE	8	135889658	141835799	-1	monDom5	1
HOMININAE	8	0	113741840	-1	oryCun2	3
HOMININAE	8	113741840	122769008	1	oryCun2	2
HOMININAE	8	122769008	130294551	1	oryCun2	2
HOMININAE	8	130294551	133786734	1	oryCun2	2
HOMININAE	8	133786734	134368278	1	oryCun2	2
HOMININAE	8	0	133786734	-1	panTro3	8
HOMININAE	8	133786734	134368278	1	panTro3	8
HOMININAE	8	134368278	134725144	1	panTro3	8
HOMININAE	8	134725144	141835799	-1	panTro3	8
HOMININAE	8	0	133786734	-1	ponAbe2	8
HOMININAE	8	133786734	134158812	1	ponAbe2	8
HOMININAE	8	134158812	134368278	1	ponAbe2	8
HOMININAE	8	134368278	134725144	-1	ponAbe2	8
HOMININAE	8	134725144	141835799	-1	ponAbe2	8
HOMININAE	8	0	133786734	-1	rheMac3	8
HOMININAE	8	133786734	134368278	1	rheMac3	8
HOMININAE	8	134368278	141835799	-1	rheMac3	8
HOMININAE	8	0	52004690	-1	rn4	7
HOMININAE	8	52004690	64050362	1	rn4	5
HOMININAE	8	64050362	78375834	1	rn4	2
HOMININAE	8	78375834	88616318	1	rn4	5
HOMININAE	8	88616318	93161894	-1	rn4	2
HOMININAE	8	93161894	105762903	-1	rn4	5
HOMININAE	8	105762903	117845153	-1	rn4	16
HOMININAE	8	117845153	127774199	1	rn4	15
HOMININAE	8	127774199	133786734	1	rn4	16
HOMININAE	8	134725144	135835557	1	rn4	16
HOMININAE	8	135835557	136364765	-1	rn4	16
HOMININAE	8	136364765	141835799	1	rn4	16
HOMININAE	8	0	104503998	1	susScr2	4
HOMININAE	8	104503998	114879569	1	susScr2	15
HOMININAE	8	114879569	126993375	-1	susScr2	14
HOMININAE	8	126993375	133786734	-1	susScr2	17
HOMININAE	8	134725144	141835799	-1	susScr2	15
HOMININAE	8	0	21676612	1	bosTau7	14
HOMININAE	8	21676612	70886497	1	bosTau7	14
HOMININAE	8	70886497	98570313	-1	bosTau7	14
HOMININAE	8	98570313	114884639	-1	bosTau7	27
HOMININAE	8	114884639	126705983	-1	bosTau7	8
HOMININAE	8	126705983	133786734	1	bosTau7	27
HOMININAE	8	133786734	134368278	1	bosTau7	8
HOMININAE	8	134368278	135948997	-1	bosTau7	27
HOMININAE	8	135948997	136398376	1	bosTau7	27
HOMININAE	8	136398376	141404804	-1	bosTau7	27
HOMININAE	8	141404804	141835799	1	bosTau7	27
HOMININAE	8	0	49534714	1	calJac3	16
HOMININAE	8	49534714	101771270	-1	calJac3	16
HOMININAE	8	101771270	116687527	-1	calJac3	13
HOMININAE	8	116687527	133786734	1	calJac3	13
HOMININAE	8	133786734	134368278	1	calJac3	13
HOMININAE	8	134725144	141835799	-1	calJac3	13
HOMININAE	8	0	48387745	-1	canFam2	13
HOMININAE	8	48387745	101206063	-1	canFam2	29
HOMININAE	8	101206063	115986060	1	canFam2	16
HOMININAE	8	115986060	127279406	1	canFam2	25
HOMININAE	8	127279406	133786734	-1	canFam2	16
HOMININAE	8	133786734	134368278	1	canFam2	25
HOMININAE	8	134725144	136051632	-1	canFam2	16
HOMININAE	8	136051632	136483083	1	canFam2	16
HOMININAE	8	136483083	140714782	-1	canFam2	16
HOMININAE	8	140714782	141835799	-1	canFam2	37
HOMININAE	8	0	23835600	1	capHir1	14
HOMININAE	8	23835600	68628201	1	capHir1	14
HOMININAE	8	68628201	101688080	-1	capHir1	14
HOMININAE	8	101688080	116825753	-1	capHir1	27
HOMININAE	8	116825753	127396914	-1	capHir1	8
HOMININAE	8	127396914	133786734	1	capHir1	27
HOMININAE	8	133786734	134368278	1	capHir1	8
HOMININAE	8	134725144	141835799	-1	capHir1	27
HOMININAE	8	0	58280505	-1	equCab2	9
HOMININAE	8	58280505	102741656	1	equCab2	9
HOMININAE	8	102741656	116723037	1	equCab2	27
HOMININAE	8	116723037	127721241	-1	equCab2	2
HOMININAE	8	127721241	133786734	-1	equCab2	27
HOMININAE	8	133786734	134368278	-1	equCab2	2
HOMININAE	8	134368278	136146557	1	equCab2	27
HOMININAE	8	136146557	136486234	-1	equCab2	27
HOMININAE	8	136486234	141835799	1	equCab2	27
HOMININAE	8	0	133786734	-1	galGal3	2
HOMININAE	8	134725144	141835799	1	galGal3	3
HOMININAE	8	0	141835799	-1	gorGor3	8
HOMININAE	8	0	141835799	-1	hg19	8
HOMININAE	8	0	52629676	-1	mm10	15
HOMININAE	8	52629676	64766481	1	mm10	4
HOMININAE	8	64766481	78938219	-1	mm10	3
HOMININAE	8	78938219	88958599	-1	mm10	1
HOMININAE	8	88958599	93366977	-1	mm10	3
HOMININAE	8	93366977	100781092	-1	mm10	4
HOMININAE	8	100781092	105734514	1	mm10	1
HOMININAE	8	105734514	118361560	1	mm10	8
HOMININAE	8	118361560	127621527	1	mm10	14
HOMININAE	8	127621527	133786734	-1	mm10	8
HOMININAE	8	133786734	134368278	1	mm10	14
HOMININAE	8	134725144	135802758	-1	mm10	8
HOMININAE	8	135802758	136304487	1	mm10	8
HOMININAE	8	136304487	141835799	-1	mm10	8
HOMININAE	8	0	4499399	-1	monDom5	3
HOMININAE	8	4499399	73222182	-1	monDom5	3
HOMININAE	8	73222182	99703338	1	monDom5	3
HOMININAE	8	99703338	115450539	1	monDom5	3
HOMININAE	8	115450539	126054944	-1	monDom5	1
HOMININAE	8	126054944	129924280	1	monDom5	1
HOMININAE	8	129924280	133786734	-1	monDom5	1
HOMININAE	8	134368278	134725144	-1	monDom5	6
HOMININAE	8	134725144	135630058	-1	monDom5	1
HOMININAE	8	135630058	135889658	1	monDom5	1
HOMININAE	8	135889658	141835799	-1	monDom5	1
HOMININAE	8	0	113741840	-1	oryCun2	3
HOMININAE	8	113741840	122769008	1	oryCun2	2
HOMININAE	8	122769008	130294551	1	oryCun2	2
HOMININAE	8	130294551	133786734	1	oryCun2	2
HOMININAE	8	133786734	134368278	1	oryCun2	2
HOMININAE	8	0	133786734	-1	panTro3	8
HOMININAE	8	133786734	134368278	1	panTro3	8
HOMININAE	8	134368278	134725144	1	panTro3	8
HOMININAE	8	134725144	141835799	-1	panTro3	8
HOMININAE	8	0	133786734	-1	ponAbe2	8
HOMININAE	8	133786734	134158812	1	ponAbe2	8
HOMININAE	8	134158812	134368278	1	ponAbe2	8
HOMININAE	8	134368278	134725144	-1	ponAbe2	8
HOMININAE	8	134725144	141835799	-1	ponAbe2	8
HOMININAE	8	0	133786734	-1	rheMac3	8
HOMININAE	8	133786734	134368278	1	rheMac3	8
HOMININAE	8	134368278	141835799	-1	rheMac3	8
HOMININAE	8	0	52004690	-1	rn4	7
HOMININAE	8	52004690	64050362	1	rn4	5
HOMININAE	8	64050362	78375834	1	rn4	2
HOMININAE	8	78375834	88616318	1	rn4	5
HOMININAE	8	88616318	93161894	-1	rn4	2
HOMININAE	8	93161894	105762903	-1	rn4	5
HOMININAE	8	105762903	117845153	-1	rn4	16
HOMININAE	8	117845153	127774199	1	rn4	15
HOMININAE	8	127774199	133786734	1	rn4	16
HOMININAE	8	134725144	135835557	1	rn4	16
HOMININAE	8	135835557	136364765	-1	rn4	16
HOMININAE	8	136364765	141835799	1	rn4	16
HOMININAE	8	0	104503998	1	susScr2	4
HOMININAE	8	104503998	114879569	1	susScr2	15
HOMININAE	8	114879569	126993375	-1	susScr2	14
HOMININAE	8	126993375	133786734	-1	susScr2	17
HOMININAE	8	134725144	141835799	-1	susScr2	15
HOMININAE	8	0	21676612	1	bosTau7	14
HOMININAE	8	21676612	70886497	1	bosTau7	14
HOMININAE	8	70886497	98570313	-1	bosTau7	14
HOMININAE	8	98570313	114884639	-1	bosTau7	27
HOMININAE	8	114884639	126705983	-1	bosTau7	8
HOMININAE	8	126705983	133786734	1	bosTau7	27
HOMININAE	8	133786734	134368278	1	bosTau7	8
HOMININAE	8	134368278	135948997	-1	bosTau7	27
HOMININAE	8	135948997	136398376	1	bosTau7	27
HOMININAE	8	136398376	141404804	-1	bosTau7	27
HOMININAE	8	141404804	141835799	1	bosTau7	27
HOMININAE	8	0	49534714	1	calJac3	16
HOMININAE	8	49534714	101771270	-1	calJac3	16
HOMININAE	8	101771270	116687527	-1	calJac3	13
HOMININAE	8	116687527	133786734	1	calJac3	13
HOMININAE	8	133786734	134368278	1	calJac3	13
HOMININAE	8	134725144	141835799	-1	calJac3	13
HOMININAE	8	0	48387745	-1	canFam2	13
HOMININAE	8	48387745	101206063	-1	canFam2	29
HOMININAE	8	101206063	115986060	1	canFam2	16
HOMININAE	8	115986060	127279406	1	canFam2	25
HOMININAE	8	127279406	133786734	-1	canFam2	16
HOMININAE	8	133786734	134368278	1	canFam2	25
HOMININAE	8	134725144	136051632	-1	canFam2	16
HOMININAE	8	136051632	136483083	1	canFam2	16
HOMININAE	8	136483083	140714782	-1	canFam2	16
HOMININAE	8	140714782	141835799	-1	canFam2	37
HOMININAE	8	0	23835600	1	capHir1	14
HOMININAE	8	23835600	68628201	1	capHir1	14
HOMININAE	8	68628201	101688080	-1	capHir1	14
HOMININAE	8	101688080	116825753	-1	capHir1	27
HOMININAE	8	116825753	127396914	-1	capHir1	8
HOMININAE	8	127396914	133786734	1	capHir1	27
HOMININAE	8	133786734	134368278	1	capHir1	8
HOMININAE	8	134725144	141835799	-1	capHir1	27
HOMININAE	8	0	58280505	-1	equCab2	9
HOMININAE	8	58280505	102741656	1	equCab2	9
HOMININAE	8	102741656	116723037	1	equCab2	27
HOMININAE	8	116723037	127721241	-1	equCab2	2
HOMININAE	8	127721241	133786734	-1	equCab2	27
HOMININAE	8	133786734	134368278	-1	equCab2	2
HOMININAE	8	134368278	136146557	1	equCab2	27
HOMININAE	8	136146557	136486234	-1	equCab2	27
HOMININAE	8	136486234	141835799	1	equCab2	27
HOMININAE	8	0	133786734	-1	galGal3	2
HOMININAE	8	134725144	141835799	1	galGal3	3
HOMININAE	8	0	141835799	-1	gorGor3	8
HOMININAE	8	0	141835799	-1	hg19	8
HOMININAE	8	0	52629676	-1	mm10	15
HOMININAE	8	52629676	64766481	1	mm10	4
HOMININAE	8	64766481	78938219	-1	mm10	3
HOMININAE	8	78938219	88958599	-1	mm10	1
HOMININAE	8	88958599	93366977	-1	mm10	3
HOMININAE	8	93366977	100781092	-1	mm10	4
HOMININAE	8	100781092	105734514	1	mm10	1
HOMININAE	8	105734514	118361560	1	mm10	8
HOMININAE	8	118361560	127621527	1	mm10	14
HOMININAE	8	127621527	133786734	-1	mm10	8
HOMININAE	8	133786734	134368278	1	mm10	14
HOMININAE	8	134725144	135802758	-1	mm10	8
HOMININAE	8	135802758	136304487	1	mm10	8
HOMININAE	8	136304487	141835799	-1	mm10	8
HOMININAE	8	0	4499399	-1	monDom5	3
HOMININAE	8	4499399	73222182	-1	monDom5	3
HOMININAE	8	73222182	99703338	1	monDom5	3
HOMININAE	8	99703338	115450539	1	monDom5	3
HOMININAE	8	115450539	126054944	-1	monDom5	1
HOMININAE	8	126054944	129924280	1	monDom5	1
HOMININAE	8	129924280	133786734	-1	monDom5	1
HOMININAE	8	134368278	134725144	-1	monDom5	6
HOMININAE	8	134725144	135630058	-1	monDom5	1
HOMININAE	8	135630058	135889658	1	monDom5	1
HOMININAE	8	135889658	141835799	-1	monDom5	1
HOMININAE	8	0	113741840	-1	oryCun2	3
HOMININAE	8	113741840	122769008	1	oryCun2	2
HOMININAE	8	122769008	130294551	1	oryCun2	2
HOMININAE	8	130294551	133786734	1	oryCun2	2
HOMININAE	8	133786734	134368278	1	oryCun2	2
HOMININAE	8	0	133786734	-1	panTro3	8
HOMININAE	8	133786734	134368278	1	panTro3	8
HOMININAE	8	134368278	134725144	1	panTro3	8
HOMININAE	8	134725144	141835799	-1	panTro3	8
HOMININAE	8	0	133786734	-1	ponAbe2	8
HOMININAE	8	133786734	134158812	1	ponAbe2	8
HOMININAE	8	134158812	134368278	1	ponAbe2	8
HOMININAE	8	134368278	134725144	-1	ponAbe2	8
HOMININAE	8	134725144	141835799	-1	ponAbe2	8
HOMININAE	8	0	133786734	-1	rheMac3	8
HOMININAE	8	133786734	134368278	1	rheMac3	8
HOMININAE	8	134368278	141835799	-1	rheMac3	8
HOMININAE	8	0	52004690	-1	rn4	7
HOMININAE	8	52004690	64050362	1	rn4	5
HOMININAE	8	64050362	78375834	1	rn4	2
HOMININAE	8	78375834	88616318	1	rn4	5
HOMININAE	8	88616318	93161894	-1	rn4	2
HOMININAE	8	93161894	105762903	-1	rn4	5
HOMININAE	8	105762903	117845153	-1	rn4	16
HOMININAE	8	117845153	127774199	1	rn4	15
HOMININAE	8	127774199	133786734	1	rn4	16
HOMININAE	8	134725144	135835557	1	rn4	16
HOMININAE	8	135835557	136364765	-1	rn4	16
HOMININAE	8	136364765	141835799	1	rn4	16
HOMININAE	8	0	104503998	1	susScr2	4
HOMININAE	8	104503998	114879569	1	susScr2	15
HOMININAE	8	114879569	126993375	-1	susScr2	14
HOMININAE	8	126993375	133786734	-1	susScr2	17
HOMININAE	8	134725144	141835799	-1	susScr2	15
