HOMININAE	7	0	2641764	-1	calJac3	2
HOMININAE	7	2641764	5855747	-1	calJac3	2
HOMININAE	7	5855747	6458036	1	calJac3	2
HOMININAE	7	6458036	30054954	-1	calJac3	8
HOMININAE	7	30054954	33661826	1	calJac3	8
HOMININAE	7	33661826	36271268	-1	calJac3	2
HOMININAE	7	36271268	52937177	1	calJac3	8
HOMININAE	7	52937177	53612621	-1	calJac3	8
HOMININAE	7	53612621	57115798	1	calJac3	8
HOMININAE	7	57115798	57266599	-1	calJac3	2
HOMININAE	7	58176416	59526543	1	calJac3	2
HOMININAE	7	59526543	59827152	-1	calJac3	2
HOMININAE	7	59827152	60274836	1	calJac3	2
HOMININAE	7	60274836	66133499	-1	calJac3	2
HOMININAE	7	66133499	67802713	-1	calJac3	2
HOMININAE	7	67802713	88451313	-1	calJac3	8
HOMININAE	7	88451313	93169182	-1	calJac3	2
HOMININAE	7	93169182	109842285	1	calJac3	8
HOMININAE	7	109842285	151914121	-1	calJac3	8
HOMININAE	7	0	151914121	1	gorGor3	7
HOMININAE	7	0	151914121	1	hg19	7
HOMININAE	7	0	6027083	1	panTro3	7
HOMININAE	7	6027083	6458036	-1	panTro3	7
HOMININAE	7	6458036	39476610	1	panTro3	7
HOMININAE	7	39476610	43683940	-1	panTro3	7
HOMININAE	7	43683940	52937177	1	panTro3	7
HOMININAE	7	52937177	53612621	-1	panTro3	7
HOMININAE	7	53612621	57266599	1	panTro3	7
HOMININAE	7	57266599	57648960	-1	panTro3	7
HOMININAE	7	57648960	58176416	1	panTro3	7
HOMININAE	7	58176416	66133499	1	panTro3	7
HOMININAE	7	66133499	67802713	-1	panTro3	7
HOMININAE	7	67802713	151914121	1	panTro3	7
HOMININAE	7	0	2641764	-1	calJac3	2
HOMININAE	7	2641764	5855747	-1	calJac3	2
HOMININAE	7	5855747	6458036	1	calJac3	2
HOMININAE	7	6458036	30054954	-1	calJac3	8
HOMININAE	7	30054954	33661826	1	calJac3	8
HOMININAE	7	33661826	36271268	-1	calJac3	2
HOMININAE	7	36271268	52937177	1	calJac3	8
HOMININAE	7	52937177	53612621	-1	calJac3	8
HOMININAE	7	53612621	57115798	1	calJac3	8
HOMININAE	7	57115798	57266599	-1	calJac3	2
HOMININAE	7	58176416	59526543	1	calJac3	2
HOMININAE	7	59526543	59827152	-1	calJac3	2
HOMININAE	7	59827152	60274836	1	calJac3	2
HOMININAE	7	60274836	66133499	-1	calJac3	2
HOMININAE	7	66133499	67802713	-1	calJac3	2
HOMININAE	7	67802713	88451313	-1	calJac3	8
HOMININAE	7	88451313	93169182	-1	calJac3	2
HOMININAE	7	93169182	109842285	1	calJac3	8
HOMININAE	7	109842285	151914121	-1	calJac3	8
HOMININAE	7	0	151914121	1	gorGor3	7
HOMININAE	7	0	151914121	1	hg19	7
HOMININAE	7	0	6027083	1	panTro3	7
HOMININAE	7	6027083	6458036	-1	panTro3	7
HOMININAE	7	6458036	39476610	1	panTro3	7
HOMININAE	7	39476610	43683940	-1	panTro3	7
HOMININAE	7	43683940	52937177	1	panTro3	7
HOMININAE	7	52937177	53612621	-1	panTro3	7
HOMININAE	7	53612621	57266599	1	panTro3	7
HOMININAE	7	57266599	57648960	-1	panTro3	7
HOMININAE	7	57648960	58176416	1	panTro3	7
HOMININAE	7	58176416	66133499	1	panTro3	7
HOMININAE	7	66133499	67802713	-1	panTro3	7
HOMININAE	7	67802713	151914121	1	panTro3	7
HOMININAE	7	0	2641764	-1	calJac3	2
HOMININAE	7	2641764	5855747	-1	calJac3	2
HOMININAE	7	5855747	6458036	1	calJac3	2
HOMININAE	7	6458036	30054954	-1	calJac3	8
HOMININAE	7	30054954	33661826	1	calJac3	8
HOMININAE	7	33661826	36271268	-1	calJac3	2
HOMININAE	7	36271268	52937177	1	calJac3	8
HOMININAE	7	52937177	53612621	-1	calJac3	8
HOMININAE	7	53612621	57115798	1	calJac3	8
HOMININAE	7	57115798	57266599	-1	calJac3	2
HOMININAE	7	58176416	59526543	1	calJac3	2
HOMININAE	7	59526543	59827152	-1	calJac3	2
HOMININAE	7	59827152	60274836	1	calJac3	2
HOMININAE	7	60274836	66133499	-1	calJac3	2
HOMININAE	7	66133499	67802713	-1	calJac3	2
HOMININAE	7	67802713	88451313	-1	calJac3	8
HOMININAE	7	88451313	93169182	-1	calJac3	2
HOMININAE	7	93169182	109842285	1	calJac3	8
HOMININAE	7	109842285	151914121	-1	calJac3	8
HOMININAE	7	0	151914121	1	gorGor3	7
HOMININAE	7	0	151914121	1	hg19	7
HOMININAE	7	0	6027083	1	panTro3	7
HOMININAE	7	6027083	6458036	-1	panTro3	7
HOMININAE	7	6458036	39476610	1	panTro3	7
HOMININAE	7	39476610	43683940	-1	panTro3	7
HOMININAE	7	43683940	52937177	1	panTro3	7
HOMININAE	7	52937177	53612621	-1	panTro3	7
HOMININAE	7	53612621	57266599	1	panTro3	7
HOMININAE	7	57266599	57648960	-1	panTro3	7
HOMININAE	7	57648960	58176416	1	panTro3	7
HOMININAE	7	58176416	66133499	1	panTro3	7
HOMININAE	7	66133499	67802713	-1	panTro3	7
HOMININAE	7	67802713	151914121	1	panTro3	7
HOMININAE	7	0	2641764	-1	calJac3	2
HOMININAE	7	2641764	5855747	-1	calJac3	2
HOMININAE	7	5855747	6458036	1	calJac3	2
HOMININAE	7	6458036	30054954	-1	calJac3	8
HOMININAE	7	30054954	33661826	1	calJac3	8
HOMININAE	7	33661826	36271268	-1	calJac3	2
HOMININAE	7	36271268	52937177	1	calJac3	8
HOMININAE	7	52937177	53612621	-1	calJac3	8
HOMININAE	7	53612621	57115798	1	calJac3	8
HOMININAE	7	57115798	57266599	-1	calJac3	2
HOMININAE	7	58176416	59526543	1	calJac3	2
HOMININAE	7	59526543	59827152	-1	calJac3	2
HOMININAE	7	59827152	60274836	1	calJac3	2
HOMININAE	7	60274836	66133499	-1	calJac3	2
HOMININAE	7	66133499	67802713	-1	calJac3	2
HOMININAE	7	67802713	88451313	-1	calJac3	8
HOMININAE	7	88451313	93169182	-1	calJac3	2
HOMININAE	7	93169182	109842285	1	calJac3	8
HOMININAE	7	109842285	151914121	-1	calJac3	8
HOMININAE	7	0	151914121	1	gorGor3	7
HOMININAE	7	0	151914121	1	hg19	7
HOMININAE	7	0	6027083	1	panTro3	7
HOMININAE	7	6027083	6458036	-1	panTro3	7
HOMININAE	7	6458036	39476610	1	panTro3	7
HOMININAE	7	39476610	43683940	-1	panTro3	7
HOMININAE	7	43683940	52937177	1	panTro3	7
HOMININAE	7	52937177	53612621	-1	panTro3	7
HOMININAE	7	53612621	57266599	1	panTro3	7
HOMININAE	7	57266599	57648960	-1	panTro3	7
HOMININAE	7	57648960	58176416	1	panTro3	7
HOMININAE	7	58176416	66133499	1	panTro3	7
HOMININAE	7	66133499	67802713	-1	panTro3	7
HOMININAE	7	67802713	151914121	1	panTro3	7
HOMININAE	7	0	2641764	-1	calJac3	2
HOMININAE	7	2641764	5855747	-1	calJac3	2
HOMININAE	7	5855747	6458036	1	calJac3	2
HOMININAE	7	6458036	30054954	-1	calJac3	8
HOMININAE	7	30054954	33661826	1	calJac3	8
HOMININAE	7	33661826	36271268	-1	calJac3	2
HOMININAE	7	36271268	52937177	1	calJac3	8
HOMININAE	7	52937177	53612621	-1	calJac3	8
HOMININAE	7	53612621	57115798	1	calJac3	8
HOMININAE	7	57115798	57266599	-1	calJac3	2
HOMININAE	7	58176416	59526543	1	calJac3	2
HOMININAE	7	59526543	59827152	-1	calJac3	2
HOMININAE	7	59827152	60274836	1	calJac3	2
HOMININAE	7	60274836	66133499	-1	calJac3	2
HOMININAE	7	66133499	67802713	-1	calJac3	2
HOMININAE	7	67802713	88451313	-1	calJac3	8
HOMININAE	7	88451313	93169182	-1	calJac3	2
HOMININAE	7	93169182	109842285	1	calJac3	8
HOMININAE	7	109842285	151914121	-1	calJac3	8
HOMININAE	7	0	151914121	1	gorGor3	7
HOMININAE	7	0	151914121	1	hg19	7
HOMININAE	7	0	6027083	1	panTro3	7
HOMININAE	7	6027083	6458036	-1	panTro3	7
HOMININAE	7	6458036	39476610	1	panTro3	7
HOMININAE	7	39476610	43683940	-1	panTro3	7
HOMININAE	7	43683940	52937177	1	panTro3	7
HOMININAE	7	52937177	53612621	-1	panTro3	7
HOMININAE	7	53612621	57266599	1	panTro3	7
HOMININAE	7	57266599	57648960	-1	panTro3	7
HOMININAE	7	57648960	58176416	1	panTro3	7
HOMININAE	7	58176416	66133499	1	panTro3	7
HOMININAE	7	66133499	67802713	-1	panTro3	7
HOMININAE	7	67802713	151914121	1	panTro3	7
HOMININAE	7	0	2641764	-1	calJac3	2
HOMININAE	7	2641764	5855747	-1	calJac3	2
HOMININAE	7	5855747	6458036	1	calJac3	2
HOMININAE	7	6458036	30054954	-1	calJac3	8
HOMININAE	7	30054954	33661826	1	calJac3	8
HOMININAE	7	33661826	36271268	-1	calJac3	2
HOMININAE	7	36271268	52937177	1	calJac3	8
HOMININAE	7	52937177	53612621	-1	calJac3	8
HOMININAE	7	53612621	57115798	1	calJac3	8
HOMININAE	7	57115798	57266599	-1	calJac3	2
HOMININAE	7	58176416	59526543	1	calJac3	2
HOMININAE	7	59526543	59827152	-1	calJac3	2
HOMININAE	7	59827152	60274836	1	calJac3	2
HOMININAE	7	60274836	66133499	-1	calJac3	2
HOMININAE	7	66133499	67802713	-1	calJac3	2
HOMININAE	7	67802713	88451313	-1	calJac3	8
HOMININAE	7	88451313	93169182	-1	calJac3	2
HOMININAE	7	93169182	109842285	1	calJac3	8
HOMININAE	7	109842285	151914121	-1	calJac3	8
HOMININAE	7	0	151914121	1	gorGor3	7
HOMININAE	7	0	151914121	1	hg19	7
HOMININAE	7	0	6027083	1	panTro3	7
HOMININAE	7	6027083	6458036	-1	panTro3	7
HOMININAE	7	6458036	39476610	1	panTro3	7
HOMININAE	7	39476610	43683940	-1	panTro3	7
HOMININAE	7	43683940	52937177	1	panTro3	7
HOMININAE	7	52937177	53612621	-1	panTro3	7
HOMININAE	7	53612621	57266599	1	panTro3	7
HOMININAE	7	57266599	57648960	-1	panTro3	7
HOMININAE	7	57648960	58176416	1	panTro3	7
HOMININAE	7	58176416	66133499	1	panTro3	7
HOMININAE	7	66133499	67802713	-1	panTro3	7
HOMININAE	7	67802713	151914121	1	panTro3	7
HOMININAE	7	0	2641764	-1	calJac3	2
HOMININAE	7	2641764	5855747	-1	calJac3	2
HOMININAE	7	5855747	6458036	1	calJac3	2
HOMININAE	7	6458036	30054954	-1	calJac3	8
HOMININAE	7	30054954	33661826	1	calJac3	8
HOMININAE	7	33661826	36271268	-1	calJac3	2
HOMININAE	7	36271268	52937177	1	calJac3	8
HOMININAE	7	52937177	53612621	-1	calJac3	8
HOMININAE	7	53612621	57115798	1	calJac3	8
HOMININAE	7	57115798	57266599	-1	calJac3	2
HOMININAE	7	58176416	59526543	1	calJac3	2
HOMININAE	7	59526543	59827152	-1	calJac3	2
HOMININAE	7	59827152	60274836	1	calJac3	2
HOMININAE	7	60274836	66133499	-1	calJac3	2
HOMININAE	7	66133499	67802713	-1	calJac3	2
HOMININAE	7	67802713	88451313	-1	calJac3	8
HOMININAE	7	88451313	93169182	-1	calJac3	2
HOMININAE	7	93169182	109842285	1	calJac3	8
HOMININAE	7	109842285	151914121	-1	calJac3	8
HOMININAE	7	0	151914121	1	gorGor3	7
HOMININAE	7	0	151914121	1	hg19	7
HOMININAE	7	0	6027083	1	panTro3	7
HOMININAE	7	6027083	6458036	-1	panTro3	7
HOMININAE	7	6458036	39476610	1	panTro3	7
HOMININAE	7	39476610	43683940	-1	panTro3	7
HOMININAE	7	43683940	52937177	1	panTro3	7
HOMININAE	7	52937177	53612621	-1	panTro3	7
HOMININAE	7	53612621	57266599	1	panTro3	7
HOMININAE	7	57266599	57648960	-1	panTro3	7
HOMININAE	7	57648960	58176416	1	panTro3	7
HOMININAE	7	58176416	66133499	1	panTro3	7
HOMININAE	7	66133499	67802713	-1	panTro3	7
HOMININAE	7	67802713	151914121	1	panTro3	7
HOMININAE	7	0	2641764	-1	calJac3	2
HOMININAE	7	2641764	5855747	-1	calJac3	2
HOMININAE	7	5855747	6458036	1	calJac3	2
HOMININAE	7	6458036	30054954	-1	calJac3	8
HOMININAE	7	30054954	33661826	1	calJac3	8
HOMININAE	7	33661826	36271268	-1	calJac3	2
HOMININAE	7	36271268	52937177	1	calJac3	8
HOMININAE	7	52937177	53612621	-1	calJac3	8
HOMININAE	7	53612621	57115798	1	calJac3	8
HOMININAE	7	57115798	57266599	-1	calJac3	2
HOMININAE	7	58176416	59526543	1	calJac3	2
HOMININAE	7	59526543	59827152	-1	calJac3	2
HOMININAE	7	59827152	60274836	1	calJac3	2
HOMININAE	7	60274836	66133499	-1	calJac3	2
HOMININAE	7	66133499	67802713	-1	calJac3	2
HOMININAE	7	67802713	88451313	-1	calJac3	8
HOMININAE	7	88451313	93169182	-1	calJac3	2
HOMININAE	7	93169182	109842285	1	calJac3	8
HOMININAE	7	109842285	151914121	-1	calJac3	8
HOMININAE	7	0	151914121	1	gorGor3	7
HOMININAE	7	0	151914121	1	hg19	7
HOMININAE	7	0	6027083	1	panTro3	7
HOMININAE	7	6027083	6458036	-1	panTro3	7
HOMININAE	7	6458036	39476610	1	panTro3	7
HOMININAE	7	39476610	43683940	-1	panTro3	7
HOMININAE	7	43683940	52937177	1	panTro3	7
HOMININAE	7	52937177	53612621	-1	panTro3	7
HOMININAE	7	53612621	57266599	1	panTro3	7
HOMININAE	7	57266599	57648960	-1	panTro3	7
HOMININAE	7	57648960	58176416	1	panTro3	7
HOMININAE	7	58176416	66133499	1	panTro3	7
HOMININAE	7	66133499	67802713	-1	panTro3	7
HOMININAE	7	67802713	151914121	1	panTro3	7
HOMININAE	7	0	2641764	-1	calJac3	2
HOMININAE	7	2641764	5855747	-1	calJac3	2
HOMININAE	7	5855747	6458036	1	calJac3	2
HOMININAE	7	6458036	30054954	-1	calJac3	8
HOMININAE	7	30054954	33661826	1	calJac3	8
HOMININAE	7	33661826	36271268	-1	calJac3	2
HOMININAE	7	36271268	52937177	1	calJac3	8
HOMININAE	7	52937177	53612621	-1	calJac3	8
HOMININAE	7	53612621	57115798	1	calJac3	8
HOMININAE	7	57115798	57266599	-1	calJac3	2
HOMININAE	7	58176416	59526543	1	calJac3	2
HOMININAE	7	59526543	59827152	-1	calJac3	2
HOMININAE	7	59827152	60274836	1	calJac3	2
HOMININAE	7	60274836	66133499	-1	calJac3	2
HOMININAE	7	66133499	67802713	-1	calJac3	2
HOMININAE	7	67802713	88451313	-1	calJac3	8
HOMININAE	7	88451313	93169182	-1	calJac3	2
HOMININAE	7	93169182	109842285	1	calJac3	8
HOMININAE	7	109842285	151914121	-1	calJac3	8
HOMININAE	7	0	151914121	1	gorGor3	7
HOMININAE	7	0	151914121	1	hg19	7
HOMININAE	7	0	6027083	1	panTro3	7
HOMININAE	7	6027083	6458036	-1	panTro3	7
HOMININAE	7	6458036	39476610	1	panTro3	7
HOMININAE	7	39476610	43683940	-1	panTro3	7
HOMININAE	7	43683940	52937177	1	panTro3	7
HOMININAE	7	52937177	53612621	-1	panTro3	7
HOMININAE	7	53612621	57266599	1	panTro3	7
HOMININAE	7	57266599	57648960	-1	panTro3	7
HOMININAE	7	57648960	58176416	1	panTro3	7
HOMININAE	7	58176416	66133499	1	panTro3	7
HOMININAE	7	66133499	67802713	-1	panTro3	7
HOMININAE	7	67802713	151914121	1	panTro3	7
HOMININAE	7	0	2641764	-1	calJac3	2
HOMININAE	7	2641764	5855747	-1	calJac3	2
HOMININAE	7	5855747	6458036	1	calJac3	2
HOMININAE	7	6458036	30054954	-1	calJac3	8
HOMININAE	7	30054954	33661826	1	calJac3	8
HOMININAE	7	33661826	36271268	-1	calJac3	2
HOMININAE	7	36271268	52937177	1	calJac3	8
HOMININAE	7	52937177	53612621	-1	calJac3	8
HOMININAE	7	53612621	57115798	1	calJac3	8
HOMININAE	7	57115798	57266599	-1	calJac3	2
HOMININAE	7	58176416	59526543	1	calJac3	2
HOMININAE	7	59526543	59827152	-1	calJac3	2
HOMININAE	7	59827152	60274836	1	calJac3	2
HOMININAE	7	60274836	66133499	-1	calJac3	2
HOMININAE	7	66133499	67802713	-1	calJac3	2
HOMININAE	7	67802713	88451313	-1	calJac3	8
HOMININAE	7	88451313	93169182	-1	calJac3	2
HOMININAE	7	93169182	109842285	1	calJac3	8
HOMININAE	7	109842285	151914121	-1	calJac3	8
HOMININAE	7	0	151914121	1	gorGor3	7
HOMININAE	7	0	151914121	1	hg19	7
HOMININAE	7	0	6027083	1	panTro3	7
HOMININAE	7	6027083	6458036	-1	panTro3	7
HOMININAE	7	6458036	39476610	1	panTro3	7
HOMININAE	7	39476610	43683940	-1	panTro3	7
HOMININAE	7	43683940	52937177	1	panTro3	7
HOMININAE	7	52937177	53612621	-1	panTro3	7
HOMININAE	7	53612621	57266599	1	panTro3	7
HOMININAE	7	57266599	57648960	-1	panTro3	7
HOMININAE	7	57648960	58176416	1	panTro3	7
HOMININAE	7	58176416	66133499	1	panTro3	7
HOMININAE	7	66133499	67802713	-1	panTro3	7
HOMININAE	7	67802713	151914121	1	panTro3	7
HOMININAE	7	0	2641764	-1	calJac3	2
HOMININAE	7	2641764	5855747	-1	calJac3	2
HOMININAE	7	5855747	6458036	1	calJac3	2
HOMININAE	7	6458036	30054954	-1	calJac3	8
HOMININAE	7	30054954	33661826	1	calJac3	8
HOMININAE	7	33661826	36271268	-1	calJac3	2
HOMININAE	7	36271268	52937177	1	calJac3	8
HOMININAE	7	52937177	53612621	-1	calJac3	8
HOMININAE	7	53612621	57115798	1	calJac3	8
HOMININAE	7	57115798	57266599	-1	calJac3	2
HOMININAE	7	58176416	59526543	1	calJac3	2
HOMININAE	7	59526543	59827152	-1	calJac3	2
HOMININAE	7	59827152	60274836	1	calJac3	2
HOMININAE	7	60274836	66133499	-1	calJac3	2
HOMININAE	7	66133499	67802713	-1	calJac3	2
HOMININAE	7	67802713	88451313	-1	calJac3	8
HOMININAE	7	88451313	93169182	-1	calJac3	2
HOMININAE	7	93169182	109842285	1	calJac3	8
HOMININAE	7	109842285	151914121	-1	calJac3	8
HOMININAE	7	0	151914121	1	gorGor3	7
HOMININAE	7	0	151914121	1	hg19	7
HOMININAE	7	0	6027083	1	panTro3	7
HOMININAE	7	6027083	6458036	-1	panTro3	7
HOMININAE	7	6458036	39476610	1	panTro3	7
HOMININAE	7	39476610	43683940	-1	panTro3	7
HOMININAE	7	43683940	52937177	1	panTro3	7
HOMININAE	7	52937177	53612621	-1	panTro3	7
HOMININAE	7	53612621	57266599	1	panTro3	7
HOMININAE	7	57266599	57648960	-1	panTro3	7
HOMININAE	7	57648960	58176416	1	panTro3	7
HOMININAE	7	58176416	66133499	1	panTro3	7
HOMININAE	7	66133499	67802713	-1	panTro3	7
HOMININAE	7	67802713	151914121	1	panTro3	7
HOMININAE	7	0	2641764	-1	calJac3	2
HOMININAE	7	2641764	5855747	-1	calJac3	2
HOMININAE	7	5855747	6458036	1	calJac3	2
HOMININAE	7	6458036	30054954	-1	calJac3	8
HOMININAE	7	30054954	33661826	1	calJac3	8
HOMININAE	7	33661826	36271268	-1	calJac3	2
HOMININAE	7	36271268	52937177	1	calJac3	8
HOMININAE	7	52937177	53612621	-1	calJac3	8
HOMININAE	7	53612621	57115798	1	calJac3	8
HOMININAE	7	57115798	57266599	-1	calJac3	2
HOMININAE	7	58176416	59526543	1	calJac3	2
HOMININAE	7	59526543	59827152	-1	calJac3	2
HOMININAE	7	59827152	60274836	1	calJac3	2
HOMININAE	7	60274836	66133499	-1	calJac3	2
HOMININAE	7	66133499	67802713	-1	calJac3	2
HOMININAE	7	67802713	88451313	-1	calJac3	8
HOMININAE	7	88451313	93169182	-1	calJac3	2
HOMININAE	7	93169182	109842285	1	calJac3	8
HOMININAE	7	109842285	151914121	-1	calJac3	8
HOMININAE	7	0	151914121	1	gorGor3	7
HOMININAE	7	0	151914121	1	hg19	7
HOMININAE	7	0	6027083	1	panTro3	7
HOMININAE	7	6027083	6458036	-1	panTro3	7
HOMININAE	7	6458036	39476610	1	panTro3	7
HOMININAE	7	39476610	43683940	-1	panTro3	7
HOMININAE	7	43683940	52937177	1	panTro3	7
HOMININAE	7	52937177	53612621	-1	panTro3	7
HOMININAE	7	53612621	57266599	1	panTro3	7
HOMININAE	7	57266599	57648960	-1	panTro3	7
HOMININAE	7	57648960	58176416	1	panTro3	7
HOMININAE	7	58176416	66133499	1	panTro3	7
HOMININAE	7	66133499	67802713	-1	panTro3	7
HOMININAE	7	67802713	151914121	1	panTro3	7
