HOMININAE	3	0	3129161	1	bosTau7	6
HOMININAE	3	3129161	5003487	-1	bosTau7	6
HOMININAE	3	5003487	6372450	1	bosTau7	6
HOMININAE	3	6372450	14861306	1	bosTau7	6
HOMININAE	3	14861306	88756524	1	bosTau7	6
HOMININAE	3	88756524	123612143	-1	bosTau7	6
HOMININAE	3	123612143	158706460	-1	bosTau7	17
HOMININAE	3	158706460	167550298	-1	bosTau7	17
HOMININAE	3	167550298	170794883	-1	bosTau7	6
HOMININAE	3	170794883	177987813	1	bosTau7	8
HOMININAE	3	177987813	191011309	1	bosTau7	27
HOMININAE	3	0	4055896	-1	calJac3	3
HOMININAE	3	4055896	8587072	1	calJac3	3
HOMININAE	3	8587072	191011309	-1	calJac3	3
HOMININAE	3	0	2758046	-1	canFam2	3
HOMININAE	3	2758046	4951315	1	canFam2	3
HOMININAE	3	4951315	7002503	1	canFam2	3
HOMININAE	3	7002503	15779110	-1	canFam2	3
HOMININAE	3	15779110	41369182	-1	canFam2	3
HOMININAE	3	41369182	75133723	1	canFam2	13
HOMININAE	3	75133723	75664131	-1	canFam2	15
HOMININAE	3	75664131	120859887	1	canFam2	32
HOMININAE	3	120859887	144014332	-1	canFam2	19
HOMININAE	3	144014332	168526911	1	canFam2	15
HOMININAE	3	168526911	176389745	1	canFam2	25
HOMININAE	3	176389745	191011309	-1	canFam2	16
HOMININAE	3	0	2561001	-1	capHir1	6
HOMININAE	3	2561001	5155180	-1	capHir1	6
HOMININAE	3	5155180	6823974	1	capHir1	6
HOMININAE	3	6823974	15551882	1	capHir1	6
HOMININAE	3	15551882	88854252	1	capHir1	6
HOMININAE	3	88854252	123478949	-1	capHir1	6
HOMININAE	3	123478949	159582882	-1	capHir1	17
HOMININAE	3	159582882	167912058	-1	capHir1	17
HOMININAE	3	167912058	170637737	-1	capHir1	6
HOMININAE	3	170637737	177976492	1	capHir1	8
HOMININAE	3	177976492	191011309	1	capHir1	27
HOMININAE	3	0	3835160	-1	equCab2	3
HOMININAE	3	3835160	8252699	1	equCab2	3
HOMININAE	3	8252699	105010077	-1	equCab2	3
HOMININAE	3	105010077	179257942	-1	equCab2	2
HOMININAE	3	179257942	191011309	-1	equCab2	27
HOMININAE	3	0	191011309	1	gorGor3	4
HOMININAE	3	0	191011309	1	hg19	4
HOMININAE	3	0	2680626	1	mm10	5
HOMININAE	3	2680626	5977868	-1	mm10	5
HOMININAE	3	5977868	88747083	1	mm10	5
HOMININAE	3	88747083	96198917	1	mm10	6
HOMININAE	3	96198917	119414632	-1	mm10	3
HOMININAE	3	119414632	138204584	1	mm10	3
HOMININAE	3	138204584	147785513	-1	mm10	8
HOMININAE	3	147785513	160559538	-1	mm10	3
HOMININAE	3	160559538	191011309	-1	mm10	8
HOMININAE	3	0	10128395	-1	monDom5	5
HOMININAE	3	10128395	14423326	1	monDom5	5
HOMININAE	3	14423326	70350214	-1	monDom5	5
HOMININAE	3	70350214	70737306	1	monDom5	5
HOMININAE	3	70737306	75152483	1	monDom5	5
HOMININAE	3	75152483	75747279	1	monDom5	5
HOMININAE	3	75747279	76999620	-1	monDom5	5
HOMININAE	3	76999620	81452406	-1	monDom5	5
HOMININAE	3	81452406	83626432	1	monDom5	5
HOMININAE	3	83626432	84004087	-1	monDom5	5
HOMININAE	3	84004087	85949108	1	monDom5	5
HOMININAE	3	85949108	92658867	-1	monDom5	5
HOMININAE	3	92658867	105660230	-1	monDom5	5
HOMININAE	3	105660230	113284644	1	monDom5	5
HOMININAE	3	113284644	120971513	-1	monDom5	5
HOMININAE	3	120971513	191011309	-1	monDom5	5
HOMININAE	3	0	50949665	1	oryCun2	2
HOMININAE	3	50949665	84087162	-1	oryCun2	15
HOMININAE	3	84087162	88491837	1	oryCun2	15
HOMININAE	3	88491837	123830893	-1	oryCun2	15
HOMININAE	3	123830893	140710817	1	oryCun2	15
HOMININAE	3	140710817	167351318	-1	oryCun2	15
HOMININAE	3	167351318	191011309	1	oryCun2	2
HOMININAE	3	0	44800125	1	panTro3	4
HOMININAE	3	44800125	69670198	-1	panTro3	4
HOMININAE	3	69670198	70350214	1	panTro3	4
HOMININAE	3	70350214	85949108	-1	panTro3	4
HOMININAE	3	85949108	191011309	1	panTro3	4
HOMININAE	3	0	4035527	1	ponAbe2	4
HOMININAE	3	4035527	8393640	-1	ponAbe2	4
HOMININAE	3	8393640	49917372	1	ponAbe2	4
HOMININAE	3	49917372	69670198	-1	ponAbe2	4
HOMININAE	3	69670198	69677933	1	ponAbe2	4
HOMININAE	3	69677933	69947945	-1	ponAbe2	4
HOMININAE	3	69947945	191011309	1	ponAbe2	4
HOMININAE	3	0	4071609	-1	rheMac3	1
HOMININAE	3	4071609	8418961	-1	rheMac3	5
HOMININAE	3	8418961	50075408	1	rheMac3	5
HOMININAE	3	50075408	69670198	-1	rheMac3	5
HOMININAE	3	69670198	70350214	1	rheMac3	5
HOMININAE	3	70350214	85949108	-1	rheMac3	5
HOMININAE	3	85949108	191011309	1	rheMac3	5
HOMININAE	3	0	2042656	-1	rn4	14
HOMININAE	3	2042656	5315879	1	rn4	14
HOMININAE	3	5315879	88509204	-1	rn4	14
HOMININAE	3	88509204	95854742	1	rn4	4
HOMININAE	3	95854742	118101083	-1	rn4	2
HOMININAE	3	118101083	137535069	1	rn4	2
HOMININAE	3	137535069	146359637	1	rn4	19
HOMININAE	3	146359637	159042143	-1	rn4	2
HOMININAE	3	159042143	191011309	1	rn4	16
HOMININAE	3	0	5324626	1	susScr2	8
HOMININAE	3	5324626	7771454	-1	susScr2	8
HOMININAE	3	7771454	54626584	1	susScr2	8
HOMININAE	3	54626584	55792133	-1	susScr2	8
HOMININAE	3	55792133	79099855	1	susScr2	8
HOMININAE	3	79099855	154510150	-1	susScr2	8
HOMININAE	3	154510150	165425620	1	susScr2	8
HOMININAE	3	165425620	175214070	-1	susScr2	14
HOMININAE	3	175214070	187623523	1	susScr2	15
HOMININAE	3	187623523	191011309	-1	susScr2	17
HOMININAE	3	0	3129161	1	bosTau7	6
HOMININAE	3	3129161	5003487	-1	bosTau7	6
HOMININAE	3	5003487	6372450	1	bosTau7	6
HOMININAE	3	6372450	14861306	1	bosTau7	6
HOMININAE	3	14861306	88756524	1	bosTau7	6
HOMININAE	3	88756524	123612143	-1	bosTau7	6
HOMININAE	3	123612143	158706460	-1	bosTau7	17
HOMININAE	3	158706460	167550298	-1	bosTau7	17
HOMININAE	3	167550298	170794883	-1	bosTau7	6
HOMININAE	3	170794883	177987813	1	bosTau7	8
HOMININAE	3	177987813	191011309	1	bosTau7	27
HOMININAE	3	0	4055896	-1	calJac3	3
HOMININAE	3	4055896	8587072	1	calJac3	3
HOMININAE	3	8587072	191011309	-1	calJac3	3
HOMININAE	3	0	2758046	-1	canFam2	3
HOMININAE	3	2758046	4951315	1	canFam2	3
HOMININAE	3	4951315	7002503	1	canFam2	3
HOMININAE	3	7002503	15779110	-1	canFam2	3
HOMININAE	3	15779110	41369182	-1	canFam2	3
HOMININAE	3	41369182	75133723	1	canFam2	13
HOMININAE	3	75133723	75664131	-1	canFam2	15
HOMININAE	3	75664131	120859887	1	canFam2	32
HOMININAE	3	120859887	144014332	-1	canFam2	19
HOMININAE	3	144014332	168526911	1	canFam2	15
HOMININAE	3	168526911	176389745	1	canFam2	25
HOMININAE	3	176389745	191011309	-1	canFam2	16
HOMININAE	3	0	2561001	-1	capHir1	6
HOMININAE	3	2561001	5155180	-1	capHir1	6
HOMININAE	3	5155180	6823974	1	capHir1	6
HOMININAE	3	6823974	15551882	1	capHir1	6
HOMININAE	3	15551882	88854252	1	capHir1	6
HOMININAE	3	88854252	123478949	-1	capHir1	6
HOMININAE	3	123478949	159582882	-1	capHir1	17
HOMININAE	3	159582882	167912058	-1	capHir1	17
HOMININAE	3	167912058	170637737	-1	capHir1	6
HOMININAE	3	170637737	177976492	1	capHir1	8
HOMININAE	3	177976492	191011309	1	capHir1	27
HOMININAE	3	0	3835160	-1	equCab2	3
HOMININAE	3	3835160	8252699	1	equCab2	3
HOMININAE	3	8252699	105010077	-1	equCab2	3
HOMININAE	3	105010077	179257942	-1	equCab2	2
HOMININAE	3	179257942	191011309	-1	equCab2	27
HOMININAE	3	0	191011309	1	gorGor3	4
HOMININAE	3	0	191011309	1	hg19	4
HOMININAE	3	0	2680626	1	mm10	5
HOMININAE	3	2680626	5977868	-1	mm10	5
HOMININAE	3	5977868	88747083	1	mm10	5
HOMININAE	3	88747083	96198917	1	mm10	6
HOMININAE	3	96198917	119414632	-1	mm10	3
HOMININAE	3	119414632	138204584	1	mm10	3
HOMININAE	3	138204584	147785513	-1	mm10	8
HOMININAE	3	147785513	160559538	-1	mm10	3
HOMININAE	3	160559538	191011309	-1	mm10	8
HOMININAE	3	0	10128395	-1	monDom5	5
HOMININAE	3	10128395	14423326	1	monDom5	5
HOMININAE	3	14423326	70350214	-1	monDom5	5
HOMININAE	3	70350214	70737306	1	monDom5	5
HOMININAE	3	70737306	75152483	1	monDom5	5
HOMININAE	3	75152483	75747279	1	monDom5	5
HOMININAE	3	75747279	76999620	-1	monDom5	5
HOMININAE	3	76999620	81452406	-1	monDom5	5
HOMININAE	3	81452406	83626432	1	monDom5	5
HOMININAE	3	83626432	84004087	-1	monDom5	5
HOMININAE	3	84004087	85949108	1	monDom5	5
HOMININAE	3	85949108	92658867	-1	monDom5	5
HOMININAE	3	92658867	105660230	-1	monDom5	5
HOMININAE	3	105660230	113284644	1	monDom5	5
HOMININAE	3	113284644	120971513	-1	monDom5	5
HOMININAE	3	120971513	191011309	-1	monDom5	5
HOMININAE	3	0	50949665	1	oryCun2	2
HOMININAE	3	50949665	84087162	-1	oryCun2	15
HOMININAE	3	84087162	88491837	1	oryCun2	15
HOMININAE	3	88491837	123830893	-1	oryCun2	15
HOMININAE	3	123830893	140710817	1	oryCun2	15
HOMININAE	3	140710817	167351318	-1	oryCun2	15
HOMININAE	3	167351318	191011309	1	oryCun2	2
HOMININAE	3	0	44800125	1	panTro3	4
HOMININAE	3	44800125	69670198	-1	panTro3	4
HOMININAE	3	69670198	70350214	1	panTro3	4
HOMININAE	3	70350214	85949108	-1	panTro3	4
HOMININAE	3	85949108	191011309	1	panTro3	4
HOMININAE	3	0	4035527	1	ponAbe2	4
HOMININAE	3	4035527	8393640	-1	ponAbe2	4
HOMININAE	3	8393640	49917372	1	ponAbe2	4
HOMININAE	3	49917372	69670198	-1	ponAbe2	4
HOMININAE	3	69670198	69677933	1	ponAbe2	4
HOMININAE	3	69677933	69947945	-1	ponAbe2	4
HOMININAE	3	69947945	191011309	1	ponAbe2	4
HOMININAE	3	0	4071609	-1	rheMac3	1
HOMININAE	3	4071609	8418961	-1	rheMac3	5
HOMININAE	3	8418961	50075408	1	rheMac3	5
HOMININAE	3	50075408	69670198	-1	rheMac3	5
HOMININAE	3	69670198	70350214	1	rheMac3	5
HOMININAE	3	70350214	85949108	-1	rheMac3	5
HOMININAE	3	85949108	191011309	1	rheMac3	5
HOMININAE	3	0	2042656	-1	rn4	14
HOMININAE	3	2042656	5315879	1	rn4	14
HOMININAE	3	5315879	88509204	-1	rn4	14
HOMININAE	3	88509204	95854742	1	rn4	4
HOMININAE	3	95854742	118101083	-1	rn4	2
HOMININAE	3	118101083	137535069	1	rn4	2
HOMININAE	3	137535069	146359637	1	rn4	19
HOMININAE	3	146359637	159042143	-1	rn4	2
HOMININAE	3	159042143	191011309	1	rn4	16
HOMININAE	3	0	5324626	1	susScr2	8
HOMININAE	3	5324626	7771454	-1	susScr2	8
HOMININAE	3	7771454	54626584	1	susScr2	8
HOMININAE	3	54626584	55792133	-1	susScr2	8
HOMININAE	3	55792133	79099855	1	susScr2	8
HOMININAE	3	79099855	154510150	-1	susScr2	8
HOMININAE	3	154510150	165425620	1	susScr2	8
HOMININAE	3	165425620	175214070	-1	susScr2	14
HOMININAE	3	175214070	187623523	1	susScr2	15
HOMININAE	3	187623523	191011309	-1	susScr2	17
HOMININAE	3	0	3129161	1	bosTau7	6
HOMININAE	3	3129161	5003487	-1	bosTau7	6
HOMININAE	3	5003487	6372450	1	bosTau7	6
HOMININAE	3	6372450	14861306	1	bosTau7	6
HOMININAE	3	14861306	88756524	1	bosTau7	6
HOMININAE	3	88756524	123612143	-1	bosTau7	6
HOMININAE	3	123612143	158706460	-1	bosTau7	17
HOMININAE	3	158706460	167550298	-1	bosTau7	17
HOMININAE	3	167550298	170794883	-1	bosTau7	6
HOMININAE	3	170794883	177987813	1	bosTau7	8
HOMININAE	3	177987813	191011309	1	bosTau7	27
HOMININAE	3	0	4055896	-1	calJac3	3
HOMININAE	3	4055896	8587072	1	calJac3	3
HOMININAE	3	8587072	191011309	-1	calJac3	3
HOMININAE	3	0	2758046	-1	canFam2	3
HOMININAE	3	2758046	4951315	1	canFam2	3
HOMININAE	3	4951315	7002503	1	canFam2	3
HOMININAE	3	7002503	15779110	-1	canFam2	3
HOMININAE	3	15779110	41369182	-1	canFam2	3
HOMININAE	3	41369182	75133723	1	canFam2	13
HOMININAE	3	75133723	75664131	-1	canFam2	15
HOMININAE	3	75664131	120859887	1	canFam2	32
HOMININAE	3	120859887	144014332	-1	canFam2	19
HOMININAE	3	144014332	168526911	1	canFam2	15
HOMININAE	3	168526911	176389745	1	canFam2	25
HOMININAE	3	176389745	191011309	-1	canFam2	16
HOMININAE	3	0	2561001	-1	capHir1	6
HOMININAE	3	2561001	5155180	-1	capHir1	6
HOMININAE	3	5155180	6823974	1	capHir1	6
HOMININAE	3	6823974	15551882	1	capHir1	6
HOMININAE	3	15551882	88854252	1	capHir1	6
HOMININAE	3	88854252	123478949	-1	capHir1	6
HOMININAE	3	123478949	159582882	-1	capHir1	17
HOMININAE	3	159582882	167912058	-1	capHir1	17
HOMININAE	3	167912058	170637737	-1	capHir1	6
HOMININAE	3	170637737	177976492	1	capHir1	8
HOMININAE	3	177976492	191011309	1	capHir1	27
HOMININAE	3	0	3835160	-1	equCab2	3
HOMININAE	3	3835160	8252699	1	equCab2	3
HOMININAE	3	8252699	105010077	-1	equCab2	3
HOMININAE	3	105010077	179257942	-1	equCab2	2
HOMININAE	3	179257942	191011309	-1	equCab2	27
HOMININAE	3	0	191011309	1	gorGor3	4
HOMININAE	3	0	191011309	1	hg19	4
HOMININAE	3	0	2680626	1	mm10	5
HOMININAE	3	2680626	5977868	-1	mm10	5
HOMININAE	3	5977868	88747083	1	mm10	5
HOMININAE	3	88747083	96198917	1	mm10	6
HOMININAE	3	96198917	119414632	-1	mm10	3
HOMININAE	3	119414632	138204584	1	mm10	3
HOMININAE	3	138204584	147785513	-1	mm10	8
HOMININAE	3	147785513	160559538	-1	mm10	3
HOMININAE	3	160559538	191011309	-1	mm10	8
HOMININAE	3	0	10128395	-1	monDom5	5
HOMININAE	3	10128395	14423326	1	monDom5	5
HOMININAE	3	14423326	70350214	-1	monDom5	5
HOMININAE	3	70350214	70737306	1	monDom5	5
HOMININAE	3	70737306	75152483	1	monDom5	5
HOMININAE	3	75152483	75747279	1	monDom5	5
HOMININAE	3	75747279	76999620	-1	monDom5	5
HOMININAE	3	76999620	81452406	-1	monDom5	5
HOMININAE	3	81452406	83626432	1	monDom5	5
HOMININAE	3	83626432	84004087	-1	monDom5	5
HOMININAE	3	84004087	85949108	1	monDom5	5
HOMININAE	3	85949108	92658867	-1	monDom5	5
HOMININAE	3	92658867	105660230	-1	monDom5	5
HOMININAE	3	105660230	113284644	1	monDom5	5
HOMININAE	3	113284644	120971513	-1	monDom5	5
HOMININAE	3	120971513	191011309	-1	monDom5	5
HOMININAE	3	0	50949665	1	oryCun2	2
HOMININAE	3	50949665	84087162	-1	oryCun2	15
HOMININAE	3	84087162	88491837	1	oryCun2	15
HOMININAE	3	88491837	123830893	-1	oryCun2	15
HOMININAE	3	123830893	140710817	1	oryCun2	15
HOMININAE	3	140710817	167351318	-1	oryCun2	15
HOMININAE	3	167351318	191011309	1	oryCun2	2
HOMININAE	3	0	44800125	1	panTro3	4
HOMININAE	3	44800125	69670198	-1	panTro3	4
HOMININAE	3	69670198	70350214	1	panTro3	4
HOMININAE	3	70350214	85949108	-1	panTro3	4
HOMININAE	3	85949108	191011309	1	panTro3	4
HOMININAE	3	0	4035527	1	ponAbe2	4
HOMININAE	3	4035527	8393640	-1	ponAbe2	4
HOMININAE	3	8393640	49917372	1	ponAbe2	4
HOMININAE	3	49917372	69670198	-1	ponAbe2	4
HOMININAE	3	69670198	69677933	1	ponAbe2	4
HOMININAE	3	69677933	69947945	-1	ponAbe2	4
HOMININAE	3	69947945	191011309	1	ponAbe2	4
HOMININAE	3	0	4071609	-1	rheMac3	1
HOMININAE	3	4071609	8418961	-1	rheMac3	5
HOMININAE	3	8418961	50075408	1	rheMac3	5
HOMININAE	3	50075408	69670198	-1	rheMac3	5
HOMININAE	3	69670198	70350214	1	rheMac3	5
HOMININAE	3	70350214	85949108	-1	rheMac3	5
HOMININAE	3	85949108	191011309	1	rheMac3	5
HOMININAE	3	0	2042656	-1	rn4	14
HOMININAE	3	2042656	5315879	1	rn4	14
HOMININAE	3	5315879	88509204	-1	rn4	14
HOMININAE	3	88509204	95854742	1	rn4	4
HOMININAE	3	95854742	118101083	-1	rn4	2
HOMININAE	3	118101083	137535069	1	rn4	2
HOMININAE	3	137535069	146359637	1	rn4	19
HOMININAE	3	146359637	159042143	-1	rn4	2
HOMININAE	3	159042143	191011309	1	rn4	16
HOMININAE	3	0	5324626	1	susScr2	8
HOMININAE	3	5324626	7771454	-1	susScr2	8
HOMININAE	3	7771454	54626584	1	susScr2	8
HOMININAE	3	54626584	55792133	-1	susScr2	8
HOMININAE	3	55792133	79099855	1	susScr2	8
HOMININAE	3	79099855	154510150	-1	susScr2	8
HOMININAE	3	154510150	165425620	1	susScr2	8
HOMININAE	3	165425620	175214070	-1	susScr2	14
HOMININAE	3	175214070	187623523	1	susScr2	15
HOMININAE	3	187623523	191011309	-1	susScr2	17
HOMININAE	3	0	3129161	1	bosTau7	6
HOMININAE	3	3129161	5003487	-1	bosTau7	6
HOMININAE	3	5003487	6372450	1	bosTau7	6
HOMININAE	3	6372450	14861306	1	bosTau7	6
HOMININAE	3	14861306	88756524	1	bosTau7	6
HOMININAE	3	88756524	123612143	-1	bosTau7	6
HOMININAE	3	123612143	158706460	-1	bosTau7	17
HOMININAE	3	158706460	167550298	-1	bosTau7	17
HOMININAE	3	167550298	170794883	-1	bosTau7	6
HOMININAE	3	170794883	177987813	1	bosTau7	8
HOMININAE	3	177987813	191011309	1	bosTau7	27
HOMININAE	3	0	4055896	-1	calJac3	3
HOMININAE	3	4055896	8587072	1	calJac3	3
HOMININAE	3	8587072	191011309	-1	calJac3	3
HOMININAE	3	0	2758046	-1	canFam2	3
HOMININAE	3	2758046	4951315	1	canFam2	3
HOMININAE	3	4951315	7002503	1	canFam2	3
HOMININAE	3	7002503	15779110	-1	canFam2	3
HOMININAE	3	15779110	41369182	-1	canFam2	3
HOMININAE	3	41369182	75133723	1	canFam2	13
HOMININAE	3	75133723	75664131	-1	canFam2	15
HOMININAE	3	75664131	120859887	1	canFam2	32
HOMININAE	3	120859887	144014332	-1	canFam2	19
HOMININAE	3	144014332	168526911	1	canFam2	15
HOMININAE	3	168526911	176389745	1	canFam2	25
HOMININAE	3	176389745	191011309	-1	canFam2	16
HOMININAE	3	0	2561001	-1	capHir1	6
HOMININAE	3	2561001	5155180	-1	capHir1	6
HOMININAE	3	5155180	6823974	1	capHir1	6
HOMININAE	3	6823974	15551882	1	capHir1	6
HOMININAE	3	15551882	88854252	1	capHir1	6
HOMININAE	3	88854252	123478949	-1	capHir1	6
HOMININAE	3	123478949	159582882	-1	capHir1	17
HOMININAE	3	159582882	167912058	-1	capHir1	17
HOMININAE	3	167912058	170637737	-1	capHir1	6
HOMININAE	3	170637737	177976492	1	capHir1	8
HOMININAE	3	177976492	191011309	1	capHir1	27
HOMININAE	3	0	3835160	-1	equCab2	3
HOMININAE	3	3835160	8252699	1	equCab2	3
HOMININAE	3	8252699	105010077	-1	equCab2	3
HOMININAE	3	105010077	179257942	-1	equCab2	2
HOMININAE	3	179257942	191011309	-1	equCab2	27
HOMININAE	3	0	191011309	1	gorGor3	4
HOMININAE	3	0	191011309	1	hg19	4
HOMININAE	3	0	2680626	1	mm10	5
HOMININAE	3	2680626	5977868	-1	mm10	5
HOMININAE	3	5977868	88747083	1	mm10	5
HOMININAE	3	88747083	96198917	1	mm10	6
HOMININAE	3	96198917	119414632	-1	mm10	3
HOMININAE	3	119414632	138204584	1	mm10	3
HOMININAE	3	138204584	147785513	-1	mm10	8
HOMININAE	3	147785513	160559538	-1	mm10	3
HOMININAE	3	160559538	191011309	-1	mm10	8
HOMININAE	3	0	10128395	-1	monDom5	5
HOMININAE	3	10128395	14423326	1	monDom5	5
HOMININAE	3	14423326	70350214	-1	monDom5	5
HOMININAE	3	70350214	70737306	1	monDom5	5
HOMININAE	3	70737306	75152483	1	monDom5	5
HOMININAE	3	75152483	75747279	1	monDom5	5
HOMININAE	3	75747279	76999620	-1	monDom5	5
HOMININAE	3	76999620	81452406	-1	monDom5	5
HOMININAE	3	81452406	83626432	1	monDom5	5
HOMININAE	3	83626432	84004087	-1	monDom5	5
HOMININAE	3	84004087	85949108	1	monDom5	5
HOMININAE	3	85949108	92658867	-1	monDom5	5
HOMININAE	3	92658867	105660230	-1	monDom5	5
HOMININAE	3	105660230	113284644	1	monDom5	5
HOMININAE	3	113284644	120971513	-1	monDom5	5
HOMININAE	3	120971513	191011309	-1	monDom5	5
HOMININAE	3	0	50949665	1	oryCun2	2
HOMININAE	3	50949665	84087162	-1	oryCun2	15
HOMININAE	3	84087162	88491837	1	oryCun2	15
HOMININAE	3	88491837	123830893	-1	oryCun2	15
HOMININAE	3	123830893	140710817	1	oryCun2	15
HOMININAE	3	140710817	167351318	-1	oryCun2	15
HOMININAE	3	167351318	191011309	1	oryCun2	2
HOMININAE	3	0	44800125	1	panTro3	4
HOMININAE	3	44800125	69670198	-1	panTro3	4
HOMININAE	3	69670198	70350214	1	panTro3	4
HOMININAE	3	70350214	85949108	-1	panTro3	4
HOMININAE	3	85949108	191011309	1	panTro3	4
HOMININAE	3	0	4035527	1	ponAbe2	4
HOMININAE	3	4035527	8393640	-1	ponAbe2	4
HOMININAE	3	8393640	49917372	1	ponAbe2	4
HOMININAE	3	49917372	69670198	-1	ponAbe2	4
HOMININAE	3	69670198	69677933	1	ponAbe2	4
HOMININAE	3	69677933	69947945	-1	ponAbe2	4
HOMININAE	3	69947945	191011309	1	ponAbe2	4
HOMININAE	3	0	4071609	-1	rheMac3	1
HOMININAE	3	4071609	8418961	-1	rheMac3	5
HOMININAE	3	8418961	50075408	1	rheMac3	5
HOMININAE	3	50075408	69670198	-1	rheMac3	5
HOMININAE	3	69670198	70350214	1	rheMac3	5
HOMININAE	3	70350214	85949108	-1	rheMac3	5
HOMININAE	3	85949108	191011309	1	rheMac3	5
HOMININAE	3	0	2042656	-1	rn4	14
HOMININAE	3	2042656	5315879	1	rn4	14
HOMININAE	3	5315879	88509204	-1	rn4	14
HOMININAE	3	88509204	95854742	1	rn4	4
HOMININAE	3	95854742	118101083	-1	rn4	2
HOMININAE	3	118101083	137535069	1	rn4	2
HOMININAE	3	137535069	146359637	1	rn4	19
HOMININAE	3	146359637	159042143	-1	rn4	2
HOMININAE	3	159042143	191011309	1	rn4	16
HOMININAE	3	0	5324626	1	susScr2	8
HOMININAE	3	5324626	7771454	-1	susScr2	8
HOMININAE	3	7771454	54626584	1	susScr2	8
HOMININAE	3	54626584	55792133	-1	susScr2	8
HOMININAE	3	55792133	79099855	1	susScr2	8
HOMININAE	3	79099855	154510150	-1	susScr2	8
HOMININAE	3	154510150	165425620	1	susScr2	8
HOMININAE	3	165425620	175214070	-1	susScr2	14
HOMININAE	3	175214070	187623523	1	susScr2	15
HOMININAE	3	187623523	191011309	-1	susScr2	17
HOMININAE	3	0	3129161	1	bosTau7	6
HOMININAE	3	3129161	5003487	-1	bosTau7	6
HOMININAE	3	5003487	6372450	1	bosTau7	6
HOMININAE	3	6372450	14861306	1	bosTau7	6
HOMININAE	3	14861306	88756524	1	bosTau7	6
HOMININAE	3	88756524	123612143	-1	bosTau7	6
HOMININAE	3	123612143	158706460	-1	bosTau7	17
HOMININAE	3	158706460	167550298	-1	bosTau7	17
HOMININAE	3	167550298	170794883	-1	bosTau7	6
HOMININAE	3	170794883	177987813	1	bosTau7	8
HOMININAE	3	177987813	191011309	1	bosTau7	27
HOMININAE	3	0	4055896	-1	calJac3	3
HOMININAE	3	4055896	8587072	1	calJac3	3
HOMININAE	3	8587072	191011309	-1	calJac3	3
HOMININAE	3	0	2758046	-1	canFam2	3
HOMININAE	3	2758046	4951315	1	canFam2	3
HOMININAE	3	4951315	7002503	1	canFam2	3
HOMININAE	3	7002503	15779110	-1	canFam2	3
HOMININAE	3	15779110	41369182	-1	canFam2	3
HOMININAE	3	41369182	75133723	1	canFam2	13
HOMININAE	3	75133723	75664131	-1	canFam2	15
HOMININAE	3	75664131	120859887	1	canFam2	32
HOMININAE	3	120859887	144014332	-1	canFam2	19
HOMININAE	3	144014332	168526911	1	canFam2	15
HOMININAE	3	168526911	176389745	1	canFam2	25
HOMININAE	3	176389745	191011309	-1	canFam2	16
HOMININAE	3	0	2561001	-1	capHir1	6
HOMININAE	3	2561001	5155180	-1	capHir1	6
HOMININAE	3	5155180	6823974	1	capHir1	6
HOMININAE	3	6823974	15551882	1	capHir1	6
HOMININAE	3	15551882	88854252	1	capHir1	6
HOMININAE	3	88854252	123478949	-1	capHir1	6
HOMININAE	3	123478949	159582882	-1	capHir1	17
HOMININAE	3	159582882	167912058	-1	capHir1	17
HOMININAE	3	167912058	170637737	-1	capHir1	6
HOMININAE	3	170637737	177976492	1	capHir1	8
HOMININAE	3	177976492	191011309	1	capHir1	27
HOMININAE	3	0	3835160	-1	equCab2	3
HOMININAE	3	3835160	8252699	1	equCab2	3
HOMININAE	3	8252699	105010077	-1	equCab2	3
HOMININAE	3	105010077	179257942	-1	equCab2	2
HOMININAE	3	179257942	191011309	-1	equCab2	27
HOMININAE	3	0	191011309	1	gorGor3	4
HOMININAE	3	0	191011309	1	hg19	4
HOMININAE	3	0	2680626	1	mm10	5
HOMININAE	3	2680626	5977868	-1	mm10	5
HOMININAE	3	5977868	88747083	1	mm10	5
HOMININAE	3	88747083	96198917	1	mm10	6
HOMININAE	3	96198917	119414632	-1	mm10	3
HOMININAE	3	119414632	138204584	1	mm10	3
HOMININAE	3	138204584	147785513	-1	mm10	8
HOMININAE	3	147785513	160559538	-1	mm10	3
HOMININAE	3	160559538	191011309	-1	mm10	8
HOMININAE	3	0	10128395	-1	monDom5	5
HOMININAE	3	10128395	14423326	1	monDom5	5
HOMININAE	3	14423326	70350214	-1	monDom5	5
HOMININAE	3	70350214	70737306	1	monDom5	5
HOMININAE	3	70737306	75152483	1	monDom5	5
HOMININAE	3	75152483	75747279	1	monDom5	5
HOMININAE	3	75747279	76999620	-1	monDom5	5
HOMININAE	3	76999620	81452406	-1	monDom5	5
HOMININAE	3	81452406	83626432	1	monDom5	5
HOMININAE	3	83626432	84004087	-1	monDom5	5
HOMININAE	3	84004087	85949108	1	monDom5	5
HOMININAE	3	85949108	92658867	-1	monDom5	5
HOMININAE	3	92658867	105660230	-1	monDom5	5
HOMININAE	3	105660230	113284644	1	monDom5	5
HOMININAE	3	113284644	120971513	-1	monDom5	5
HOMININAE	3	120971513	191011309	-1	monDom5	5
HOMININAE	3	0	50949665	1	oryCun2	2
HOMININAE	3	50949665	84087162	-1	oryCun2	15
HOMININAE	3	84087162	88491837	1	oryCun2	15
HOMININAE	3	88491837	123830893	-1	oryCun2	15
HOMININAE	3	123830893	140710817	1	oryCun2	15
HOMININAE	3	140710817	167351318	-1	oryCun2	15
HOMININAE	3	167351318	191011309	1	oryCun2	2
HOMININAE	3	0	44800125	1	panTro3	4
HOMININAE	3	44800125	69670198	-1	panTro3	4
HOMININAE	3	69670198	70350214	1	panTro3	4
HOMININAE	3	70350214	85949108	-1	panTro3	4
HOMININAE	3	85949108	191011309	1	panTro3	4
HOMININAE	3	0	4035527	1	ponAbe2	4
HOMININAE	3	4035527	8393640	-1	ponAbe2	4
HOMININAE	3	8393640	49917372	1	ponAbe2	4
HOMININAE	3	49917372	69670198	-1	ponAbe2	4
HOMININAE	3	69670198	69677933	1	ponAbe2	4
HOMININAE	3	69677933	69947945	-1	ponAbe2	4
HOMININAE	3	69947945	191011309	1	ponAbe2	4
HOMININAE	3	0	4071609	-1	rheMac3	1
HOMININAE	3	4071609	8418961	-1	rheMac3	5
HOMININAE	3	8418961	50075408	1	rheMac3	5
HOMININAE	3	50075408	69670198	-1	rheMac3	5
HOMININAE	3	69670198	70350214	1	rheMac3	5
HOMININAE	3	70350214	85949108	-1	rheMac3	5
HOMININAE	3	85949108	191011309	1	rheMac3	5
HOMININAE	3	0	2042656	-1	rn4	14
HOMININAE	3	2042656	5315879	1	rn4	14
HOMININAE	3	5315879	88509204	-1	rn4	14
HOMININAE	3	88509204	95854742	1	rn4	4
HOMININAE	3	95854742	118101083	-1	rn4	2
HOMININAE	3	118101083	137535069	1	rn4	2
HOMININAE	3	137535069	146359637	1	rn4	19
HOMININAE	3	146359637	159042143	-1	rn4	2
HOMININAE	3	159042143	191011309	1	rn4	16
HOMININAE	3	0	5324626	1	susScr2	8
HOMININAE	3	5324626	7771454	-1	susScr2	8
HOMININAE	3	7771454	54626584	1	susScr2	8
HOMININAE	3	54626584	55792133	-1	susScr2	8
HOMININAE	3	55792133	79099855	1	susScr2	8
HOMININAE	3	79099855	154510150	-1	susScr2	8
HOMININAE	3	154510150	165425620	1	susScr2	8
HOMININAE	3	165425620	175214070	-1	susScr2	14
HOMININAE	3	175214070	187623523	1	susScr2	15
HOMININAE	3	187623523	191011309	-1	susScr2	17
