HOMININAE	4	0	21861780	-1	bosTau7	20
HOMININAE	4	21861780	68875638	-1	bosTau7	20
HOMININAE	4	69182341	69813509	1	bosTau7	20
HOMININAE	4	70270212	74244164	-1	bosTau7	20
HOMININAE	4	74244164	79383613	1	bosTau7	10
HOMININAE	4	79383613	98510168	1	bosTau7	7
HOMININAE	4	98510168	98827385	-1	bosTau7	7
HOMININAE	4	98827385	101236655	1	bosTau7	7
HOMININAE	4	101236655	103619141	-1	bosTau7	7
HOMININAE	4	103619141	108938969	1	bosTau7	7
HOMININAE	4	108938969	110961247	-1	bosTau7	10
HOMININAE	4	110961247	113851976	1	bosTau7	10
HOMININAE	4	113851976	132207052	-1	bosTau7	7
HOMININAE	4	132207052	171109437	1	bosTau7	7
HOMININAE	4	171109437	174222608	-1	bosTau7	20
HOMININAE	4	174222608	178269098	1	bosTau7	20
HOMININAE	4	178269098	180337321	-1	bosTau7	7
HOMININAE	4	0	15119112	-1	canFam2	34
HOMININAE	4	15119112	21450021	-1	canFam2	4
HOMININAE	4	21450021	52375129	-1	canFam2	4
HOMININAE	4	52375129	68875638	1	canFam2	2
HOMININAE	4	69182341	69813509	1	canFam2	4
HOMININAE	4	70270212	73685168	1	canFam2	2
HOMININAE	4	73685168	98510168	-1	canFam2	3
HOMININAE	4	98510168	98827385	1	canFam2	3
HOMININAE	4	98827385	111142068	-1	canFam2	3
HOMININAE	4	111142068	137263472	1	canFam2	11
HOMININAE	4	137263472	146893994	1	canFam2	2
HOMININAE	4	146893994	177437425	-1	canFam2	4
HOMININAE	4	177437425	180337321	-1	canFam2	11
HOMININAE	4	0	799478	1	capHir1	20
HOMININAE	4	799478	1240611	-1	capHir1	20
HOMININAE	4	1240611	74102427	-1	capHir1	20
HOMININAE	4	74102427	79370534	1	capHir1	10
HOMININAE	4	79370534	110529795	1	capHir1	7
HOMININAE	4	110529795	112531226	-1	capHir1	10
HOMININAE	4	112531226	115240094	1	capHir1	10
HOMININAE	4	115240094	132121768	-1	capHir1	7
HOMININAE	4	132121768	169855478	1	capHir1	7
HOMININAE	4	169855478	176340493	1	capHir1	20
HOMININAE	4	176340493	178394591	1	capHir1	7
HOMININAE	4	178394591	180337321	-1	capHir1	7
HOMININAE	4	0	21438764	-1	equCab2	21
HOMININAE	4	21438764	68875638	-1	equCab2	21
HOMININAE	4	69182341	69813509	1	equCab2	21
HOMININAE	4	70270212	98510168	-1	equCab2	14
HOMININAE	4	98510168	98827385	1	equCab2	14
HOMININAE	4	98827385	180337321	-1	equCab2	14
HOMININAE	4	0	80208250	-1	gorGor3	17
HOMININAE	4	80208250	180337321	1	gorGor3	5
HOMININAE	4	0	180337321	1	hg19	5
HOMININAE	4	0	18538808	1	panTro3	5
HOMININAE	4	18538808	68875638	-1	panTro3	5
HOMININAE	4	68875638	69182341	1	panTro3	5
HOMININAE	4	69182341	69813509	-1	panTro3	5
HOMININAE	4	69813509	70270212	1	panTro3	5
HOMININAE	4	70270212	95537675	-1	panTro3	5
HOMININAE	4	95537675	98510168	1	panTro3	5
HOMININAE	4	98510168	98827385	-1	panTro3	5
HOMININAE	4	98827385	180337321	1	panTro3	5
HOMININAE	4	0	21295338	1	ponAbe2	5
HOMININAE	4	21295338	68875638	1	ponAbe2	5
HOMININAE	4	69182341	69813509	-1	ponAbe2	5
HOMININAE	4	70270212	98510168	1	ponAbe2	5
HOMININAE	4	98510168	98827385	-1	ponAbe2	5
HOMININAE	4	98827385	180337321	1	ponAbe2	5
HOMININAE	4	0	699475	1	rheMac3	6
HOMININAE	4	699475	1252065	-1	rheMac3	14
HOMININAE	4	1252065	21600153	1	rheMac3	6
HOMININAE	4	21600153	68875638	1	rheMac3	6
HOMININAE	4	69182341	69813509	-1	rheMac3	6
HOMININAE	4	70270212	98510168	1	rheMac3	6
HOMININAE	4	98510168	98827385	-1	rheMac3	6
HOMININAE	4	98827385	180337321	1	rheMac3	6
HOMININAE	4	0	21861780	-1	bosTau7	20
HOMININAE	4	21861780	68875638	-1	bosTau7	20
HOMININAE	4	69182341	69813509	1	bosTau7	20
HOMININAE	4	70270212	74244164	-1	bosTau7	20
HOMININAE	4	74244164	79383613	1	bosTau7	10
HOMININAE	4	79383613	98510168	1	bosTau7	7
HOMININAE	4	98510168	98827385	-1	bosTau7	7
HOMININAE	4	98827385	101236655	1	bosTau7	7
HOMININAE	4	101236655	103619141	-1	bosTau7	7
HOMININAE	4	103619141	108938969	1	bosTau7	7
HOMININAE	4	108938969	110961247	-1	bosTau7	10
HOMININAE	4	110961247	113851976	1	bosTau7	10
HOMININAE	4	113851976	132207052	-1	bosTau7	7
HOMININAE	4	132207052	171109437	1	bosTau7	7
HOMININAE	4	171109437	174222608	-1	bosTau7	20
HOMININAE	4	174222608	178269098	1	bosTau7	20
HOMININAE	4	178269098	180337321	-1	bosTau7	7
HOMININAE	4	0	15119112	-1	canFam2	34
HOMININAE	4	15119112	21450021	-1	canFam2	4
HOMININAE	4	21450021	52375129	-1	canFam2	4
HOMININAE	4	52375129	68875638	1	canFam2	2
HOMININAE	4	69182341	69813509	1	canFam2	4
HOMININAE	4	70270212	73685168	1	canFam2	2
HOMININAE	4	73685168	98510168	-1	canFam2	3
HOMININAE	4	98510168	98827385	1	canFam2	3
HOMININAE	4	98827385	111142068	-1	canFam2	3
HOMININAE	4	111142068	137263472	1	canFam2	11
HOMININAE	4	137263472	146893994	1	canFam2	2
HOMININAE	4	146893994	177437425	-1	canFam2	4
HOMININAE	4	177437425	180337321	-1	canFam2	11
HOMININAE	4	0	799478	1	capHir1	20
HOMININAE	4	799478	1240611	-1	capHir1	20
HOMININAE	4	1240611	74102427	-1	capHir1	20
HOMININAE	4	74102427	79370534	1	capHir1	10
HOMININAE	4	79370534	110529795	1	capHir1	7
HOMININAE	4	110529795	112531226	-1	capHir1	10
HOMININAE	4	112531226	115240094	1	capHir1	10
HOMININAE	4	115240094	132121768	-1	capHir1	7
HOMININAE	4	132121768	169855478	1	capHir1	7
HOMININAE	4	169855478	176340493	1	capHir1	20
HOMININAE	4	176340493	178394591	1	capHir1	7
HOMININAE	4	178394591	180337321	-1	capHir1	7
HOMININAE	4	0	21438764	-1	equCab2	21
HOMININAE	4	21438764	68875638	-1	equCab2	21
HOMININAE	4	69182341	69813509	1	equCab2	21
HOMININAE	4	70270212	98510168	-1	equCab2	14
HOMININAE	4	98510168	98827385	1	equCab2	14
HOMININAE	4	98827385	180337321	-1	equCab2	14
HOMININAE	4	0	80208250	-1	gorGor3	17
HOMININAE	4	80208250	180337321	1	gorGor3	5
HOMININAE	4	0	180337321	1	hg19	5
HOMININAE	4	0	18538808	1	panTro3	5
HOMININAE	4	18538808	68875638	-1	panTro3	5
HOMININAE	4	68875638	69182341	1	panTro3	5
HOMININAE	4	69182341	69813509	-1	panTro3	5
HOMININAE	4	69813509	70270212	1	panTro3	5
HOMININAE	4	70270212	95537675	-1	panTro3	5
HOMININAE	4	95537675	98510168	1	panTro3	5
HOMININAE	4	98510168	98827385	-1	panTro3	5
HOMININAE	4	98827385	180337321	1	panTro3	5
HOMININAE	4	0	21295338	1	ponAbe2	5
HOMININAE	4	21295338	68875638	1	ponAbe2	5
HOMININAE	4	69182341	69813509	-1	ponAbe2	5
HOMININAE	4	70270212	98510168	1	ponAbe2	5
HOMININAE	4	98510168	98827385	-1	ponAbe2	5
HOMININAE	4	98827385	180337321	1	ponAbe2	5
HOMININAE	4	0	699475	1	rheMac3	6
HOMININAE	4	699475	1252065	-1	rheMac3	14
HOMININAE	4	1252065	21600153	1	rheMac3	6
HOMININAE	4	21600153	68875638	1	rheMac3	6
HOMININAE	4	69182341	69813509	-1	rheMac3	6
HOMININAE	4	70270212	98510168	1	rheMac3	6
HOMININAE	4	98510168	98827385	-1	rheMac3	6
HOMININAE	4	98827385	180337321	1	rheMac3	6
HOMININAE	4	0	21861780	-1	bosTau7	20
HOMININAE	4	21861780	68875638	-1	bosTau7	20
HOMININAE	4	69182341	69813509	1	bosTau7	20
HOMININAE	4	70270212	74244164	-1	bosTau7	20
HOMININAE	4	74244164	79383613	1	bosTau7	10
HOMININAE	4	79383613	98510168	1	bosTau7	7
HOMININAE	4	98510168	98827385	-1	bosTau7	7
HOMININAE	4	98827385	101236655	1	bosTau7	7
HOMININAE	4	101236655	103619141	-1	bosTau7	7
HOMININAE	4	103619141	108938969	1	bosTau7	7
HOMININAE	4	108938969	110961247	-1	bosTau7	10
HOMININAE	4	110961247	113851976	1	bosTau7	10
HOMININAE	4	113851976	132207052	-1	bosTau7	7
HOMININAE	4	132207052	171109437	1	bosTau7	7
HOMININAE	4	171109437	174222608	-1	bosTau7	20
HOMININAE	4	174222608	178269098	1	bosTau7	20
HOMININAE	4	178269098	180337321	-1	bosTau7	7
HOMININAE	4	0	15119112	-1	canFam2	34
HOMININAE	4	15119112	21450021	-1	canFam2	4
HOMININAE	4	21450021	52375129	-1	canFam2	4
HOMININAE	4	52375129	68875638	1	canFam2	2
HOMININAE	4	69182341	69813509	1	canFam2	4
HOMININAE	4	70270212	73685168	1	canFam2	2
HOMININAE	4	73685168	98510168	-1	canFam2	3
HOMININAE	4	98510168	98827385	1	canFam2	3
HOMININAE	4	98827385	111142068	-1	canFam2	3
HOMININAE	4	111142068	137263472	1	canFam2	11
HOMININAE	4	137263472	146893994	1	canFam2	2
HOMININAE	4	146893994	177437425	-1	canFam2	4
HOMININAE	4	177437425	180337321	-1	canFam2	11
HOMININAE	4	0	799478	1	capHir1	20
HOMININAE	4	799478	1240611	-1	capHir1	20
HOMININAE	4	1240611	74102427	-1	capHir1	20
HOMININAE	4	74102427	79370534	1	capHir1	10
HOMININAE	4	79370534	110529795	1	capHir1	7
HOMININAE	4	110529795	112531226	-1	capHir1	10
HOMININAE	4	112531226	115240094	1	capHir1	10
HOMININAE	4	115240094	132121768	-1	capHir1	7
HOMININAE	4	132121768	169855478	1	capHir1	7
HOMININAE	4	169855478	176340493	1	capHir1	20
HOMININAE	4	176340493	178394591	1	capHir1	7
HOMININAE	4	178394591	180337321	-1	capHir1	7
HOMININAE	4	0	21438764	-1	equCab2	21
HOMININAE	4	21438764	68875638	-1	equCab2	21
HOMININAE	4	69182341	69813509	1	equCab2	21
HOMININAE	4	70270212	98510168	-1	equCab2	14
HOMININAE	4	98510168	98827385	1	equCab2	14
HOMININAE	4	98827385	180337321	-1	equCab2	14
HOMININAE	4	0	80208250	-1	gorGor3	17
HOMININAE	4	80208250	180337321	1	gorGor3	5
HOMININAE	4	0	180337321	1	hg19	5
HOMININAE	4	0	18538808	1	panTro3	5
HOMININAE	4	18538808	68875638	-1	panTro3	5
HOMININAE	4	68875638	69182341	1	panTro3	5
HOMININAE	4	69182341	69813509	-1	panTro3	5
HOMININAE	4	69813509	70270212	1	panTro3	5
HOMININAE	4	70270212	95537675	-1	panTro3	5
HOMININAE	4	95537675	98510168	1	panTro3	5
HOMININAE	4	98510168	98827385	-1	panTro3	5
HOMININAE	4	98827385	180337321	1	panTro3	5
HOMININAE	4	0	21295338	1	ponAbe2	5
HOMININAE	4	21295338	68875638	1	ponAbe2	5
HOMININAE	4	69182341	69813509	-1	ponAbe2	5
HOMININAE	4	70270212	98510168	1	ponAbe2	5
HOMININAE	4	98510168	98827385	-1	ponAbe2	5
HOMININAE	4	98827385	180337321	1	ponAbe2	5
HOMININAE	4	0	699475	1	rheMac3	6
HOMININAE	4	699475	1252065	-1	rheMac3	14
HOMININAE	4	1252065	21600153	1	rheMac3	6
HOMININAE	4	21600153	68875638	1	rheMac3	6
HOMININAE	4	69182341	69813509	-1	rheMac3	6
HOMININAE	4	70270212	98510168	1	rheMac3	6
HOMININAE	4	98510168	98827385	-1	rheMac3	6
HOMININAE	4	98827385	180337321	1	rheMac3	6
HOMININAE	4	0	21861780	-1	bosTau7	20
HOMININAE	4	21861780	68875638	-1	bosTau7	20
HOMININAE	4	69182341	69813509	1	bosTau7	20
HOMININAE	4	70270212	74244164	-1	bosTau7	20
HOMININAE	4	74244164	79383613	1	bosTau7	10
HOMININAE	4	79383613	98510168	1	bosTau7	7
HOMININAE	4	98510168	98827385	-1	bosTau7	7
HOMININAE	4	98827385	101236655	1	bosTau7	7
HOMININAE	4	101236655	103619141	-1	bosTau7	7
HOMININAE	4	103619141	108938969	1	bosTau7	7
HOMININAE	4	108938969	110961247	-1	bosTau7	10
HOMININAE	4	110961247	113851976	1	bosTau7	10
HOMININAE	4	113851976	132207052	-1	bosTau7	7
HOMININAE	4	132207052	171109437	1	bosTau7	7
HOMININAE	4	171109437	174222608	-1	bosTau7	20
HOMININAE	4	174222608	178269098	1	bosTau7	20
HOMININAE	4	178269098	180337321	-1	bosTau7	7
HOMININAE	4	0	15119112	-1	canFam2	34
HOMININAE	4	15119112	21450021	-1	canFam2	4
HOMININAE	4	21450021	52375129	-1	canFam2	4
HOMININAE	4	52375129	68875638	1	canFam2	2
HOMININAE	4	69182341	69813509	1	canFam2	4
HOMININAE	4	70270212	73685168	1	canFam2	2
HOMININAE	4	73685168	98510168	-1	canFam2	3
HOMININAE	4	98510168	98827385	1	canFam2	3
HOMININAE	4	98827385	111142068	-1	canFam2	3
HOMININAE	4	111142068	137263472	1	canFam2	11
HOMININAE	4	137263472	146893994	1	canFam2	2
HOMININAE	4	146893994	177437425	-1	canFam2	4
HOMININAE	4	177437425	180337321	-1	canFam2	11
HOMININAE	4	0	799478	1	capHir1	20
HOMININAE	4	799478	1240611	-1	capHir1	20
HOMININAE	4	1240611	74102427	-1	capHir1	20
HOMININAE	4	74102427	79370534	1	capHir1	10
HOMININAE	4	79370534	110529795	1	capHir1	7
HOMININAE	4	110529795	112531226	-1	capHir1	10
HOMININAE	4	112531226	115240094	1	capHir1	10
HOMININAE	4	115240094	132121768	-1	capHir1	7
HOMININAE	4	132121768	169855478	1	capHir1	7
HOMININAE	4	169855478	176340493	1	capHir1	20
HOMININAE	4	176340493	178394591	1	capHir1	7
HOMININAE	4	178394591	180337321	-1	capHir1	7
HOMININAE	4	0	21438764	-1	equCab2	21
HOMININAE	4	21438764	68875638	-1	equCab2	21
HOMININAE	4	69182341	69813509	1	equCab2	21
HOMININAE	4	70270212	98510168	-1	equCab2	14
HOMININAE	4	98510168	98827385	1	equCab2	14
HOMININAE	4	98827385	180337321	-1	equCab2	14
HOMININAE	4	0	80208250	-1	gorGor3	17
HOMININAE	4	80208250	180337321	1	gorGor3	5
HOMININAE	4	0	180337321	1	hg19	5
HOMININAE	4	0	18538808	1	panTro3	5
HOMININAE	4	18538808	68875638	-1	panTro3	5
HOMININAE	4	68875638	69182341	1	panTro3	5
HOMININAE	4	69182341	69813509	-1	panTro3	5
HOMININAE	4	69813509	70270212	1	panTro3	5
HOMININAE	4	70270212	95537675	-1	panTro3	5
HOMININAE	4	95537675	98510168	1	panTro3	5
HOMININAE	4	98510168	98827385	-1	panTro3	5
HOMININAE	4	98827385	180337321	1	panTro3	5
HOMININAE	4	0	21295338	1	ponAbe2	5
HOMININAE	4	21295338	68875638	1	ponAbe2	5
HOMININAE	4	69182341	69813509	-1	ponAbe2	5
HOMININAE	4	70270212	98510168	1	ponAbe2	5
HOMININAE	4	98510168	98827385	-1	ponAbe2	5
HOMININAE	4	98827385	180337321	1	ponAbe2	5
HOMININAE	4	0	699475	1	rheMac3	6
HOMININAE	4	699475	1252065	-1	rheMac3	14
HOMININAE	4	1252065	21600153	1	rheMac3	6
HOMININAE	4	21600153	68875638	1	rheMac3	6
HOMININAE	4	69182341	69813509	-1	rheMac3	6
HOMININAE	4	70270212	98510168	1	rheMac3	6
HOMININAE	4	98510168	98827385	-1	rheMac3	6
HOMININAE	4	98827385	180337321	1	rheMac3	6
HOMININAE	4	0	21861780	-1	bosTau7	20
HOMININAE	4	21861780	68875638	-1	bosTau7	20
HOMININAE	4	69182341	69813509	1	bosTau7	20
HOMININAE	4	70270212	74244164	-1	bosTau7	20
HOMININAE	4	74244164	79383613	1	bosTau7	10
HOMININAE	4	79383613	98510168	1	bosTau7	7
HOMININAE	4	98510168	98827385	-1	bosTau7	7
HOMININAE	4	98827385	101236655	1	bosTau7	7
HOMININAE	4	101236655	103619141	-1	bosTau7	7
HOMININAE	4	103619141	108938969	1	bosTau7	7
HOMININAE	4	108938969	110961247	-1	bosTau7	10
HOMININAE	4	110961247	113851976	1	bosTau7	10
HOMININAE	4	113851976	132207052	-1	bosTau7	7
HOMININAE	4	132207052	171109437	1	bosTau7	7
HOMININAE	4	171109437	174222608	-1	bosTau7	20
HOMININAE	4	174222608	178269098	1	bosTau7	20
HOMININAE	4	178269098	180337321	-1	bosTau7	7
HOMININAE	4	0	15119112	-1	canFam2	34
HOMININAE	4	15119112	21450021	-1	canFam2	4
HOMININAE	4	21450021	52375129	-1	canFam2	4
HOMININAE	4	52375129	68875638	1	canFam2	2
HOMININAE	4	69182341	69813509	1	canFam2	4
HOMININAE	4	70270212	73685168	1	canFam2	2
HOMININAE	4	73685168	98510168	-1	canFam2	3
HOMININAE	4	98510168	98827385	1	canFam2	3
HOMININAE	4	98827385	111142068	-1	canFam2	3
HOMININAE	4	111142068	137263472	1	canFam2	11
HOMININAE	4	137263472	146893994	1	canFam2	2
HOMININAE	4	146893994	177437425	-1	canFam2	4
HOMININAE	4	177437425	180337321	-1	canFam2	11
HOMININAE	4	0	799478	1	capHir1	20
HOMININAE	4	799478	1240611	-1	capHir1	20
HOMININAE	4	1240611	74102427	-1	capHir1	20
HOMININAE	4	74102427	79370534	1	capHir1	10
HOMININAE	4	79370534	110529795	1	capHir1	7
HOMININAE	4	110529795	112531226	-1	capHir1	10
HOMININAE	4	112531226	115240094	1	capHir1	10
HOMININAE	4	115240094	132121768	-1	capHir1	7
HOMININAE	4	132121768	169855478	1	capHir1	7
HOMININAE	4	169855478	176340493	1	capHir1	20
HOMININAE	4	176340493	178394591	1	capHir1	7
HOMININAE	4	178394591	180337321	-1	capHir1	7
HOMININAE	4	0	21438764	-1	equCab2	21
HOMININAE	4	21438764	68875638	-1	equCab2	21
HOMININAE	4	69182341	69813509	1	equCab2	21
HOMININAE	4	70270212	98510168	-1	equCab2	14
HOMININAE	4	98510168	98827385	1	equCab2	14
HOMININAE	4	98827385	180337321	-1	equCab2	14
HOMININAE	4	0	80208250	-1	gorGor3	17
HOMININAE	4	80208250	180337321	1	gorGor3	5
HOMININAE	4	0	180337321	1	hg19	5
HOMININAE	4	0	18538808	1	panTro3	5
HOMININAE	4	18538808	68875638	-1	panTro3	5
HOMININAE	4	68875638	69182341	1	panTro3	5
HOMININAE	4	69182341	69813509	-1	panTro3	5
HOMININAE	4	69813509	70270212	1	panTro3	5
HOMININAE	4	70270212	95537675	-1	panTro3	5
HOMININAE	4	95537675	98510168	1	panTro3	5
HOMININAE	4	98510168	98827385	-1	panTro3	5
HOMININAE	4	98827385	180337321	1	panTro3	5
HOMININAE	4	0	21295338	1	ponAbe2	5
HOMININAE	4	21295338	68875638	1	ponAbe2	5
HOMININAE	4	69182341	69813509	-1	ponAbe2	5
HOMININAE	4	70270212	98510168	1	ponAbe2	5
HOMININAE	4	98510168	98827385	-1	ponAbe2	5
HOMININAE	4	98827385	180337321	1	ponAbe2	5
HOMININAE	4	0	699475	1	rheMac3	6
HOMININAE	4	699475	1252065	-1	rheMac3	14
HOMININAE	4	1252065	21600153	1	rheMac3	6
HOMININAE	4	21600153	68875638	1	rheMac3	6
HOMININAE	4	69182341	69813509	-1	rheMac3	6
HOMININAE	4	70270212	98510168	1	rheMac3	6
HOMININAE	4	98510168	98827385	-1	rheMac3	6
HOMININAE	4	98827385	180337321	1	rheMac3	6
HOMININAE	4	0	21861780	-1	bosTau7	20
HOMININAE	4	21861780	68875638	-1	bosTau7	20
HOMININAE	4	69182341	69813509	1	bosTau7	20
HOMININAE	4	70270212	74244164	-1	bosTau7	20
HOMININAE	4	74244164	79383613	1	bosTau7	10
HOMININAE	4	79383613	98510168	1	bosTau7	7
HOMININAE	4	98510168	98827385	-1	bosTau7	7
HOMININAE	4	98827385	101236655	1	bosTau7	7
HOMININAE	4	101236655	103619141	-1	bosTau7	7
HOMININAE	4	103619141	108938969	1	bosTau7	7
HOMININAE	4	108938969	110961247	-1	bosTau7	10
HOMININAE	4	110961247	113851976	1	bosTau7	10
HOMININAE	4	113851976	132207052	-1	bosTau7	7
HOMININAE	4	132207052	171109437	1	bosTau7	7
HOMININAE	4	171109437	174222608	-1	bosTau7	20
HOMININAE	4	174222608	178269098	1	bosTau7	20
HOMININAE	4	178269098	180337321	-1	bosTau7	7
HOMININAE	4	0	15119112	-1	canFam2	34
HOMININAE	4	15119112	21450021	-1	canFam2	4
HOMININAE	4	21450021	52375129	-1	canFam2	4
HOMININAE	4	52375129	68875638	1	canFam2	2
HOMININAE	4	69182341	69813509	1	canFam2	4
HOMININAE	4	70270212	73685168	1	canFam2	2
HOMININAE	4	73685168	98510168	-1	canFam2	3
HOMININAE	4	98510168	98827385	1	canFam2	3
HOMININAE	4	98827385	111142068	-1	canFam2	3
HOMININAE	4	111142068	137263472	1	canFam2	11
HOMININAE	4	137263472	146893994	1	canFam2	2
HOMININAE	4	146893994	177437425	-1	canFam2	4
HOMININAE	4	177437425	180337321	-1	canFam2	11
HOMININAE	4	0	799478	1	capHir1	20
HOMININAE	4	799478	1240611	-1	capHir1	20
HOMININAE	4	1240611	74102427	-1	capHir1	20
HOMININAE	4	74102427	79370534	1	capHir1	10
HOMININAE	4	79370534	110529795	1	capHir1	7
HOMININAE	4	110529795	112531226	-1	capHir1	10
HOMININAE	4	112531226	115240094	1	capHir1	10
HOMININAE	4	115240094	132121768	-1	capHir1	7
HOMININAE	4	132121768	169855478	1	capHir1	7
HOMININAE	4	169855478	176340493	1	capHir1	20
HOMININAE	4	176340493	178394591	1	capHir1	7
HOMININAE	4	178394591	180337321	-1	capHir1	7
HOMININAE	4	0	21438764	-1	equCab2	21
HOMININAE	4	21438764	68875638	-1	equCab2	21
HOMININAE	4	69182341	69813509	1	equCab2	21
HOMININAE	4	70270212	98510168	-1	equCab2	14
HOMININAE	4	98510168	98827385	1	equCab2	14
HOMININAE	4	98827385	180337321	-1	equCab2	14
HOMININAE	4	0	80208250	-1	gorGor3	17
HOMININAE	4	80208250	180337321	1	gorGor3	5
HOMININAE	4	0	180337321	1	hg19	5
HOMININAE	4	0	18538808	1	panTro3	5
HOMININAE	4	18538808	68875638	-1	panTro3	5
HOMININAE	4	68875638	69182341	1	panTro3	5
HOMININAE	4	69182341	69813509	-1	panTro3	5
HOMININAE	4	69813509	70270212	1	panTro3	5
HOMININAE	4	70270212	95537675	-1	panTro3	5
HOMININAE	4	95537675	98510168	1	panTro3	5
HOMININAE	4	98510168	98827385	-1	panTro3	5
HOMININAE	4	98827385	180337321	1	panTro3	5
HOMININAE	4	0	21295338	1	ponAbe2	5
HOMININAE	4	21295338	68875638	1	ponAbe2	5
HOMININAE	4	69182341	69813509	-1	ponAbe2	5
HOMININAE	4	70270212	98510168	1	ponAbe2	5
HOMININAE	4	98510168	98827385	-1	ponAbe2	5
HOMININAE	4	98827385	180337321	1	ponAbe2	5
HOMININAE	4	0	699475	1	rheMac3	6
HOMININAE	4	699475	1252065	-1	rheMac3	14
HOMININAE	4	1252065	21600153	1	rheMac3	6
HOMININAE	4	21600153	68875638	1	rheMac3	6
HOMININAE	4	69182341	69813509	-1	rheMac3	6
HOMININAE	4	70270212	98510168	1	rheMac3	6
HOMININAE	4	98510168	98827385	-1	rheMac3	6
HOMININAE	4	98827385	180337321	1	rheMac3	6
HOMININAE	4	0	21861780	-1	bosTau7	20
HOMININAE	4	21861780	68875638	-1	bosTau7	20
HOMININAE	4	69182341	69813509	1	bosTau7	20
HOMININAE	4	70270212	74244164	-1	bosTau7	20
HOMININAE	4	74244164	79383613	1	bosTau7	10
HOMININAE	4	79383613	98510168	1	bosTau7	7
HOMININAE	4	98510168	98827385	-1	bosTau7	7
HOMININAE	4	98827385	101236655	1	bosTau7	7
HOMININAE	4	101236655	103619141	-1	bosTau7	7
HOMININAE	4	103619141	108938969	1	bosTau7	7
HOMININAE	4	108938969	110961247	-1	bosTau7	10
HOMININAE	4	110961247	113851976	1	bosTau7	10
HOMININAE	4	113851976	132207052	-1	bosTau7	7
HOMININAE	4	132207052	171109437	1	bosTau7	7
HOMININAE	4	171109437	174222608	-1	bosTau7	20
HOMININAE	4	174222608	178269098	1	bosTau7	20
HOMININAE	4	178269098	180337321	-1	bosTau7	7
HOMININAE	4	0	15119112	-1	canFam2	34
HOMININAE	4	15119112	21450021	-1	canFam2	4
HOMININAE	4	21450021	52375129	-1	canFam2	4
HOMININAE	4	52375129	68875638	1	canFam2	2
HOMININAE	4	69182341	69813509	1	canFam2	4
HOMININAE	4	70270212	73685168	1	canFam2	2
HOMININAE	4	73685168	98510168	-1	canFam2	3
HOMININAE	4	98510168	98827385	1	canFam2	3
HOMININAE	4	98827385	111142068	-1	canFam2	3
HOMININAE	4	111142068	137263472	1	canFam2	11
HOMININAE	4	137263472	146893994	1	canFam2	2
HOMININAE	4	146893994	177437425	-1	canFam2	4
HOMININAE	4	177437425	180337321	-1	canFam2	11
HOMININAE	4	0	799478	1	capHir1	20
HOMININAE	4	799478	1240611	-1	capHir1	20
HOMININAE	4	1240611	74102427	-1	capHir1	20
HOMININAE	4	74102427	79370534	1	capHir1	10
HOMININAE	4	79370534	110529795	1	capHir1	7
HOMININAE	4	110529795	112531226	-1	capHir1	10
HOMININAE	4	112531226	115240094	1	capHir1	10
HOMININAE	4	115240094	132121768	-1	capHir1	7
HOMININAE	4	132121768	169855478	1	capHir1	7
HOMININAE	4	169855478	176340493	1	capHir1	20
HOMININAE	4	176340493	178394591	1	capHir1	7
HOMININAE	4	178394591	180337321	-1	capHir1	7
HOMININAE	4	0	21438764	-1	equCab2	21
HOMININAE	4	21438764	68875638	-1	equCab2	21
HOMININAE	4	69182341	69813509	1	equCab2	21
HOMININAE	4	70270212	98510168	-1	equCab2	14
HOMININAE	4	98510168	98827385	1	equCab2	14
HOMININAE	4	98827385	180337321	-1	equCab2	14
HOMININAE	4	0	80208250	-1	gorGor3	17
HOMININAE	4	80208250	180337321	1	gorGor3	5
HOMININAE	4	0	180337321	1	hg19	5
HOMININAE	4	0	18538808	1	panTro3	5
HOMININAE	4	18538808	68875638	-1	panTro3	5
HOMININAE	4	68875638	69182341	1	panTro3	5
HOMININAE	4	69182341	69813509	-1	panTro3	5
HOMININAE	4	69813509	70270212	1	panTro3	5
HOMININAE	4	70270212	95537675	-1	panTro3	5
HOMININAE	4	95537675	98510168	1	panTro3	5
HOMININAE	4	98510168	98827385	-1	panTro3	5
HOMININAE	4	98827385	180337321	1	panTro3	5
HOMININAE	4	0	21295338	1	ponAbe2	5
HOMININAE	4	21295338	68875638	1	ponAbe2	5
HOMININAE	4	69182341	69813509	-1	ponAbe2	5
HOMININAE	4	70270212	98510168	1	ponAbe2	5
HOMININAE	4	98510168	98827385	-1	ponAbe2	5
HOMININAE	4	98827385	180337321	1	ponAbe2	5
HOMININAE	4	0	699475	1	rheMac3	6
HOMININAE	4	699475	1252065	-1	rheMac3	14
HOMININAE	4	1252065	21600153	1	rheMac3	6
HOMININAE	4	21600153	68875638	1	rheMac3	6
HOMININAE	4	69182341	69813509	-1	rheMac3	6
HOMININAE	4	70270212	98510168	1	rheMac3	6
HOMININAE	4	98510168	98827385	-1	rheMac3	6
HOMININAE	4	98827385	180337321	1	rheMac3	6
HOMININAE	4	0	21861780	-1	bosTau7	20
HOMININAE	4	21861780	68875638	-1	bosTau7	20
HOMININAE	4	69182341	69813509	1	bosTau7	20
HOMININAE	4	70270212	74244164	-1	bosTau7	20
HOMININAE	4	74244164	79383613	1	bosTau7	10
HOMININAE	4	79383613	98510168	1	bosTau7	7
HOMININAE	4	98510168	98827385	-1	bosTau7	7
HOMININAE	4	98827385	101236655	1	bosTau7	7
HOMININAE	4	101236655	103619141	-1	bosTau7	7
HOMININAE	4	103619141	108938969	1	bosTau7	7
HOMININAE	4	108938969	110961247	-1	bosTau7	10
HOMININAE	4	110961247	113851976	1	bosTau7	10
HOMININAE	4	113851976	132207052	-1	bosTau7	7
HOMININAE	4	132207052	171109437	1	bosTau7	7
HOMININAE	4	171109437	174222608	-1	bosTau7	20
HOMININAE	4	174222608	178269098	1	bosTau7	20
HOMININAE	4	178269098	180337321	-1	bosTau7	7
HOMININAE	4	0	15119112	-1	canFam2	34
HOMININAE	4	15119112	21450021	-1	canFam2	4
HOMININAE	4	21450021	52375129	-1	canFam2	4
HOMININAE	4	52375129	68875638	1	canFam2	2
HOMININAE	4	69182341	69813509	1	canFam2	4
HOMININAE	4	70270212	73685168	1	canFam2	2
HOMININAE	4	73685168	98510168	-1	canFam2	3
HOMININAE	4	98510168	98827385	1	canFam2	3
HOMININAE	4	98827385	111142068	-1	canFam2	3
HOMININAE	4	111142068	137263472	1	canFam2	11
HOMININAE	4	137263472	146893994	1	canFam2	2
HOMININAE	4	146893994	177437425	-1	canFam2	4
HOMININAE	4	177437425	180337321	-1	canFam2	11
HOMININAE	4	0	799478	1	capHir1	20
HOMININAE	4	799478	1240611	-1	capHir1	20
HOMININAE	4	1240611	74102427	-1	capHir1	20
HOMININAE	4	74102427	79370534	1	capHir1	10
HOMININAE	4	79370534	110529795	1	capHir1	7
HOMININAE	4	110529795	112531226	-1	capHir1	10
HOMININAE	4	112531226	115240094	1	capHir1	10
HOMININAE	4	115240094	132121768	-1	capHir1	7
HOMININAE	4	132121768	169855478	1	capHir1	7
HOMININAE	4	169855478	176340493	1	capHir1	20
HOMININAE	4	176340493	178394591	1	capHir1	7
HOMININAE	4	178394591	180337321	-1	capHir1	7
HOMININAE	4	0	21438764	-1	equCab2	21
HOMININAE	4	21438764	68875638	-1	equCab2	21
HOMININAE	4	69182341	69813509	1	equCab2	21
HOMININAE	4	70270212	98510168	-1	equCab2	14
HOMININAE	4	98510168	98827385	1	equCab2	14
HOMININAE	4	98827385	180337321	-1	equCab2	14
HOMININAE	4	0	80208250	-1	gorGor3	17
HOMININAE	4	80208250	180337321	1	gorGor3	5
HOMININAE	4	0	180337321	1	hg19	5
HOMININAE	4	0	18538808	1	panTro3	5
HOMININAE	4	18538808	68875638	-1	panTro3	5
HOMININAE	4	68875638	69182341	1	panTro3	5
HOMININAE	4	69182341	69813509	-1	panTro3	5
HOMININAE	4	69813509	70270212	1	panTro3	5
HOMININAE	4	70270212	95537675	-1	panTro3	5
HOMININAE	4	95537675	98510168	1	panTro3	5
HOMININAE	4	98510168	98827385	-1	panTro3	5
HOMININAE	4	98827385	180337321	1	panTro3	5
HOMININAE	4	0	21295338	1	ponAbe2	5
HOMININAE	4	21295338	68875638	1	ponAbe2	5
HOMININAE	4	69182341	69813509	-1	ponAbe2	5
HOMININAE	4	70270212	98510168	1	ponAbe2	5
HOMININAE	4	98510168	98827385	-1	ponAbe2	5
HOMININAE	4	98827385	180337321	1	ponAbe2	5
HOMININAE	4	0	699475	1	rheMac3	6
HOMININAE	4	699475	1252065	-1	rheMac3	14
HOMININAE	4	1252065	21600153	1	rheMac3	6
HOMININAE	4	21600153	68875638	1	rheMac3	6
HOMININAE	4	69182341	69813509	-1	rheMac3	6
HOMININAE	4	70270212	98510168	1	rheMac3	6
HOMININAE	4	98510168	98827385	-1	rheMac3	6
HOMININAE	4	98827385	180337321	1	rheMac3	6
HOMININAE	4	0	21861780	-1	bosTau7	20
HOMININAE	4	21861780	68875638	-1	bosTau7	20
HOMININAE	4	69182341	69813509	1	bosTau7	20
HOMININAE	4	70270212	74244164	-1	bosTau7	20
HOMININAE	4	74244164	79383613	1	bosTau7	10
HOMININAE	4	79383613	98510168	1	bosTau7	7
HOMININAE	4	98510168	98827385	-1	bosTau7	7
HOMININAE	4	98827385	101236655	1	bosTau7	7
HOMININAE	4	101236655	103619141	-1	bosTau7	7
HOMININAE	4	103619141	108938969	1	bosTau7	7
HOMININAE	4	108938969	110961247	-1	bosTau7	10
HOMININAE	4	110961247	113851976	1	bosTau7	10
HOMININAE	4	113851976	132207052	-1	bosTau7	7
HOMININAE	4	132207052	171109437	1	bosTau7	7
HOMININAE	4	171109437	174222608	-1	bosTau7	20
HOMININAE	4	174222608	178269098	1	bosTau7	20
HOMININAE	4	178269098	180337321	-1	bosTau7	7
HOMININAE	4	0	15119112	-1	canFam2	34
HOMININAE	4	15119112	21450021	-1	canFam2	4
HOMININAE	4	21450021	52375129	-1	canFam2	4
HOMININAE	4	52375129	68875638	1	canFam2	2
HOMININAE	4	69182341	69813509	1	canFam2	4
HOMININAE	4	70270212	73685168	1	canFam2	2
HOMININAE	4	73685168	98510168	-1	canFam2	3
HOMININAE	4	98510168	98827385	1	canFam2	3
HOMININAE	4	98827385	111142068	-1	canFam2	3
HOMININAE	4	111142068	137263472	1	canFam2	11
HOMININAE	4	137263472	146893994	1	canFam2	2
HOMININAE	4	146893994	177437425	-1	canFam2	4
HOMININAE	4	177437425	180337321	-1	canFam2	11
HOMININAE	4	0	799478	1	capHir1	20
HOMININAE	4	799478	1240611	-1	capHir1	20
HOMININAE	4	1240611	74102427	-1	capHir1	20
HOMININAE	4	74102427	79370534	1	capHir1	10
HOMININAE	4	79370534	110529795	1	capHir1	7
HOMININAE	4	110529795	112531226	-1	capHir1	10
HOMININAE	4	112531226	115240094	1	capHir1	10
HOMININAE	4	115240094	132121768	-1	capHir1	7
HOMININAE	4	132121768	169855478	1	capHir1	7
HOMININAE	4	169855478	176340493	1	capHir1	20
HOMININAE	4	176340493	178394591	1	capHir1	7
HOMININAE	4	178394591	180337321	-1	capHir1	7
HOMININAE	4	0	21438764	-1	equCab2	21
HOMININAE	4	21438764	68875638	-1	equCab2	21
HOMININAE	4	69182341	69813509	1	equCab2	21
HOMININAE	4	70270212	98510168	-1	equCab2	14
HOMININAE	4	98510168	98827385	1	equCab2	14
HOMININAE	4	98827385	180337321	-1	equCab2	14
HOMININAE	4	0	80208250	-1	gorGor3	17
HOMININAE	4	80208250	180337321	1	gorGor3	5
HOMININAE	4	0	180337321	1	hg19	5
HOMININAE	4	0	18538808	1	panTro3	5
HOMININAE	4	18538808	68875638	-1	panTro3	5
HOMININAE	4	68875638	69182341	1	panTro3	5
HOMININAE	4	69182341	69813509	-1	panTro3	5
HOMININAE	4	69813509	70270212	1	panTro3	5
HOMININAE	4	70270212	95537675	-1	panTro3	5
HOMININAE	4	95537675	98510168	1	panTro3	5
HOMININAE	4	98510168	98827385	-1	panTro3	5
HOMININAE	4	98827385	180337321	1	panTro3	5
HOMININAE	4	0	21295338	1	ponAbe2	5
HOMININAE	4	21295338	68875638	1	ponAbe2	5
HOMININAE	4	69182341	69813509	-1	ponAbe2	5
HOMININAE	4	70270212	98510168	1	ponAbe2	5
HOMININAE	4	98510168	98827385	-1	ponAbe2	5
HOMININAE	4	98827385	180337321	1	ponAbe2	5
HOMININAE	4	0	699475	1	rheMac3	6
HOMININAE	4	699475	1252065	-1	rheMac3	14
HOMININAE	4	1252065	21600153	1	rheMac3	6
HOMININAE	4	21600153	68875638	1	rheMac3	6
HOMININAE	4	69182341	69813509	-1	rheMac3	6
HOMININAE	4	70270212	98510168	1	rheMac3	6
HOMININAE	4	98510168	98827385	-1	rheMac3	6
HOMININAE	4	98827385	180337321	1	rheMac3	6
HOMININAE	4	0	21861780	-1	bosTau7	20
HOMININAE	4	21861780	68875638	-1	bosTau7	20
HOMININAE	4	69182341	69813509	1	bosTau7	20
HOMININAE	4	70270212	74244164	-1	bosTau7	20
HOMININAE	4	74244164	79383613	1	bosTau7	10
HOMININAE	4	79383613	98510168	1	bosTau7	7
HOMININAE	4	98510168	98827385	-1	bosTau7	7
HOMININAE	4	98827385	101236655	1	bosTau7	7
HOMININAE	4	101236655	103619141	-1	bosTau7	7
HOMININAE	4	103619141	108938969	1	bosTau7	7
HOMININAE	4	108938969	110961247	-1	bosTau7	10
HOMININAE	4	110961247	113851976	1	bosTau7	10
HOMININAE	4	113851976	132207052	-1	bosTau7	7
HOMININAE	4	132207052	171109437	1	bosTau7	7
HOMININAE	4	171109437	174222608	-1	bosTau7	20
HOMININAE	4	174222608	178269098	1	bosTau7	20
HOMININAE	4	178269098	180337321	-1	bosTau7	7
HOMININAE	4	0	15119112	-1	canFam2	34
HOMININAE	4	15119112	21450021	-1	canFam2	4
HOMININAE	4	21450021	52375129	-1	canFam2	4
HOMININAE	4	52375129	68875638	1	canFam2	2
HOMININAE	4	69182341	69813509	1	canFam2	4
HOMININAE	4	70270212	73685168	1	canFam2	2
HOMININAE	4	73685168	98510168	-1	canFam2	3
HOMININAE	4	98510168	98827385	1	canFam2	3
HOMININAE	4	98827385	111142068	-1	canFam2	3
HOMININAE	4	111142068	137263472	1	canFam2	11
HOMININAE	4	137263472	146893994	1	canFam2	2
HOMININAE	4	146893994	177437425	-1	canFam2	4
HOMININAE	4	177437425	180337321	-1	canFam2	11
HOMININAE	4	0	799478	1	capHir1	20
HOMININAE	4	799478	1240611	-1	capHir1	20
HOMININAE	4	1240611	74102427	-1	capHir1	20
HOMININAE	4	74102427	79370534	1	capHir1	10
HOMININAE	4	79370534	110529795	1	capHir1	7
HOMININAE	4	110529795	112531226	-1	capHir1	10
HOMININAE	4	112531226	115240094	1	capHir1	10
HOMININAE	4	115240094	132121768	-1	capHir1	7
HOMININAE	4	132121768	169855478	1	capHir1	7
HOMININAE	4	169855478	176340493	1	capHir1	20
HOMININAE	4	176340493	178394591	1	capHir1	7
HOMININAE	4	178394591	180337321	-1	capHir1	7
HOMININAE	4	0	21438764	-1	equCab2	21
HOMININAE	4	21438764	68875638	-1	equCab2	21
HOMININAE	4	69182341	69813509	1	equCab2	21
HOMININAE	4	70270212	98510168	-1	equCab2	14
HOMININAE	4	98510168	98827385	1	equCab2	14
HOMININAE	4	98827385	180337321	-1	equCab2	14
HOMININAE	4	0	80208250	-1	gorGor3	17
HOMININAE	4	80208250	180337321	1	gorGor3	5
HOMININAE	4	0	180337321	1	hg19	5
HOMININAE	4	0	18538808	1	panTro3	5
HOMININAE	4	18538808	68875638	-1	panTro3	5
HOMININAE	4	68875638	69182341	1	panTro3	5
HOMININAE	4	69182341	69813509	-1	panTro3	5
HOMININAE	4	69813509	70270212	1	panTro3	5
HOMININAE	4	70270212	95537675	-1	panTro3	5
HOMININAE	4	95537675	98510168	1	panTro3	5
HOMININAE	4	98510168	98827385	-1	panTro3	5
HOMININAE	4	98827385	180337321	1	panTro3	5
HOMININAE	4	0	21295338	1	ponAbe2	5
HOMININAE	4	21295338	68875638	1	ponAbe2	5
HOMININAE	4	69182341	69813509	-1	ponAbe2	5
HOMININAE	4	70270212	98510168	1	ponAbe2	5
HOMININAE	4	98510168	98827385	-1	ponAbe2	5
HOMININAE	4	98827385	180337321	1	ponAbe2	5
HOMININAE	4	0	699475	1	rheMac3	6
HOMININAE	4	699475	1252065	-1	rheMac3	14
HOMININAE	4	1252065	21600153	1	rheMac3	6
HOMININAE	4	21600153	68875638	1	rheMac3	6
HOMININAE	4	69182341	69813509	-1	rheMac3	6
HOMININAE	4	70270212	98510168	1	rheMac3	6
HOMININAE	4	98510168	98827385	-1	rheMac3	6
HOMININAE	4	98827385	180337321	1	rheMac3	6
