HOMININAE	15	0	59238562	-1	bosTau7	12
HOMININAE	15	59238562	71552795	1	bosTau7	12
HOMININAE	15	71552795	78904292	-1	bosTau7	12
HOMININAE	15	78904292	96078122	1	bosTau7	12
HOMININAE	15	0	2587883	-1	calJac3	1
HOMININAE	15	2587883	32345905	-1	calJac3	1
HOMININAE	15	32345905	75119695	1	calJac3	1
HOMININAE	15	75119695	96078122	-1	calJac3	5
HOMININAE	15	0	68465487	-1	canFam2	22
HOMININAE	15	68465487	74749244	1	canFam2	22
HOMININAE	15	74749244	96078122	1	canFam2	25
HOMININAE	15	0	61029701	-1	capHir1	12
HOMININAE	15	61029701	72086995	1	capHir1	12
HOMININAE	15	72086995	78945368	-1	capHir1	12
HOMININAE	15	78945368	96078122	1	capHir1	12
HOMININAE	15	0	67556817	-1	equCab2	17
HOMININAE	15	67556817	74295895	1	equCab2	17
HOMININAE	15	74295895	96078122	-1	equCab2	17
HOMININAE	15	0	5014629	-1	galGal3	1
HOMININAE	15	5014629	70901998	1	galGal3	1
HOMININAE	15	70901998	76577854	-1	galGal3	1
HOMININAE	15	76577854	96078122	1	galGal3	1
HOMININAE	15	0	96078122	-1	gorGor3	13
HOMININAE	15	0	96078122	-1	hg19	13
HOMININAE	15	0	12848198	-1	mm10	8
HOMININAE	15	12848198	76581104	-1	mm10	14
HOMININAE	15	76581104	80077817	1	mm10	14
HOMININAE	15	80077817	85249014	1	mm10	3
HOMININAE	15	85249014	92631016	-1	mm10	5
HOMININAE	15	92631016	96078122	-1	mm10	14
HOMININAE	15	0	38680283	1	monDom5	7
HOMININAE	15	38680283	56491368	-1	monDom5	7
HOMININAE	15	56491368	70411689	1	monDom5	7
HOMININAE	15	70411689	76700854	1	monDom5	4
HOMININAE	15	76700854	96078122	-1	monDom5	4
HOMININAE	15	0	86591105	-1	oryCun2	8
HOMININAE	15	86591105	96078122	1	oryCun2	8
HOMININAE	15	0	96078122	-1	panTro3	13
HOMININAE	15	0	96078122	-1	ponAbe2	13
HOMININAE	15	0	96078122	-1	rheMac3	17
HOMININAE	15	0	12445448	1	rn4	16
HOMININAE	15	12445448	77232993	-1	rn4	15
HOMININAE	15	77232993	80829667	1	rn4	15
HOMININAE	15	80829667	86035583	1	rn4	2
HOMININAE	15	86035583	92754138	1	rn4	12
HOMININAE	15	92754138	96078122	-1	rn4	15
HOMININAE	15	0	72143249	-1	susScr2	11
HOMININAE	15	72143249	76919146	1	susScr2	11
HOMININAE	15	76919146	96078122	-1	susScr2	11
