HOMININAE	2	0	76124904	1	bosTau7	1
HOMININAE	2	76124904	124555546	-1	bosTau7	1
HOMININAE	2	124555546	156301789	1	bosTau7	22
HOMININAE	2	156301789	173460875	-1	bosTau7	22
HOMININAE	2	173460875	180648325	-1	bosTau7	27
HOMININAE	2	180648325	186662319	-1	bosTau7	1
HOMININAE	2	186662319	197898355	1	bosTau7	22
HOMININAE	2	0	18547714	-1	calJac3	15
HOMININAE	2	18547714	67971800	1	calJac3	17
HOMININAE	2	67971800	100040513	1	calJac3	15
HOMININAE	2	100040513	118914969	1	calJac3	21
HOMININAE	2	118914969	154540676	-1	calJac3	15
HOMININAE	2	154540676	183772113	-1	calJac3	17
HOMININAE	2	183772113	197898355	-1	calJac3	15
HOMININAE	2	0	15956611	-1	canFam2	34
HOMININAE	2	15956611	37696188	-1	canFam2	34
HOMININAE	2	37696188	69056834	-1	canFam2	23
HOMININAE	2	69056834	105605048	-1	canFam2	33
HOMININAE	2	105605048	119668872	1	canFam2	31
HOMININAE	2	119668872	153395833	1	canFam2	20
HOMININAE	2	153395833	163704889	-1	canFam2	23
HOMININAE	2	163704889	183230702	1	canFam2	23
HOMININAE	2	183230702	197898355	1	canFam2	20
HOMININAE	2	0	75493591	1	capHir1	1
HOMININAE	2	75493591	126126054	-1	capHir1	1
HOMININAE	2	126126054	157784474	1	capHir1	22
HOMININAE	2	157784474	173300336	-1	capHir1	22
HOMININAE	2	173300336	180651262	1	capHir1	27
HOMININAE	2	180651262	186684733	-1	capHir1	1
HOMININAE	2	186684733	197898355	1	capHir1	22
HOMININAE	2	0	38868250	-1	equCab2	19
HOMININAE	2	38868250	66430468	-1	equCab2	16
HOMININAE	2	66430468	100315968	1	equCab2	19
HOMININAE	2	100315968	116892624	1	equCab2	26
HOMININAE	2	116892624	183334284	1	equCab2	16
HOMININAE	2	183334284	197898355	1	equCab2	16
HOMININAE	2	0	51353452	1	galGal3	9
HOMININAE	2	51353452	94442410	1	galGal3	1
HOMININAE	2	94442410	142186956	-1	galGal3	12
HOMININAE	2	142186956	197898355	-1	galGal3	2
HOMININAE	2	0	197898355	-1	gorGor3	3
HOMININAE	2	0	197898355	-1	hg19	3
HOMININAE	2	0	14597505	-1	mm10	16
HOMININAE	2	14597505	19925470	-1	mm10	3
HOMININAE	2	19925470	30251756	1	mm10	3
HOMININAE	2	30251756	53670015	-1	mm10	3
HOMININAE	2	53670015	73344642	1	mm10	9
HOMININAE	2	73344642	126335307	1	mm10	16
HOMININAE	2	126335307	140115608	-1	mm10	6
HOMININAE	2	140115608	148011494	-1	mm10	14
HOMININAE	2	148011494	154165580	1	mm10	14
HOMININAE	2	154165580	160344225	1	mm10	9
HOMININAE	2	160344225	167387907	-1	mm10	9
HOMININAE	2	167387907	176644011	1	mm10	9
HOMININAE	2	176644011	182243894	1	mm10	14
HOMININAE	2	182243894	197898355	-1	mm10	6
HOMININAE	2	0	5671595	1	monDom5	7
HOMININAE	2	5671595	18878023	-1	monDom5	7
HOMININAE	2	18878023	41473004	1	monDom5	7
HOMININAE	2	41473004	54448423	1	monDom5	7
HOMININAE	2	54448423	94060879	-1	monDom5	4
HOMININAE	2	94060879	107810587	1	monDom5	4
HOMININAE	2	107810587	128937568	-1	monDom5	7
HOMININAE	2	128937568	153382319	-1	monDom5	6
HOMININAE	2	153382319	158118828	1	monDom5	6
HOMININAE	2	158118828	163676165	-1	monDom5	6
HOMININAE	2	163676165	183267401	-1	monDom5	8
HOMININAE	2	183267401	197898355	-1	monDom5	6
HOMININAE	2	0	72110578	-1	oryCun2	14
HOMININAE	2	72110578	130398695	1	oryCun2	14
HOMININAE	2	130398695	164963598	-1	oryCun2	9
HOMININAE	2	164963598	170156687	1	oryCun2	9
HOMININAE	2	170156687	197898355	-1	oryCun2	14
HOMININAE	2	0	197898355	-1	panTro3	3
HOMININAE	2	0	70076640	-1	ponAbe2	3
HOMININAE	2	70076640	107022553	1	ponAbe2	3
HOMININAE	2	107022553	122229977	-1	ponAbe2	3
HOMININAE	2	122229977	184902198	1	ponAbe2	3
HOMININAE	2	184902198	197898355	1	ponAbe2	3
HOMININAE	2	0	6449496	-1	rheMac3	2
HOMININAE	2	6449496	67874639	1	rheMac3	2
HOMININAE	2	67874639	117728212	-1	rheMac3	2
HOMININAE	2	117728212	159168123	1	rheMac3	2
HOMININAE	2	159168123	181587296	-1	rheMac3	2
HOMININAE	2	181587296	197898355	1	rheMac3	2
HOMININAE	2	0	14617523	1	rn4	11
HOMININAE	2	14617523	20125489	-1	rn4	2
HOMININAE	2	20125489	29299624	1	rn4	2
HOMININAE	2	29299624	53782358	-1	rn4	2
HOMININAE	2	53782358	72707153	1	rn4	8
HOMININAE	2	72707153	110277881	-1	rn4	11
HOMININAE	2	110277881	127464799	1	rn4	11
HOMININAE	2	127464799	141844538	-1	rn4	4
HOMININAE	2	141844538	149589323	1	rn4	15
HOMININAE	2	149589323	155669425	1	rn4	16
HOMININAE	2	155669425	168285121	1	rn4	8
HOMININAE	2	168285121	175157759	-1	rn4	15
HOMININAE	2	175157759	181635267	1	rn4	9
HOMININAE	2	181635267	197898355	-1	rn4	4
HOMININAE	2	0	63709453	-1	susScr2	13
HOMININAE	2	63709453	106624647	1	susScr2	13
HOMININAE	2	106624647	181774564	-1	susScr2	13
HOMININAE	2	181774564	197898355	-1	susScr2	13
