HOMININAE	22	0	59035586	1	gorGor3	19
HOMININAE	22	0	59035586	1	hg19	19
HOMININAE	22	0	2856380	-1	monDom5	3
HOMININAE	22	2856380	6067260	1	monDom5	3
HOMININAE	22	6067260	11191942	1	monDom5	3
HOMININAE	22	11191942	13566635	-1	monDom5	3
HOMININAE	22	13566635	15642177	-1	monDom5	3
HOMININAE	22	15642177	17884592	-1	monDom5	3
HOMININAE	22	17884592	21821633	1	monDom5	3
HOMININAE	22	21821633	23638150	1	monDom5	3
HOMININAE	22	23638150	24336670	1	monDom5	3
HOMININAE	22	24336670	28093230	1	monDom5	4
HOMININAE	22	28093230	35917417	-1	monDom5	1
HOMININAE	22	35917417	36748974	1	monDom5	4
HOMININAE	22	36748974	36870366	1	monDom5	4
HOMININAE	22	36870366	37565637	1	monDom5	3
HOMININAE	22	37565637	39056790	1	monDom5	3
HOMININAE	22	39056790	40831905	1	monDom5	4
HOMININAE	22	40831905	42473740	1	monDom5	4
HOMININAE	22	42473740	44127703	1	monDom5	3
HOMININAE	22	44127703	44856918	1	monDom5	4
HOMININAE	22	44856918	46427036	-1	monDom5	4
HOMININAE	22	46427036	47074417	1	monDom5	4
HOMININAE	22	47074417	50474323	1	monDom5	3
HOMININAE	22	50474323	51328580	1	monDom5	3
HOMININAE	22	51328580	55849628	1	monDom5	4
HOMININAE	22	55849628	57340952	1	monDom5	3
HOMININAE	22	57340952	58002218	1	monDom5	4
HOMININAE	22	58002218	59035586	1	monDom5	3
HOMININAE	22	0	36748974	1	panTro3	19
HOMININAE	22	36748974	37225008	-1	panTro3	19
HOMININAE	22	37225008	37565637	1	panTro3	19
HOMININAE	22	37565637	59035586	1	panTro3	19
HOMININAE	22	0	59035586	1	gorGor3	19
HOMININAE	22	0	59035586	1	hg19	19
HOMININAE	22	0	2856380	-1	monDom5	3
HOMININAE	22	2856380	6067260	1	monDom5	3
HOMININAE	22	6067260	11191942	1	monDom5	3
HOMININAE	22	11191942	13566635	-1	monDom5	3
HOMININAE	22	13566635	15642177	-1	monDom5	3
HOMININAE	22	15642177	17884592	-1	monDom5	3
HOMININAE	22	17884592	21821633	1	monDom5	3
HOMININAE	22	21821633	23638150	1	monDom5	3
HOMININAE	22	23638150	24336670	1	monDom5	3
HOMININAE	22	24336670	28093230	1	monDom5	4
HOMININAE	22	28093230	35917417	-1	monDom5	1
HOMININAE	22	35917417	36748974	1	monDom5	4
HOMININAE	22	36748974	36870366	1	monDom5	4
HOMININAE	22	36870366	37565637	1	monDom5	3
HOMININAE	22	37565637	39056790	1	monDom5	3
HOMININAE	22	39056790	40831905	1	monDom5	4
HOMININAE	22	40831905	42473740	1	monDom5	4
HOMININAE	22	42473740	44127703	1	monDom5	3
HOMININAE	22	44127703	44856918	1	monDom5	4
HOMININAE	22	44856918	46427036	-1	monDom5	4
HOMININAE	22	46427036	47074417	1	monDom5	4
HOMININAE	22	47074417	50474323	1	monDom5	3
HOMININAE	22	50474323	51328580	1	monDom5	3
HOMININAE	22	51328580	55849628	1	monDom5	4
HOMININAE	22	55849628	57340952	1	monDom5	3
HOMININAE	22	57340952	58002218	1	monDom5	4
HOMININAE	22	58002218	59035586	1	monDom5	3
HOMININAE	22	0	36748974	1	panTro3	19
HOMININAE	22	36748974	37225008	-1	panTro3	19
HOMININAE	22	37225008	37565637	1	panTro3	19
HOMININAE	22	37565637	59035586	1	panTro3	19
HOMININAE	22	0	59035586	1	gorGor3	19
HOMININAE	22	0	59035586	1	hg19	19
HOMININAE	22	0	2856380	-1	monDom5	3
HOMININAE	22	2856380	6067260	1	monDom5	3
HOMININAE	22	6067260	11191942	1	monDom5	3
HOMININAE	22	11191942	13566635	-1	monDom5	3
HOMININAE	22	13566635	15642177	-1	monDom5	3
HOMININAE	22	15642177	17884592	-1	monDom5	3
HOMININAE	22	17884592	21821633	1	monDom5	3
HOMININAE	22	21821633	23638150	1	monDom5	3
HOMININAE	22	23638150	24336670	1	monDom5	3
HOMININAE	22	24336670	28093230	1	monDom5	4
HOMININAE	22	28093230	35917417	-1	monDom5	1
HOMININAE	22	35917417	36748974	1	monDom5	4
HOMININAE	22	36748974	36870366	1	monDom5	4
HOMININAE	22	36870366	37565637	1	monDom5	3
HOMININAE	22	37565637	39056790	1	monDom5	3
HOMININAE	22	39056790	40831905	1	monDom5	4
HOMININAE	22	40831905	42473740	1	monDom5	4
HOMININAE	22	42473740	44127703	1	monDom5	3
HOMININAE	22	44127703	44856918	1	monDom5	4
HOMININAE	22	44856918	46427036	-1	monDom5	4
HOMININAE	22	46427036	47074417	1	monDom5	4
HOMININAE	22	47074417	50474323	1	monDom5	3
HOMININAE	22	50474323	51328580	1	monDom5	3
HOMININAE	22	51328580	55849628	1	monDom5	4
HOMININAE	22	55849628	57340952	1	monDom5	3
HOMININAE	22	57340952	58002218	1	monDom5	4
HOMININAE	22	58002218	59035586	1	monDom5	3
HOMININAE	22	0	36748974	1	panTro3	19
HOMININAE	22	36748974	37225008	-1	panTro3	19
HOMININAE	22	37225008	37565637	1	panTro3	19
HOMININAE	22	37565637	59035586	1	panTro3	19
HOMININAE	22	0	59035586	1	gorGor3	19
HOMININAE	22	0	59035586	1	hg19	19
HOMININAE	22	0	2856380	-1	monDom5	3
HOMININAE	22	2856380	6067260	1	monDom5	3
HOMININAE	22	6067260	11191942	1	monDom5	3
HOMININAE	22	11191942	13566635	-1	monDom5	3
HOMININAE	22	13566635	15642177	-1	monDom5	3
HOMININAE	22	15642177	17884592	-1	monDom5	3
HOMININAE	22	17884592	21821633	1	monDom5	3
HOMININAE	22	21821633	23638150	1	monDom5	3
HOMININAE	22	23638150	24336670	1	monDom5	3
HOMININAE	22	24336670	28093230	1	monDom5	4
HOMININAE	22	28093230	35917417	-1	monDom5	1
HOMININAE	22	35917417	36748974	1	monDom5	4
HOMININAE	22	36748974	36870366	1	monDom5	4
HOMININAE	22	36870366	37565637	1	monDom5	3
HOMININAE	22	37565637	39056790	1	monDom5	3
HOMININAE	22	39056790	40831905	1	monDom5	4
HOMININAE	22	40831905	42473740	1	monDom5	4
HOMININAE	22	42473740	44127703	1	monDom5	3
HOMININAE	22	44127703	44856918	1	monDom5	4
HOMININAE	22	44856918	46427036	-1	monDom5	4
HOMININAE	22	46427036	47074417	1	monDom5	4
HOMININAE	22	47074417	50474323	1	monDom5	3
HOMININAE	22	50474323	51328580	1	monDom5	3
HOMININAE	22	51328580	55849628	1	monDom5	4
HOMININAE	22	55849628	57340952	1	monDom5	3
HOMININAE	22	57340952	58002218	1	monDom5	4
HOMININAE	22	58002218	59035586	1	monDom5	3
HOMININAE	22	0	36748974	1	panTro3	19
HOMININAE	22	36748974	37225008	-1	panTro3	19
HOMININAE	22	37225008	37565637	1	panTro3	19
HOMININAE	22	37565637	59035586	1	panTro3	19
