HOMININAE	12	0	2039646	1	bosTau7	5
HOMININAE	12	2039646	5527647	-1	bosTau7	5
HOMININAE	12	5527647	6305362	-1	bosTau7	5
HOMININAE	12	6305362	6782126	1	bosTau7	5
HOMININAE	12	6782126	34834424	-1	bosTau7	5
HOMININAE	12	34834424	53047448	-1	bosTau7	5
HOMININAE	12	53047448	71889980	-1	bosTau7	5
HOMININAE	12	71889980	100969288	1	bosTau7	5
HOMININAE	12	100969288	113309148	1	bosTau7	5
HOMININAE	12	113309148	115190415	-1	bosTau7	17
HOMININAE	12	115190415	116850580	1	bosTau7	17
HOMININAE	12	116850580	123129672	-1	bosTau7	17
HOMININAE	12	123129672	133658055	-1	bosTau7	17
HOMININAE	12	0	9639930	1	calJac3	9
HOMININAE	12	9639930	20903564	-1	calJac3	9
HOMININAE	12	20903564	39233774	-1	calJac3	9
HOMININAE	12	39233774	85817431	1	calJac3	9
HOMININAE	12	85817431	93253443	-1	calJac3	9
HOMININAE	12	93253443	133658055	1	calJac3	9
HOMININAE	12	0	3015998	1	canFam2	27
HOMININAE	12	3015998	8300370	-1	canFam2	27
HOMININAE	12	8300370	8806433	1	canFam2	27
HOMININAE	12	8806433	55049102	-1	canFam2	27
HOMININAE	12	55049102	75530629	1	canFam2	10
HOMININAE	12	75530629	106098945	1	canFam2	15
HOMININAE	12	106098945	109904873	-1	canFam2	10
HOMININAE	12	109904873	112124086	-1	canFam2	26
HOMININAE	12	112124086	123483483	1	canFam2	26
HOMININAE	12	123483483	133658055	-1	canFam2	26
HOMININAE	12	0	2786799	1	capHir1	5
HOMININAE	12	2786799	34829678	-1	capHir1	5
HOMININAE	12	34829678	53261262	-1	capHir1	5
HOMININAE	12	53261262	71670849	-1	capHir1	5
HOMININAE	12	71670849	99279227	1	capHir1	5
HOMININAE	12	99279227	111895728	1	capHir1	5
HOMININAE	12	111895728	133658055	-1	capHir1	17
HOMININAE	12	0	2765568	-1	equCab2	6
HOMININAE	12	2765568	70221157	1	equCab2	6
HOMININAE	12	70221157	109551456	1	equCab2	28
HOMININAE	12	109551456	111726601	-1	equCab2	8
HOMININAE	12	111726601	122806342	-1	equCab2	8
HOMININAE	12	122806342	133658055	1	equCab2	8
HOMININAE	12	0	4341161	1	galGal3	1
HOMININAE	12	4341161	6844917	1	galGal3	1
HOMININAE	12	6844917	8389567	1	galGal3	1
HOMININAE	12	8389567	9619533	1	galGal3	1
HOMININAE	12	9619533	11525783	1	galGal3	1
HOMININAE	12	11525783	13727842	1	galGal3	1
HOMININAE	12	13727842	20903564	1	galGal3	1
HOMININAE	12	20903564	28755476	-1	galGal3	1
HOMININAE	12	28755476	34170090	1	galGal3	1
HOMININAE	12	34170090	39769629	-1	galGal3	1
HOMININAE	12	39769629	109120177	1	galGal3	1
HOMININAE	12	109120177	116923180	-1	galGal3	1
HOMININAE	12	116923180	121498414	-1	galGal3	15
HOMININAE	12	121498414	133658055	-1	galGal3	15
HOMININAE	12	0	133658055	1	gorGor3	12
HOMININAE	12	0	133658055	1	hg19	12
HOMININAE	12	0	1852126	-1	mm10	6
HOMININAE	12	1852126	8604395	-1	mm10	6
HOMININAE	12	8604395	32024115	1	mm10	6
HOMININAE	12	32024115	51582888	1	mm10	15
HOMININAE	12	51582888	108852921	-1	mm10	10
HOMININAE	12	108852921	113071430	1	mm10	10
HOMININAE	12	113071430	114912546	1	mm10	5
HOMININAE	12	114912546	124762653	-1	mm10	5
HOMININAE	12	124762653	133658055	1	mm10	5
HOMININAE	12	0	2858589	1	monDom5	8
HOMININAE	12	2858589	5360645	-1	monDom5	8
HOMININAE	12	5360645	8444422	1	monDom5	8
HOMININAE	12	8444422	10492214	-1	monDom5	8
HOMININAE	12	10492214	10948765	-1	monDom5	8
HOMININAE	12	10948765	15246474	-1	monDom5	8
HOMININAE	12	15246474	31068186	-1	monDom5	8
HOMININAE	12	31068186	34641863	1	monDom5	8
HOMININAE	12	34641863	40492853	-1	monDom5	8
HOMININAE	12	40492853	42651477	1	monDom5	8
HOMININAE	12	42651477	44917178	1	monDom5	8
HOMININAE	12	44917178	48135599	-1	monDom5	8
HOMININAE	12	48135599	52592881	1	monDom5	8
HOMININAE	12	52592881	63220249	1	monDom5	8
HOMININAE	12	63220249	65565191	-1	monDom5	8
HOMININAE	12	65565191	68235745	-1	monDom5	8
HOMININAE	12	68235745	90148311	1	monDom5	8
HOMININAE	12	90148311	108526280	1	monDom5	8
HOMININAE	12	108526280	110358154	-1	monDom5	3
HOMININAE	12	110358154	116339413	-1	monDom5	3
HOMININAE	12	116339413	120109865	1	monDom5	3
HOMININAE	12	120109865	123159865	1	monDom5	3
HOMININAE	12	123159865	125265420	-1	monDom5	3
HOMININAE	12	125265420	126511092	1	monDom5	3
HOMININAE	12	126511092	133658055	-1	monDom5	3
HOMININAE	12	0	3034610	-1	oryCun2	8
HOMININAE	12	3034610	8091191	1	oryCun2	8
HOMININAE	12	8091191	8646595	-1	oryCun2	8
HOMININAE	12	8646595	9329122	1	oryCun2	8
HOMININAE	12	9329122	48468144	-1	oryCun2	8
HOMININAE	12	48468144	117682759	1	oryCun2	4
HOMININAE	12	117682759	121288414	-1	oryCun2	4
HOMININAE	12	121288414	128376948	1	oryCun2	21
HOMININAE	12	128376948	133658055	-1	oryCun2	21
HOMININAE	12	0	20903564	1	panTro3	12
HOMININAE	12	20903564	68235745	-1	panTro3	12
HOMININAE	12	68235745	133658055	1	panTro3	12
HOMININAE	12	0	133658055	1	ponAbe2	12
HOMININAE	12	0	133658055	1	rheMac3	11
HOMININAE	12	0	1861648	-1	rn4	4
HOMININAE	12	1861648	8961368	-1	rn4	4
HOMININAE	12	8961368	31778426	1	rn4	4
HOMININAE	12	31778426	52432545	1	rn4	7
HOMININAE	12	52432545	53864055	-1	rn4	7
HOMININAE	12	53864055	115056612	-1	rn4	7
HOMININAE	12	115056612	124908238	1	rn4	12
HOMININAE	12	124908238	133658055	-1	rn4	12
HOMININAE	12	0	2758892	1	susScr2	5
HOMININAE	12	2758892	10905388	-1	susScr2	5
HOMININAE	12	10905388	11584225	1	susScr2	5
HOMININAE	12	11584225	34076259	-1	susScr2	5
HOMININAE	12	34076259	44750655	1	susScr2	5
HOMININAE	12	44750655	79289502	1	susScr2	5
HOMININAE	12	79289502	81350373	1	susScr2	5
HOMININAE	12	81350373	102756583	-1	susScr2	5
HOMININAE	12	102756583	106385548	-1	susScr2	5
HOMININAE	12	106385548	108870858	-1	susScr2	14
HOMININAE	12	108870858	110870615	1	susScr2	14
HOMININAE	12	110870615	120596332	-1	susScr2	14
HOMININAE	12	120596332	133658055	-1	susScr2	14
HOMININAE	12	0	2039646	1	bosTau7	5
HOMININAE	12	2039646	5527647	-1	bosTau7	5
HOMININAE	12	5527647	6305362	-1	bosTau7	5
HOMININAE	12	6305362	6782126	1	bosTau7	5
HOMININAE	12	6782126	34834424	-1	bosTau7	5
HOMININAE	12	34834424	53047448	-1	bosTau7	5
HOMININAE	12	53047448	71889980	-1	bosTau7	5
HOMININAE	12	71889980	100969288	1	bosTau7	5
HOMININAE	12	100969288	113309148	1	bosTau7	5
HOMININAE	12	113309148	115190415	-1	bosTau7	17
HOMININAE	12	115190415	116850580	1	bosTau7	17
HOMININAE	12	116850580	123129672	-1	bosTau7	17
HOMININAE	12	123129672	133658055	-1	bosTau7	17
HOMININAE	12	0	9639930	1	calJac3	9
HOMININAE	12	9639930	20903564	-1	calJac3	9
HOMININAE	12	20903564	39233774	-1	calJac3	9
HOMININAE	12	39233774	85817431	1	calJac3	9
HOMININAE	12	85817431	93253443	-1	calJac3	9
HOMININAE	12	93253443	133658055	1	calJac3	9
HOMININAE	12	0	3015998	1	canFam2	27
HOMININAE	12	3015998	8300370	-1	canFam2	27
HOMININAE	12	8300370	8806433	1	canFam2	27
HOMININAE	12	8806433	55049102	-1	canFam2	27
HOMININAE	12	55049102	75530629	1	canFam2	10
HOMININAE	12	75530629	106098945	1	canFam2	15
HOMININAE	12	106098945	109904873	-1	canFam2	10
HOMININAE	12	109904873	112124086	-1	canFam2	26
HOMININAE	12	112124086	123483483	1	canFam2	26
HOMININAE	12	123483483	133658055	-1	canFam2	26
HOMININAE	12	0	2786799	1	capHir1	5
HOMININAE	12	2786799	34829678	-1	capHir1	5
HOMININAE	12	34829678	53261262	-1	capHir1	5
HOMININAE	12	53261262	71670849	-1	capHir1	5
HOMININAE	12	71670849	99279227	1	capHir1	5
HOMININAE	12	99279227	111895728	1	capHir1	5
HOMININAE	12	111895728	133658055	-1	capHir1	17
HOMININAE	12	0	2765568	-1	equCab2	6
HOMININAE	12	2765568	70221157	1	equCab2	6
HOMININAE	12	70221157	109551456	1	equCab2	28
HOMININAE	12	109551456	111726601	-1	equCab2	8
HOMININAE	12	111726601	122806342	-1	equCab2	8
HOMININAE	12	122806342	133658055	1	equCab2	8
HOMININAE	12	0	4341161	1	galGal3	1
HOMININAE	12	4341161	6844917	1	galGal3	1
HOMININAE	12	6844917	8389567	1	galGal3	1
HOMININAE	12	8389567	9619533	1	galGal3	1
HOMININAE	12	9619533	11525783	1	galGal3	1
HOMININAE	12	11525783	13727842	1	galGal3	1
HOMININAE	12	13727842	20903564	1	galGal3	1
HOMININAE	12	20903564	28755476	-1	galGal3	1
HOMININAE	12	28755476	34170090	1	galGal3	1
HOMININAE	12	34170090	39769629	-1	galGal3	1
HOMININAE	12	39769629	109120177	1	galGal3	1
HOMININAE	12	109120177	116923180	-1	galGal3	1
HOMININAE	12	116923180	121498414	-1	galGal3	15
HOMININAE	12	121498414	133658055	-1	galGal3	15
HOMININAE	12	0	133658055	1	gorGor3	12
HOMININAE	12	0	133658055	1	hg19	12
HOMININAE	12	0	1852126	-1	mm10	6
HOMININAE	12	1852126	8604395	-1	mm10	6
HOMININAE	12	8604395	32024115	1	mm10	6
HOMININAE	12	32024115	51582888	1	mm10	15
HOMININAE	12	51582888	108852921	-1	mm10	10
HOMININAE	12	108852921	113071430	1	mm10	10
HOMININAE	12	113071430	114912546	1	mm10	5
HOMININAE	12	114912546	124762653	-1	mm10	5
HOMININAE	12	124762653	133658055	1	mm10	5
HOMININAE	12	0	2858589	1	monDom5	8
HOMININAE	12	2858589	5360645	-1	monDom5	8
HOMININAE	12	5360645	8444422	1	monDom5	8
HOMININAE	12	8444422	10492214	-1	monDom5	8
HOMININAE	12	10492214	10948765	-1	monDom5	8
HOMININAE	12	10948765	15246474	-1	monDom5	8
HOMININAE	12	15246474	31068186	-1	monDom5	8
HOMININAE	12	31068186	34641863	1	monDom5	8
HOMININAE	12	34641863	40492853	-1	monDom5	8
HOMININAE	12	40492853	42651477	1	monDom5	8
HOMININAE	12	42651477	44917178	1	monDom5	8
HOMININAE	12	44917178	48135599	-1	monDom5	8
HOMININAE	12	48135599	52592881	1	monDom5	8
HOMININAE	12	52592881	63220249	1	monDom5	8
HOMININAE	12	63220249	65565191	-1	monDom5	8
HOMININAE	12	65565191	68235745	-1	monDom5	8
HOMININAE	12	68235745	90148311	1	monDom5	8
HOMININAE	12	90148311	108526280	1	monDom5	8
HOMININAE	12	108526280	110358154	-1	monDom5	3
HOMININAE	12	110358154	116339413	-1	monDom5	3
HOMININAE	12	116339413	120109865	1	monDom5	3
HOMININAE	12	120109865	123159865	1	monDom5	3
HOMININAE	12	123159865	125265420	-1	monDom5	3
HOMININAE	12	125265420	126511092	1	monDom5	3
HOMININAE	12	126511092	133658055	-1	monDom5	3
HOMININAE	12	0	3034610	-1	oryCun2	8
HOMININAE	12	3034610	8091191	1	oryCun2	8
HOMININAE	12	8091191	8646595	-1	oryCun2	8
HOMININAE	12	8646595	9329122	1	oryCun2	8
HOMININAE	12	9329122	48468144	-1	oryCun2	8
HOMININAE	12	48468144	117682759	1	oryCun2	4
HOMININAE	12	117682759	121288414	-1	oryCun2	4
HOMININAE	12	121288414	128376948	1	oryCun2	21
HOMININAE	12	128376948	133658055	-1	oryCun2	21
HOMININAE	12	0	20903564	1	panTro3	12
HOMININAE	12	20903564	68235745	-1	panTro3	12
HOMININAE	12	68235745	133658055	1	panTro3	12
HOMININAE	12	0	133658055	1	ponAbe2	12
HOMININAE	12	0	133658055	1	rheMac3	11
HOMININAE	12	0	1861648	-1	rn4	4
HOMININAE	12	1861648	8961368	-1	rn4	4
HOMININAE	12	8961368	31778426	1	rn4	4
HOMININAE	12	31778426	52432545	1	rn4	7
HOMININAE	12	52432545	53864055	-1	rn4	7
HOMININAE	12	53864055	115056612	-1	rn4	7
HOMININAE	12	115056612	124908238	1	rn4	12
HOMININAE	12	124908238	133658055	-1	rn4	12
HOMININAE	12	0	2758892	1	susScr2	5
HOMININAE	12	2758892	10905388	-1	susScr2	5
HOMININAE	12	10905388	11584225	1	susScr2	5
HOMININAE	12	11584225	34076259	-1	susScr2	5
HOMININAE	12	34076259	44750655	1	susScr2	5
HOMININAE	12	44750655	79289502	1	susScr2	5
HOMININAE	12	79289502	81350373	1	susScr2	5
HOMININAE	12	81350373	102756583	-1	susScr2	5
HOMININAE	12	102756583	106385548	-1	susScr2	5
HOMININAE	12	106385548	108870858	-1	susScr2	14
HOMININAE	12	108870858	110870615	1	susScr2	14
HOMININAE	12	110870615	120596332	-1	susScr2	14
HOMININAE	12	120596332	133658055	-1	susScr2	14
HOMININAE	12	0	2039646	1	bosTau7	5
HOMININAE	12	2039646	5527647	-1	bosTau7	5
HOMININAE	12	5527647	6305362	-1	bosTau7	5
HOMININAE	12	6305362	6782126	1	bosTau7	5
HOMININAE	12	6782126	34834424	-1	bosTau7	5
HOMININAE	12	34834424	53047448	-1	bosTau7	5
HOMININAE	12	53047448	71889980	-1	bosTau7	5
HOMININAE	12	71889980	100969288	1	bosTau7	5
HOMININAE	12	100969288	113309148	1	bosTau7	5
HOMININAE	12	113309148	115190415	-1	bosTau7	17
HOMININAE	12	115190415	116850580	1	bosTau7	17
HOMININAE	12	116850580	123129672	-1	bosTau7	17
HOMININAE	12	123129672	133658055	-1	bosTau7	17
HOMININAE	12	0	9639930	1	calJac3	9
HOMININAE	12	9639930	20903564	-1	calJac3	9
HOMININAE	12	20903564	39233774	-1	calJac3	9
HOMININAE	12	39233774	85817431	1	calJac3	9
HOMININAE	12	85817431	93253443	-1	calJac3	9
HOMININAE	12	93253443	133658055	1	calJac3	9
HOMININAE	12	0	3015998	1	canFam2	27
HOMININAE	12	3015998	8300370	-1	canFam2	27
HOMININAE	12	8300370	8806433	1	canFam2	27
HOMININAE	12	8806433	55049102	-1	canFam2	27
HOMININAE	12	55049102	75530629	1	canFam2	10
HOMININAE	12	75530629	106098945	1	canFam2	15
HOMININAE	12	106098945	109904873	-1	canFam2	10
HOMININAE	12	109904873	112124086	-1	canFam2	26
HOMININAE	12	112124086	123483483	1	canFam2	26
HOMININAE	12	123483483	133658055	-1	canFam2	26
HOMININAE	12	0	2786799	1	capHir1	5
HOMININAE	12	2786799	34829678	-1	capHir1	5
HOMININAE	12	34829678	53261262	-1	capHir1	5
HOMININAE	12	53261262	71670849	-1	capHir1	5
HOMININAE	12	71670849	99279227	1	capHir1	5
HOMININAE	12	99279227	111895728	1	capHir1	5
HOMININAE	12	111895728	133658055	-1	capHir1	17
HOMININAE	12	0	2765568	-1	equCab2	6
HOMININAE	12	2765568	70221157	1	equCab2	6
HOMININAE	12	70221157	109551456	1	equCab2	28
HOMININAE	12	109551456	111726601	-1	equCab2	8
HOMININAE	12	111726601	122806342	-1	equCab2	8
HOMININAE	12	122806342	133658055	1	equCab2	8
HOMININAE	12	0	4341161	1	galGal3	1
HOMININAE	12	4341161	6844917	1	galGal3	1
HOMININAE	12	6844917	8389567	1	galGal3	1
HOMININAE	12	8389567	9619533	1	galGal3	1
HOMININAE	12	9619533	11525783	1	galGal3	1
HOMININAE	12	11525783	13727842	1	galGal3	1
HOMININAE	12	13727842	20903564	1	galGal3	1
HOMININAE	12	20903564	28755476	-1	galGal3	1
HOMININAE	12	28755476	34170090	1	galGal3	1
HOMININAE	12	34170090	39769629	-1	galGal3	1
HOMININAE	12	39769629	109120177	1	galGal3	1
HOMININAE	12	109120177	116923180	-1	galGal3	1
HOMININAE	12	116923180	121498414	-1	galGal3	15
HOMININAE	12	121498414	133658055	-1	galGal3	15
HOMININAE	12	0	133658055	1	gorGor3	12
HOMININAE	12	0	133658055	1	hg19	12
HOMININAE	12	0	1852126	-1	mm10	6
HOMININAE	12	1852126	8604395	-1	mm10	6
HOMININAE	12	8604395	32024115	1	mm10	6
HOMININAE	12	32024115	51582888	1	mm10	15
HOMININAE	12	51582888	108852921	-1	mm10	10
HOMININAE	12	108852921	113071430	1	mm10	10
HOMININAE	12	113071430	114912546	1	mm10	5
HOMININAE	12	114912546	124762653	-1	mm10	5
HOMININAE	12	124762653	133658055	1	mm10	5
HOMININAE	12	0	2858589	1	monDom5	8
HOMININAE	12	2858589	5360645	-1	monDom5	8
HOMININAE	12	5360645	8444422	1	monDom5	8
HOMININAE	12	8444422	10492214	-1	monDom5	8
HOMININAE	12	10492214	10948765	-1	monDom5	8
HOMININAE	12	10948765	15246474	-1	monDom5	8
HOMININAE	12	15246474	31068186	-1	monDom5	8
HOMININAE	12	31068186	34641863	1	monDom5	8
HOMININAE	12	34641863	40492853	-1	monDom5	8
HOMININAE	12	40492853	42651477	1	monDom5	8
HOMININAE	12	42651477	44917178	1	monDom5	8
HOMININAE	12	44917178	48135599	-1	monDom5	8
HOMININAE	12	48135599	52592881	1	monDom5	8
HOMININAE	12	52592881	63220249	1	monDom5	8
HOMININAE	12	63220249	65565191	-1	monDom5	8
HOMININAE	12	65565191	68235745	-1	monDom5	8
HOMININAE	12	68235745	90148311	1	monDom5	8
HOMININAE	12	90148311	108526280	1	monDom5	8
HOMININAE	12	108526280	110358154	-1	monDom5	3
HOMININAE	12	110358154	116339413	-1	monDom5	3
HOMININAE	12	116339413	120109865	1	monDom5	3
HOMININAE	12	120109865	123159865	1	monDom5	3
HOMININAE	12	123159865	125265420	-1	monDom5	3
HOMININAE	12	125265420	126511092	1	monDom5	3
HOMININAE	12	126511092	133658055	-1	monDom5	3
HOMININAE	12	0	3034610	-1	oryCun2	8
HOMININAE	12	3034610	8091191	1	oryCun2	8
HOMININAE	12	8091191	8646595	-1	oryCun2	8
HOMININAE	12	8646595	9329122	1	oryCun2	8
HOMININAE	12	9329122	48468144	-1	oryCun2	8
HOMININAE	12	48468144	117682759	1	oryCun2	4
HOMININAE	12	117682759	121288414	-1	oryCun2	4
HOMININAE	12	121288414	128376948	1	oryCun2	21
HOMININAE	12	128376948	133658055	-1	oryCun2	21
HOMININAE	12	0	20903564	1	panTro3	12
HOMININAE	12	20903564	68235745	-1	panTro3	12
HOMININAE	12	68235745	133658055	1	panTro3	12
HOMININAE	12	0	133658055	1	ponAbe2	12
HOMININAE	12	0	133658055	1	rheMac3	11
HOMININAE	12	0	1861648	-1	rn4	4
HOMININAE	12	1861648	8961368	-1	rn4	4
HOMININAE	12	8961368	31778426	1	rn4	4
HOMININAE	12	31778426	52432545	1	rn4	7
HOMININAE	12	52432545	53864055	-1	rn4	7
HOMININAE	12	53864055	115056612	-1	rn4	7
HOMININAE	12	115056612	124908238	1	rn4	12
HOMININAE	12	124908238	133658055	-1	rn4	12
HOMININAE	12	0	2758892	1	susScr2	5
HOMININAE	12	2758892	10905388	-1	susScr2	5
HOMININAE	12	10905388	11584225	1	susScr2	5
HOMININAE	12	11584225	34076259	-1	susScr2	5
HOMININAE	12	34076259	44750655	1	susScr2	5
HOMININAE	12	44750655	79289502	1	susScr2	5
HOMININAE	12	79289502	81350373	1	susScr2	5
HOMININAE	12	81350373	102756583	-1	susScr2	5
HOMININAE	12	102756583	106385548	-1	susScr2	5
HOMININAE	12	106385548	108870858	-1	susScr2	14
HOMININAE	12	108870858	110870615	1	susScr2	14
HOMININAE	12	110870615	120596332	-1	susScr2	14
HOMININAE	12	120596332	133658055	-1	susScr2	14
