HOMININAE	18	0	1223962	-1	bosTau7	19
HOMININAE	18	1223962	4338314	1	bosTau7	19
HOMININAE	18	4338314	6585808	-1	bosTau7	19
HOMININAE	18	6585808	15658516	1	bosTau7	19
HOMININAE	18	15658516	18601181	-1	bosTau7	19
HOMININAE	18	18601181	23274811	1	bosTau7	19
HOMININAE	18	23274811	31710076	-1	bosTau7	19
HOMININAE	18	31710076	34005102	1	bosTau7	19
HOMININAE	18	34005102	44583474	1	bosTau7	19
HOMININAE	18	44583474	49459586	-1	bosTau7	19
HOMININAE	18	49459586	60391370	1	bosTau7	19
HOMININAE	18	60391370	62608892	-1	bosTau7	19
HOMININAE	18	62608892	65146029	1	bosTau7	19
HOMININAE	18	65146029	66646278	1	bosTau7	19
HOMININAE	18	66646278	67407503	-1	bosTau7	19
HOMININAE	18	67407503	81062279	-1	bosTau7	19
HOMININAE	18	0	612054	1	calJac3	5
HOMININAE	18	612054	2654721	-1	calJac3	5
HOMININAE	18	2654721	4201602	1	calJac3	5
HOMININAE	18	4201602	6581683	1	calJac3	5
HOMININAE	18	6581683	18398413	-1	calJac3	5
HOMININAE	18	18398413	19721021	1	calJac3	5
HOMININAE	18	19721021	32175074	-1	calJac3	5
HOMININAE	18	32175074	34215444	1	calJac3	5
HOMININAE	18	34215444	40305478	1	calJac3	5
HOMININAE	18	40305478	43287852	1	calJac3	5
HOMININAE	18	43287852	44620314	1	calJac3	5
HOMININAE	18	44620314	56600717	-1	calJac3	5
HOMININAE	18	56600717	57719002	1	calJac3	5
HOMININAE	18	57719002	59941553	-1	calJac3	5
HOMININAE	18	59941553	62489498	1	calJac3	5
HOMININAE	18	62489498	64704754	-1	calJac3	5
HOMININAE	18	64704754	65445932	1	calJac3	5
HOMININAE	18	65445932	81062279	1	calJac3	5
HOMININAE	18	0	1271569	-1	canFam2	9
HOMININAE	18	1271569	4323837	1	canFam2	9
HOMININAE	18	4323837	4950191	1	canFam2	5
HOMININAE	18	4950191	6588469	-1	canFam2	5
HOMININAE	18	6588469	15658516	1	canFam2	5
HOMININAE	18	15658516	20181828	-1	canFam2	5
HOMININAE	18	20181828	25119481	1	canFam2	9
HOMININAE	18	25119481	32505204	-1	canFam2	9
HOMININAE	18	32505204	34586014	1	canFam2	9
HOMININAE	18	34586014	44620657	-1	canFam2	9
HOMININAE	18	44620657	59045479	1	canFam2	9
HOMININAE	18	59045479	61578121	-1	canFam2	9
HOMININAE	18	61578121	64350469	1	canFam2	9
HOMININAE	18	64350469	67674960	-1	canFam2	9
HOMININAE	18	67674960	71378161	1	canFam2	9
HOMININAE	18	71378161	81062279	-1	canFam2	9
HOMININAE	18	0	1266044	-1	capHir1	19
HOMININAE	18	1266044	4933992	1	capHir1	19
HOMININAE	18	4933992	6465227	-1	capHir1	19
HOMININAE	18	6465227	15658516	1	capHir1	19
HOMININAE	18	15658516	17206871	-1	capHir1	19
HOMININAE	18	17206871	22176634	1	capHir1	19
HOMININAE	18	22176634	30530989	-1	capHir1	19
HOMININAE	18	30530989	32888689	1	capHir1	19
HOMININAE	18	32888689	44321676	1	capHir1	19
HOMININAE	18	44321676	49435652	-1	capHir1	19
HOMININAE	18	49435652	60783857	1	capHir1	19
HOMININAE	18	60783857	63015680	-1	capHir1	19
HOMININAE	18	63015680	65814712	1	capHir1	19
HOMININAE	18	65814712	67517212	1	capHir1	19
HOMININAE	18	67517212	81062279	-1	capHir1	19
HOMININAE	18	0	1075027	-1	equCab2	11
HOMININAE	18	1075027	4638407	1	equCab2	11
HOMININAE	18	4638407	6585387	-1	equCab2	11
HOMININAE	18	6585387	15658516	1	equCab2	11
HOMININAE	18	15658516	20537655	-1	equCab2	11
HOMININAE	18	20537655	24730571	1	equCab2	11
HOMININAE	18	24730571	32443564	-1	equCab2	11
HOMININAE	18	32443564	34602439	1	equCab2	11
HOMININAE	18	34602439	44654747	-1	equCab2	11
HOMININAE	18	44654747	58055585	1	equCab2	11
HOMININAE	18	58055585	60289809	-1	equCab2	11
HOMININAE	18	60289809	62913999	-1	equCab2	11
HOMININAE	18	62913999	65961421	1	equCab2	11
HOMININAE	18	65961421	81062279	-1	equCab2	11
HOMININAE	18	0	910484	-1	galGal3	19
HOMININAE	18	910484	3051297	1	galGal3	19
HOMININAE	18	3051297	4373683	1	galGal3	19
HOMININAE	18	4373683	7030092	-1	galGal3	19
HOMININAE	18	7030092	7930994	1	galGal3	19
HOMININAE	18	7930994	9582109	1	galGal3	18
HOMININAE	18	9582109	13010534	1	galGal3	18
HOMININAE	18	13010534	15658516	-1	galGal3	18
HOMININAE	18	15658516	24516424	1	galGal3	19
HOMININAE	18	24516424	37802269	1	galGal3	27
HOMININAE	18	37802269	47620503	-1	galGal3	27
HOMININAE	18	47620503	56115811	1	galGal3	18
HOMININAE	18	56115811	60856943	-1	galGal3	19
HOMININAE	18	60856943	66572105	-1	galGal3	18
HOMININAE	18	66572105	75818511	1	galGal3	18
HOMININAE	18	75818511	81062279	-1	galGal3	18
HOMININAE	18	0	15658516	1	gorGor3	17
HOMININAE	18	15658516	81062279	-1	gorGor3	5
HOMININAE	18	0	81062279	1	hg19	17
HOMININAE	18	0	1018323	1	mm10	11
HOMININAE	18	1018323	4678281	-1	mm10	11
HOMININAE	18	4678281	6694512	1	mm10	11
HOMININAE	18	6694512	15658516	-1	mm10	11
HOMININAE	18	15658516	17872100	1	mm10	11
HOMININAE	18	17872100	22753024	-1	mm10	11
HOMININAE	18	22753024	30961844	1	mm10	11
HOMININAE	18	30961844	33082954	-1	mm10	11
HOMININAE	18	33082954	44470315	1	mm10	11
HOMININAE	18	44470315	58588605	-1	mm10	11
HOMININAE	18	58588605	60511162	1	mm10	11
HOMININAE	18	60511162	62991547	1	mm10	11
HOMININAE	18	62991547	66068034	-1	mm10	11
HOMININAE	18	66068034	81062279	1	mm10	11
HOMININAE	18	0	1864156	-1	monDom5	2
HOMININAE	18	1864156	4351933	1	monDom5	2
HOMININAE	18	4351933	5043169	-1	monDom5	1
HOMININAE	18	5043169	5691897	1	monDom5	2
HOMININAE	18	5691897	6043510	-1	monDom5	7
HOMININAE	18	6043510	8695312	-1	monDom5	2
HOMININAE	18	8695312	9537955	1	monDom5	2
HOMININAE	18	9537955	12176028	1	monDom5	2
HOMININAE	18	12176028	15658516	1	monDom5	2
HOMININAE	18	15658516	16791072	1	monDom5	6
HOMININAE	18	16791072	17793747	-1	monDom5	6
HOMININAE	18	17793747	18639415	1	monDom5	6
HOMININAE	18	18639415	19335015	-1	monDom5	2
HOMININAE	18	19335015	20650924	-1	monDom5	6
HOMININAE	18	20650924	23637256	1	monDom5	2
HOMININAE	18	23637256	24715796	1	monDom5	2
HOMININAE	18	24715796	31189647	-1	monDom5	2
HOMININAE	18	31189647	32787090	1	monDom5	2
HOMININAE	18	32787090	40450751	-1	monDom5	2
HOMININAE	18	40450751	42780539	1	monDom5	2
HOMININAE	18	42780539	43703743	1	monDom5	2
HOMININAE	18	43703743	44571873	-1	monDom5	2
HOMININAE	18	44571873	48372271	1	monDom5	2
HOMININAE	18	48372271	56699282	-1	monDom5	2
HOMININAE	18	56699282	58425363	1	monDom5	2
HOMININAE	18	58425363	60462797	1	monDom5	2
HOMININAE	18	60462797	63184039	1	monDom5	2
HOMININAE	18	63184039	72195859	-1	monDom5	2
HOMININAE	18	72195859	80079915	-1	monDom5	2
HOMININAE	18	80079915	81062279	-1	monDom5	2
HOMININAE	18	0	1210592	1	oryCun2	19
HOMININAE	18	1210592	4842689	-1	oryCun2	19
HOMININAE	18	4842689	6634062	1	oryCun2	19
HOMININAE	18	6634062	15658516	-1	oryCun2	19
HOMININAE	18	15658516	21778736	-1	oryCun2	19
HOMININAE	18	21778736	31001337	1	oryCun2	19
HOMININAE	18	31001337	33758631	-1	oryCun2	19
HOMININAE	18	33758631	44212423	1	oryCun2	19
HOMININAE	18	44212423	62395852	-1	oryCun2	19
HOMININAE	18	62395852	65448111	1	oryCun2	19
HOMININAE	18	65448111	69105059	1	oryCun2	19
HOMININAE	18	69105059	73247687	-1	oryCun2	19
HOMININAE	18	73247687	81062279	1	oryCun2	19
HOMININAE	18	0	7930994	1	panTro3	17
HOMININAE	18	7930994	47620503	-1	panTro3	17
HOMININAE	18	47620503	81062279	1	panTro3	17
HOMININAE	18	0	37391461	1	ponAbe2	17
HOMININAE	18	37391461	57529216	-1	ponAbe2	17
HOMININAE	18	57529216	81062279	1	ponAbe2	17
HOMININAE	18	0	34558499	1	rheMac3	16
HOMININAE	18	34558499	36379764	1	rheMac3	16
HOMININAE	18	36379764	37686801	-1	rheMac3	16
HOMININAE	18	37686801	45105860	1	rheMac3	16
HOMININAE	18	45105860	58097371	1	rheMac3	16
HOMININAE	18	58097371	60001350	-1	rheMac3	16
HOMININAE	18	60001350	81062279	1	rheMac3	16
HOMININAE	18	0	479576	1	rn4	10
HOMININAE	18	479576	954695	-1	rn4	10
HOMININAE	18	954695	4796516	-1	rn4	10
HOMININAE	18	4796516	6712867	1	rn4	10
HOMININAE	18	6712867	11913516	-1	rn4	10
HOMININAE	18	11913516	12312623	1	rn4	10
HOMININAE	18	12312623	15658516	-1	rn4	10
HOMININAE	18	15658516	17753488	1	rn4	10
HOMININAE	18	17753488	19873968	-1	rn4	10
HOMININAE	18	19873968	21247292	1	rn4	10
HOMININAE	18	21247292	28177800	1	rn4	10
HOMININAE	18	28177800	30615151	-1	rn4	10
HOMININAE	18	30615151	44093976	1	rn4	10
HOMININAE	18	44093976	59290190	-1	rn4	10
HOMININAE	18	59290190	61148131	1	rn4	10
HOMININAE	18	61148131	63665829	1	rn4	10
HOMININAE	18	63665829	66638513	-1	rn4	10
HOMININAE	18	66638513	81062279	1	rn4	10
HOMININAE	18	0	503682	-1	susScr2	12
HOMININAE	18	503682	4426187	1	susScr2	12
HOMININAE	18	4426187	6347246	-1	susScr2	12
HOMININAE	18	6347246	15658516	1	susScr2	12
HOMININAE	18	15658516	22025183	1	susScr2	12
HOMININAE	18	22025183	31971508	-1	susScr2	12
HOMININAE	18	31971508	43920326	-1	susScr2	12
HOMININAE	18	43920326	47620503	1	susScr2	12
HOMININAE	18	47620503	48937861	-1	susScr2	12
HOMININAE	18	48937861	60529573	1	susScr2	12
HOMININAE	18	60529573	62555688	-1	susScr2	12
HOMININAE	18	62555688	65122893	-1	susScr2	12
HOMININAE	18	65122893	67825815	1	susScr2	12
HOMININAE	18	67825815	81062279	-1	susScr2	12
HOMININAE	18	0	1223962	-1	bosTau7	19
HOMININAE	18	1223962	4338314	1	bosTau7	19
HOMININAE	18	4338314	6585808	-1	bosTau7	19
HOMININAE	18	6585808	15658516	1	bosTau7	19
HOMININAE	18	15658516	18601181	-1	bosTau7	19
HOMININAE	18	18601181	23274811	1	bosTau7	19
HOMININAE	18	23274811	31710076	-1	bosTau7	19
HOMININAE	18	31710076	34005102	1	bosTau7	19
HOMININAE	18	34005102	44583474	1	bosTau7	19
HOMININAE	18	44583474	49459586	-1	bosTau7	19
HOMININAE	18	49459586	60391370	1	bosTau7	19
HOMININAE	18	60391370	62608892	-1	bosTau7	19
HOMININAE	18	62608892	65146029	1	bosTau7	19
HOMININAE	18	65146029	66646278	1	bosTau7	19
HOMININAE	18	66646278	67407503	-1	bosTau7	19
HOMININAE	18	67407503	81062279	-1	bosTau7	19
HOMININAE	18	0	612054	1	calJac3	5
HOMININAE	18	612054	2654721	-1	calJac3	5
HOMININAE	18	2654721	4201602	1	calJac3	5
HOMININAE	18	4201602	6581683	1	calJac3	5
HOMININAE	18	6581683	18398413	-1	calJac3	5
HOMININAE	18	18398413	19721021	1	calJac3	5
HOMININAE	18	19721021	32175074	-1	calJac3	5
HOMININAE	18	32175074	34215444	1	calJac3	5
HOMININAE	18	34215444	40305478	1	calJac3	5
HOMININAE	18	40305478	43287852	1	calJac3	5
HOMININAE	18	43287852	44620314	1	calJac3	5
HOMININAE	18	44620314	56600717	-1	calJac3	5
HOMININAE	18	56600717	57719002	1	calJac3	5
HOMININAE	18	57719002	59941553	-1	calJac3	5
HOMININAE	18	59941553	62489498	1	calJac3	5
HOMININAE	18	62489498	64704754	-1	calJac3	5
HOMININAE	18	64704754	65445932	1	calJac3	5
HOMININAE	18	65445932	81062279	1	calJac3	5
HOMININAE	18	0	1271569	-1	canFam2	9
HOMININAE	18	1271569	4323837	1	canFam2	9
HOMININAE	18	4323837	4950191	1	canFam2	5
HOMININAE	18	4950191	6588469	-1	canFam2	5
HOMININAE	18	6588469	15658516	1	canFam2	5
HOMININAE	18	15658516	20181828	-1	canFam2	5
HOMININAE	18	20181828	25119481	1	canFam2	9
HOMININAE	18	25119481	32505204	-1	canFam2	9
HOMININAE	18	32505204	34586014	1	canFam2	9
HOMININAE	18	34586014	44620657	-1	canFam2	9
HOMININAE	18	44620657	59045479	1	canFam2	9
HOMININAE	18	59045479	61578121	-1	canFam2	9
HOMININAE	18	61578121	64350469	1	canFam2	9
HOMININAE	18	64350469	67674960	-1	canFam2	9
HOMININAE	18	67674960	71378161	1	canFam2	9
HOMININAE	18	71378161	81062279	-1	canFam2	9
HOMININAE	18	0	1266044	-1	capHir1	19
HOMININAE	18	1266044	4933992	1	capHir1	19
HOMININAE	18	4933992	6465227	-1	capHir1	19
HOMININAE	18	6465227	15658516	1	capHir1	19
HOMININAE	18	15658516	17206871	-1	capHir1	19
HOMININAE	18	17206871	22176634	1	capHir1	19
HOMININAE	18	22176634	30530989	-1	capHir1	19
HOMININAE	18	30530989	32888689	1	capHir1	19
HOMININAE	18	32888689	44321676	1	capHir1	19
HOMININAE	18	44321676	49435652	-1	capHir1	19
HOMININAE	18	49435652	60783857	1	capHir1	19
HOMININAE	18	60783857	63015680	-1	capHir1	19
HOMININAE	18	63015680	65814712	1	capHir1	19
HOMININAE	18	65814712	67517212	1	capHir1	19
HOMININAE	18	67517212	81062279	-1	capHir1	19
HOMININAE	18	0	1075027	-1	equCab2	11
HOMININAE	18	1075027	4638407	1	equCab2	11
HOMININAE	18	4638407	6585387	-1	equCab2	11
HOMININAE	18	6585387	15658516	1	equCab2	11
HOMININAE	18	15658516	20537655	-1	equCab2	11
HOMININAE	18	20537655	24730571	1	equCab2	11
HOMININAE	18	24730571	32443564	-1	equCab2	11
HOMININAE	18	32443564	34602439	1	equCab2	11
HOMININAE	18	34602439	44654747	-1	equCab2	11
HOMININAE	18	44654747	58055585	1	equCab2	11
HOMININAE	18	58055585	60289809	-1	equCab2	11
HOMININAE	18	60289809	62913999	-1	equCab2	11
HOMININAE	18	62913999	65961421	1	equCab2	11
HOMININAE	18	65961421	81062279	-1	equCab2	11
HOMININAE	18	0	910484	-1	galGal3	19
HOMININAE	18	910484	3051297	1	galGal3	19
HOMININAE	18	3051297	4373683	1	galGal3	19
HOMININAE	18	4373683	7030092	-1	galGal3	19
HOMININAE	18	7030092	7930994	1	galGal3	19
HOMININAE	18	7930994	9582109	1	galGal3	18
HOMININAE	18	9582109	13010534	1	galGal3	18
HOMININAE	18	13010534	15658516	-1	galGal3	18
HOMININAE	18	15658516	24516424	1	galGal3	19
HOMININAE	18	24516424	37802269	1	galGal3	27
HOMININAE	18	37802269	47620503	-1	galGal3	27
HOMININAE	18	47620503	56115811	1	galGal3	18
HOMININAE	18	56115811	60856943	-1	galGal3	19
HOMININAE	18	60856943	66572105	-1	galGal3	18
HOMININAE	18	66572105	75818511	1	galGal3	18
HOMININAE	18	75818511	81062279	-1	galGal3	18
HOMININAE	18	0	15658516	1	gorGor3	17
HOMININAE	18	15658516	81062279	-1	gorGor3	5
HOMININAE	18	0	81062279	1	hg19	17
HOMININAE	18	0	1018323	1	mm10	11
HOMININAE	18	1018323	4678281	-1	mm10	11
HOMININAE	18	4678281	6694512	1	mm10	11
HOMININAE	18	6694512	15658516	-1	mm10	11
HOMININAE	18	15658516	17872100	1	mm10	11
HOMININAE	18	17872100	22753024	-1	mm10	11
HOMININAE	18	22753024	30961844	1	mm10	11
HOMININAE	18	30961844	33082954	-1	mm10	11
HOMININAE	18	33082954	44470315	1	mm10	11
HOMININAE	18	44470315	58588605	-1	mm10	11
HOMININAE	18	58588605	60511162	1	mm10	11
HOMININAE	18	60511162	62991547	1	mm10	11
HOMININAE	18	62991547	66068034	-1	mm10	11
HOMININAE	18	66068034	81062279	1	mm10	11
HOMININAE	18	0	1864156	-1	monDom5	2
HOMININAE	18	1864156	4351933	1	monDom5	2
HOMININAE	18	4351933	5043169	-1	monDom5	1
HOMININAE	18	5043169	5691897	1	monDom5	2
HOMININAE	18	5691897	6043510	-1	monDom5	7
HOMININAE	18	6043510	8695312	-1	monDom5	2
HOMININAE	18	8695312	9537955	1	monDom5	2
HOMININAE	18	9537955	12176028	1	monDom5	2
HOMININAE	18	12176028	15658516	1	monDom5	2
HOMININAE	18	15658516	16791072	1	monDom5	6
HOMININAE	18	16791072	17793747	-1	monDom5	6
HOMININAE	18	17793747	18639415	1	monDom5	6
HOMININAE	18	18639415	19335015	-1	monDom5	2
HOMININAE	18	19335015	20650924	-1	monDom5	6
HOMININAE	18	20650924	23637256	1	monDom5	2
HOMININAE	18	23637256	24715796	1	monDom5	2
HOMININAE	18	24715796	31189647	-1	monDom5	2
HOMININAE	18	31189647	32787090	1	monDom5	2
HOMININAE	18	32787090	40450751	-1	monDom5	2
HOMININAE	18	40450751	42780539	1	monDom5	2
HOMININAE	18	42780539	43703743	1	monDom5	2
HOMININAE	18	43703743	44571873	-1	monDom5	2
HOMININAE	18	44571873	48372271	1	monDom5	2
HOMININAE	18	48372271	56699282	-1	monDom5	2
HOMININAE	18	56699282	58425363	1	monDom5	2
HOMININAE	18	58425363	60462797	1	monDom5	2
HOMININAE	18	60462797	63184039	1	monDom5	2
HOMININAE	18	63184039	72195859	-1	monDom5	2
HOMININAE	18	72195859	80079915	-1	monDom5	2
HOMININAE	18	80079915	81062279	-1	monDom5	2
HOMININAE	18	0	1210592	1	oryCun2	19
HOMININAE	18	1210592	4842689	-1	oryCun2	19
HOMININAE	18	4842689	6634062	1	oryCun2	19
HOMININAE	18	6634062	15658516	-1	oryCun2	19
HOMININAE	18	15658516	21778736	-1	oryCun2	19
HOMININAE	18	21778736	31001337	1	oryCun2	19
HOMININAE	18	31001337	33758631	-1	oryCun2	19
HOMININAE	18	33758631	44212423	1	oryCun2	19
HOMININAE	18	44212423	62395852	-1	oryCun2	19
HOMININAE	18	62395852	65448111	1	oryCun2	19
HOMININAE	18	65448111	69105059	1	oryCun2	19
HOMININAE	18	69105059	73247687	-1	oryCun2	19
HOMININAE	18	73247687	81062279	1	oryCun2	19
HOMININAE	18	0	7930994	1	panTro3	17
HOMININAE	18	7930994	47620503	-1	panTro3	17
HOMININAE	18	47620503	81062279	1	panTro3	17
HOMININAE	18	0	37391461	1	ponAbe2	17
HOMININAE	18	37391461	57529216	-1	ponAbe2	17
HOMININAE	18	57529216	81062279	1	ponAbe2	17
HOMININAE	18	0	34558499	1	rheMac3	16
HOMININAE	18	34558499	36379764	1	rheMac3	16
HOMININAE	18	36379764	37686801	-1	rheMac3	16
HOMININAE	18	37686801	45105860	1	rheMac3	16
HOMININAE	18	45105860	58097371	1	rheMac3	16
HOMININAE	18	58097371	60001350	-1	rheMac3	16
HOMININAE	18	60001350	81062279	1	rheMac3	16
HOMININAE	18	0	479576	1	rn4	10
HOMININAE	18	479576	954695	-1	rn4	10
HOMININAE	18	954695	4796516	-1	rn4	10
HOMININAE	18	4796516	6712867	1	rn4	10
HOMININAE	18	6712867	11913516	-1	rn4	10
HOMININAE	18	11913516	12312623	1	rn4	10
HOMININAE	18	12312623	15658516	-1	rn4	10
HOMININAE	18	15658516	17753488	1	rn4	10
HOMININAE	18	17753488	19873968	-1	rn4	10
HOMININAE	18	19873968	21247292	1	rn4	10
HOMININAE	18	21247292	28177800	1	rn4	10
HOMININAE	18	28177800	30615151	-1	rn4	10
HOMININAE	18	30615151	44093976	1	rn4	10
HOMININAE	18	44093976	59290190	-1	rn4	10
HOMININAE	18	59290190	61148131	1	rn4	10
HOMININAE	18	61148131	63665829	1	rn4	10
HOMININAE	18	63665829	66638513	-1	rn4	10
HOMININAE	18	66638513	81062279	1	rn4	10
HOMININAE	18	0	503682	-1	susScr2	12
HOMININAE	18	503682	4426187	1	susScr2	12
HOMININAE	18	4426187	6347246	-1	susScr2	12
HOMININAE	18	6347246	15658516	1	susScr2	12
HOMININAE	18	15658516	22025183	1	susScr2	12
HOMININAE	18	22025183	31971508	-1	susScr2	12
HOMININAE	18	31971508	43920326	-1	susScr2	12
HOMININAE	18	43920326	47620503	1	susScr2	12
HOMININAE	18	47620503	48937861	-1	susScr2	12
HOMININAE	18	48937861	60529573	1	susScr2	12
HOMININAE	18	60529573	62555688	-1	susScr2	12
HOMININAE	18	62555688	65122893	-1	susScr2	12
HOMININAE	18	65122893	67825815	1	susScr2	12
HOMININAE	18	67825815	81062279	-1	susScr2	12
HOMININAE	18	0	1223962	-1	bosTau7	19
HOMININAE	18	1223962	4338314	1	bosTau7	19
HOMININAE	18	4338314	6585808	-1	bosTau7	19
HOMININAE	18	6585808	15658516	1	bosTau7	19
HOMININAE	18	15658516	18601181	-1	bosTau7	19
HOMININAE	18	18601181	23274811	1	bosTau7	19
HOMININAE	18	23274811	31710076	-1	bosTau7	19
HOMININAE	18	31710076	34005102	1	bosTau7	19
HOMININAE	18	34005102	44583474	1	bosTau7	19
HOMININAE	18	44583474	49459586	-1	bosTau7	19
HOMININAE	18	49459586	60391370	1	bosTau7	19
HOMININAE	18	60391370	62608892	-1	bosTau7	19
HOMININAE	18	62608892	65146029	1	bosTau7	19
HOMININAE	18	65146029	66646278	1	bosTau7	19
HOMININAE	18	66646278	67407503	-1	bosTau7	19
HOMININAE	18	67407503	81062279	-1	bosTau7	19
HOMININAE	18	0	612054	1	calJac3	5
HOMININAE	18	612054	2654721	-1	calJac3	5
HOMININAE	18	2654721	4201602	1	calJac3	5
HOMININAE	18	4201602	6581683	1	calJac3	5
HOMININAE	18	6581683	18398413	-1	calJac3	5
HOMININAE	18	18398413	19721021	1	calJac3	5
HOMININAE	18	19721021	32175074	-1	calJac3	5
HOMININAE	18	32175074	34215444	1	calJac3	5
HOMININAE	18	34215444	40305478	1	calJac3	5
HOMININAE	18	40305478	43287852	1	calJac3	5
HOMININAE	18	43287852	44620314	1	calJac3	5
HOMININAE	18	44620314	56600717	-1	calJac3	5
HOMININAE	18	56600717	57719002	1	calJac3	5
HOMININAE	18	57719002	59941553	-1	calJac3	5
HOMININAE	18	59941553	62489498	1	calJac3	5
HOMININAE	18	62489498	64704754	-1	calJac3	5
HOMININAE	18	64704754	65445932	1	calJac3	5
HOMININAE	18	65445932	81062279	1	calJac3	5
HOMININAE	18	0	1271569	-1	canFam2	9
HOMININAE	18	1271569	4323837	1	canFam2	9
HOMININAE	18	4323837	4950191	1	canFam2	5
HOMININAE	18	4950191	6588469	-1	canFam2	5
HOMININAE	18	6588469	15658516	1	canFam2	5
HOMININAE	18	15658516	20181828	-1	canFam2	5
HOMININAE	18	20181828	25119481	1	canFam2	9
HOMININAE	18	25119481	32505204	-1	canFam2	9
HOMININAE	18	32505204	34586014	1	canFam2	9
HOMININAE	18	34586014	44620657	-1	canFam2	9
HOMININAE	18	44620657	59045479	1	canFam2	9
HOMININAE	18	59045479	61578121	-1	canFam2	9
HOMININAE	18	61578121	64350469	1	canFam2	9
HOMININAE	18	64350469	67674960	-1	canFam2	9
HOMININAE	18	67674960	71378161	1	canFam2	9
HOMININAE	18	71378161	81062279	-1	canFam2	9
HOMININAE	18	0	1266044	-1	capHir1	19
HOMININAE	18	1266044	4933992	1	capHir1	19
HOMININAE	18	4933992	6465227	-1	capHir1	19
HOMININAE	18	6465227	15658516	1	capHir1	19
HOMININAE	18	15658516	17206871	-1	capHir1	19
HOMININAE	18	17206871	22176634	1	capHir1	19
HOMININAE	18	22176634	30530989	-1	capHir1	19
HOMININAE	18	30530989	32888689	1	capHir1	19
HOMININAE	18	32888689	44321676	1	capHir1	19
HOMININAE	18	44321676	49435652	-1	capHir1	19
HOMININAE	18	49435652	60783857	1	capHir1	19
HOMININAE	18	60783857	63015680	-1	capHir1	19
HOMININAE	18	63015680	65814712	1	capHir1	19
HOMININAE	18	65814712	67517212	1	capHir1	19
HOMININAE	18	67517212	81062279	-1	capHir1	19
HOMININAE	18	0	1075027	-1	equCab2	11
HOMININAE	18	1075027	4638407	1	equCab2	11
HOMININAE	18	4638407	6585387	-1	equCab2	11
HOMININAE	18	6585387	15658516	1	equCab2	11
HOMININAE	18	15658516	20537655	-1	equCab2	11
HOMININAE	18	20537655	24730571	1	equCab2	11
HOMININAE	18	24730571	32443564	-1	equCab2	11
HOMININAE	18	32443564	34602439	1	equCab2	11
HOMININAE	18	34602439	44654747	-1	equCab2	11
HOMININAE	18	44654747	58055585	1	equCab2	11
HOMININAE	18	58055585	60289809	-1	equCab2	11
HOMININAE	18	60289809	62913999	-1	equCab2	11
HOMININAE	18	62913999	65961421	1	equCab2	11
HOMININAE	18	65961421	81062279	-1	equCab2	11
HOMININAE	18	0	910484	-1	galGal3	19
HOMININAE	18	910484	3051297	1	galGal3	19
HOMININAE	18	3051297	4373683	1	galGal3	19
HOMININAE	18	4373683	7030092	-1	galGal3	19
HOMININAE	18	7030092	7930994	1	galGal3	19
HOMININAE	18	7930994	9582109	1	galGal3	18
HOMININAE	18	9582109	13010534	1	galGal3	18
HOMININAE	18	13010534	15658516	-1	galGal3	18
HOMININAE	18	15658516	24516424	1	galGal3	19
HOMININAE	18	24516424	37802269	1	galGal3	27
HOMININAE	18	37802269	47620503	-1	galGal3	27
HOMININAE	18	47620503	56115811	1	galGal3	18
HOMININAE	18	56115811	60856943	-1	galGal3	19
HOMININAE	18	60856943	66572105	-1	galGal3	18
HOMININAE	18	66572105	75818511	1	galGal3	18
HOMININAE	18	75818511	81062279	-1	galGal3	18
HOMININAE	18	0	15658516	1	gorGor3	17
HOMININAE	18	15658516	81062279	-1	gorGor3	5
HOMININAE	18	0	81062279	1	hg19	17
HOMININAE	18	0	1018323	1	mm10	11
HOMININAE	18	1018323	4678281	-1	mm10	11
HOMININAE	18	4678281	6694512	1	mm10	11
HOMININAE	18	6694512	15658516	-1	mm10	11
HOMININAE	18	15658516	17872100	1	mm10	11
HOMININAE	18	17872100	22753024	-1	mm10	11
HOMININAE	18	22753024	30961844	1	mm10	11
HOMININAE	18	30961844	33082954	-1	mm10	11
HOMININAE	18	33082954	44470315	1	mm10	11
HOMININAE	18	44470315	58588605	-1	mm10	11
HOMININAE	18	58588605	60511162	1	mm10	11
HOMININAE	18	60511162	62991547	1	mm10	11
HOMININAE	18	62991547	66068034	-1	mm10	11
HOMININAE	18	66068034	81062279	1	mm10	11
HOMININAE	18	0	1864156	-1	monDom5	2
HOMININAE	18	1864156	4351933	1	monDom5	2
HOMININAE	18	4351933	5043169	-1	monDom5	1
HOMININAE	18	5043169	5691897	1	monDom5	2
HOMININAE	18	5691897	6043510	-1	monDom5	7
HOMININAE	18	6043510	8695312	-1	monDom5	2
HOMININAE	18	8695312	9537955	1	monDom5	2
HOMININAE	18	9537955	12176028	1	monDom5	2
HOMININAE	18	12176028	15658516	1	monDom5	2
HOMININAE	18	15658516	16791072	1	monDom5	6
HOMININAE	18	16791072	17793747	-1	monDom5	6
HOMININAE	18	17793747	18639415	1	monDom5	6
HOMININAE	18	18639415	19335015	-1	monDom5	2
HOMININAE	18	19335015	20650924	-1	monDom5	6
HOMININAE	18	20650924	23637256	1	monDom5	2
HOMININAE	18	23637256	24715796	1	monDom5	2
HOMININAE	18	24715796	31189647	-1	monDom5	2
HOMININAE	18	31189647	32787090	1	monDom5	2
HOMININAE	18	32787090	40450751	-1	monDom5	2
HOMININAE	18	40450751	42780539	1	monDom5	2
HOMININAE	18	42780539	43703743	1	monDom5	2
HOMININAE	18	43703743	44571873	-1	monDom5	2
HOMININAE	18	44571873	48372271	1	monDom5	2
HOMININAE	18	48372271	56699282	-1	monDom5	2
HOMININAE	18	56699282	58425363	1	monDom5	2
HOMININAE	18	58425363	60462797	1	monDom5	2
HOMININAE	18	60462797	63184039	1	monDom5	2
HOMININAE	18	63184039	72195859	-1	monDom5	2
HOMININAE	18	72195859	80079915	-1	monDom5	2
HOMININAE	18	80079915	81062279	-1	monDom5	2
HOMININAE	18	0	1210592	1	oryCun2	19
HOMININAE	18	1210592	4842689	-1	oryCun2	19
HOMININAE	18	4842689	6634062	1	oryCun2	19
HOMININAE	18	6634062	15658516	-1	oryCun2	19
HOMININAE	18	15658516	21778736	-1	oryCun2	19
HOMININAE	18	21778736	31001337	1	oryCun2	19
HOMININAE	18	31001337	33758631	-1	oryCun2	19
HOMININAE	18	33758631	44212423	1	oryCun2	19
HOMININAE	18	44212423	62395852	-1	oryCun2	19
HOMININAE	18	62395852	65448111	1	oryCun2	19
HOMININAE	18	65448111	69105059	1	oryCun2	19
HOMININAE	18	69105059	73247687	-1	oryCun2	19
HOMININAE	18	73247687	81062279	1	oryCun2	19
HOMININAE	18	0	7930994	1	panTro3	17
HOMININAE	18	7930994	47620503	-1	panTro3	17
HOMININAE	18	47620503	81062279	1	panTro3	17
HOMININAE	18	0	37391461	1	ponAbe2	17
HOMININAE	18	37391461	57529216	-1	ponAbe2	17
HOMININAE	18	57529216	81062279	1	ponAbe2	17
HOMININAE	18	0	34558499	1	rheMac3	16
HOMININAE	18	34558499	36379764	1	rheMac3	16
HOMININAE	18	36379764	37686801	-1	rheMac3	16
HOMININAE	18	37686801	45105860	1	rheMac3	16
HOMININAE	18	45105860	58097371	1	rheMac3	16
HOMININAE	18	58097371	60001350	-1	rheMac3	16
HOMININAE	18	60001350	81062279	1	rheMac3	16
HOMININAE	18	0	479576	1	rn4	10
HOMININAE	18	479576	954695	-1	rn4	10
HOMININAE	18	954695	4796516	-1	rn4	10
HOMININAE	18	4796516	6712867	1	rn4	10
HOMININAE	18	6712867	11913516	-1	rn4	10
HOMININAE	18	11913516	12312623	1	rn4	10
HOMININAE	18	12312623	15658516	-1	rn4	10
HOMININAE	18	15658516	17753488	1	rn4	10
HOMININAE	18	17753488	19873968	-1	rn4	10
HOMININAE	18	19873968	21247292	1	rn4	10
HOMININAE	18	21247292	28177800	1	rn4	10
HOMININAE	18	28177800	30615151	-1	rn4	10
HOMININAE	18	30615151	44093976	1	rn4	10
HOMININAE	18	44093976	59290190	-1	rn4	10
HOMININAE	18	59290190	61148131	1	rn4	10
HOMININAE	18	61148131	63665829	1	rn4	10
HOMININAE	18	63665829	66638513	-1	rn4	10
HOMININAE	18	66638513	81062279	1	rn4	10
HOMININAE	18	0	503682	-1	susScr2	12
HOMININAE	18	503682	4426187	1	susScr2	12
HOMININAE	18	4426187	6347246	-1	susScr2	12
HOMININAE	18	6347246	15658516	1	susScr2	12
HOMININAE	18	15658516	22025183	1	susScr2	12
HOMININAE	18	22025183	31971508	-1	susScr2	12
HOMININAE	18	31971508	43920326	-1	susScr2	12
HOMININAE	18	43920326	47620503	1	susScr2	12
HOMININAE	18	47620503	48937861	-1	susScr2	12
HOMININAE	18	48937861	60529573	1	susScr2	12
HOMININAE	18	60529573	62555688	-1	susScr2	12
HOMININAE	18	62555688	65122893	-1	susScr2	12
HOMININAE	18	65122893	67825815	1	susScr2	12
HOMININAE	18	67825815	81062279	-1	susScr2	12
HOMININAE	18	0	1223962	-1	bosTau7	19
HOMININAE	18	1223962	4338314	1	bosTau7	19
HOMININAE	18	4338314	6585808	-1	bosTau7	19
HOMININAE	18	6585808	15658516	1	bosTau7	19
HOMININAE	18	15658516	18601181	-1	bosTau7	19
HOMININAE	18	18601181	23274811	1	bosTau7	19
HOMININAE	18	23274811	31710076	-1	bosTau7	19
HOMININAE	18	31710076	34005102	1	bosTau7	19
HOMININAE	18	34005102	44583474	1	bosTau7	19
HOMININAE	18	44583474	49459586	-1	bosTau7	19
HOMININAE	18	49459586	60391370	1	bosTau7	19
HOMININAE	18	60391370	62608892	-1	bosTau7	19
HOMININAE	18	62608892	65146029	1	bosTau7	19
HOMININAE	18	65146029	66646278	1	bosTau7	19
HOMININAE	18	66646278	67407503	-1	bosTau7	19
HOMININAE	18	67407503	81062279	-1	bosTau7	19
HOMININAE	18	0	612054	1	calJac3	5
HOMININAE	18	612054	2654721	-1	calJac3	5
HOMININAE	18	2654721	4201602	1	calJac3	5
HOMININAE	18	4201602	6581683	1	calJac3	5
HOMININAE	18	6581683	18398413	-1	calJac3	5
HOMININAE	18	18398413	19721021	1	calJac3	5
HOMININAE	18	19721021	32175074	-1	calJac3	5
HOMININAE	18	32175074	34215444	1	calJac3	5
HOMININAE	18	34215444	40305478	1	calJac3	5
HOMININAE	18	40305478	43287852	1	calJac3	5
HOMININAE	18	43287852	44620314	1	calJac3	5
HOMININAE	18	44620314	56600717	-1	calJac3	5
HOMININAE	18	56600717	57719002	1	calJac3	5
HOMININAE	18	57719002	59941553	-1	calJac3	5
HOMININAE	18	59941553	62489498	1	calJac3	5
HOMININAE	18	62489498	64704754	-1	calJac3	5
HOMININAE	18	64704754	65445932	1	calJac3	5
HOMININAE	18	65445932	81062279	1	calJac3	5
HOMININAE	18	0	1271569	-1	canFam2	9
HOMININAE	18	1271569	4323837	1	canFam2	9
HOMININAE	18	4323837	4950191	1	canFam2	5
HOMININAE	18	4950191	6588469	-1	canFam2	5
HOMININAE	18	6588469	15658516	1	canFam2	5
HOMININAE	18	15658516	20181828	-1	canFam2	5
HOMININAE	18	20181828	25119481	1	canFam2	9
HOMININAE	18	25119481	32505204	-1	canFam2	9
HOMININAE	18	32505204	34586014	1	canFam2	9
HOMININAE	18	34586014	44620657	-1	canFam2	9
HOMININAE	18	44620657	59045479	1	canFam2	9
HOMININAE	18	59045479	61578121	-1	canFam2	9
HOMININAE	18	61578121	64350469	1	canFam2	9
HOMININAE	18	64350469	67674960	-1	canFam2	9
HOMININAE	18	67674960	71378161	1	canFam2	9
HOMININAE	18	71378161	81062279	-1	canFam2	9
HOMININAE	18	0	1266044	-1	capHir1	19
HOMININAE	18	1266044	4933992	1	capHir1	19
HOMININAE	18	4933992	6465227	-1	capHir1	19
HOMININAE	18	6465227	15658516	1	capHir1	19
HOMININAE	18	15658516	17206871	-1	capHir1	19
HOMININAE	18	17206871	22176634	1	capHir1	19
HOMININAE	18	22176634	30530989	-1	capHir1	19
HOMININAE	18	30530989	32888689	1	capHir1	19
HOMININAE	18	32888689	44321676	1	capHir1	19
HOMININAE	18	44321676	49435652	-1	capHir1	19
HOMININAE	18	49435652	60783857	1	capHir1	19
HOMININAE	18	60783857	63015680	-1	capHir1	19
HOMININAE	18	63015680	65814712	1	capHir1	19
HOMININAE	18	65814712	67517212	1	capHir1	19
HOMININAE	18	67517212	81062279	-1	capHir1	19
HOMININAE	18	0	1075027	-1	equCab2	11
HOMININAE	18	1075027	4638407	1	equCab2	11
HOMININAE	18	4638407	6585387	-1	equCab2	11
HOMININAE	18	6585387	15658516	1	equCab2	11
HOMININAE	18	15658516	20537655	-1	equCab2	11
HOMININAE	18	20537655	24730571	1	equCab2	11
HOMININAE	18	24730571	32443564	-1	equCab2	11
HOMININAE	18	32443564	34602439	1	equCab2	11
HOMININAE	18	34602439	44654747	-1	equCab2	11
HOMININAE	18	44654747	58055585	1	equCab2	11
HOMININAE	18	58055585	60289809	-1	equCab2	11
HOMININAE	18	60289809	62913999	-1	equCab2	11
HOMININAE	18	62913999	65961421	1	equCab2	11
HOMININAE	18	65961421	81062279	-1	equCab2	11
HOMININAE	18	0	910484	-1	galGal3	19
HOMININAE	18	910484	3051297	1	galGal3	19
HOMININAE	18	3051297	4373683	1	galGal3	19
HOMININAE	18	4373683	7030092	-1	galGal3	19
HOMININAE	18	7030092	7930994	1	galGal3	19
HOMININAE	18	7930994	9582109	1	galGal3	18
HOMININAE	18	9582109	13010534	1	galGal3	18
HOMININAE	18	13010534	15658516	-1	galGal3	18
HOMININAE	18	15658516	24516424	1	galGal3	19
HOMININAE	18	24516424	37802269	1	galGal3	27
HOMININAE	18	37802269	47620503	-1	galGal3	27
HOMININAE	18	47620503	56115811	1	galGal3	18
HOMININAE	18	56115811	60856943	-1	galGal3	19
HOMININAE	18	60856943	66572105	-1	galGal3	18
HOMININAE	18	66572105	75818511	1	galGal3	18
HOMININAE	18	75818511	81062279	-1	galGal3	18
HOMININAE	18	0	15658516	1	gorGor3	17
HOMININAE	18	15658516	81062279	-1	gorGor3	5
HOMININAE	18	0	81062279	1	hg19	17
HOMININAE	18	0	1018323	1	mm10	11
HOMININAE	18	1018323	4678281	-1	mm10	11
HOMININAE	18	4678281	6694512	1	mm10	11
HOMININAE	18	6694512	15658516	-1	mm10	11
HOMININAE	18	15658516	17872100	1	mm10	11
HOMININAE	18	17872100	22753024	-1	mm10	11
HOMININAE	18	22753024	30961844	1	mm10	11
HOMININAE	18	30961844	33082954	-1	mm10	11
HOMININAE	18	33082954	44470315	1	mm10	11
HOMININAE	18	44470315	58588605	-1	mm10	11
HOMININAE	18	58588605	60511162	1	mm10	11
HOMININAE	18	60511162	62991547	1	mm10	11
HOMININAE	18	62991547	66068034	-1	mm10	11
HOMININAE	18	66068034	81062279	1	mm10	11
HOMININAE	18	0	1864156	-1	monDom5	2
HOMININAE	18	1864156	4351933	1	monDom5	2
HOMININAE	18	4351933	5043169	-1	monDom5	1
HOMININAE	18	5043169	5691897	1	monDom5	2
HOMININAE	18	5691897	6043510	-1	monDom5	7
HOMININAE	18	6043510	8695312	-1	monDom5	2
HOMININAE	18	8695312	9537955	1	monDom5	2
HOMININAE	18	9537955	12176028	1	monDom5	2
HOMININAE	18	12176028	15658516	1	monDom5	2
HOMININAE	18	15658516	16791072	1	monDom5	6
HOMININAE	18	16791072	17793747	-1	monDom5	6
HOMININAE	18	17793747	18639415	1	monDom5	6
HOMININAE	18	18639415	19335015	-1	monDom5	2
HOMININAE	18	19335015	20650924	-1	monDom5	6
HOMININAE	18	20650924	23637256	1	monDom5	2
HOMININAE	18	23637256	24715796	1	monDom5	2
HOMININAE	18	24715796	31189647	-1	monDom5	2
HOMININAE	18	31189647	32787090	1	monDom5	2
HOMININAE	18	32787090	40450751	-1	monDom5	2
HOMININAE	18	40450751	42780539	1	monDom5	2
HOMININAE	18	42780539	43703743	1	monDom5	2
HOMININAE	18	43703743	44571873	-1	monDom5	2
HOMININAE	18	44571873	48372271	1	monDom5	2
HOMININAE	18	48372271	56699282	-1	monDom5	2
HOMININAE	18	56699282	58425363	1	monDom5	2
HOMININAE	18	58425363	60462797	1	monDom5	2
HOMININAE	18	60462797	63184039	1	monDom5	2
HOMININAE	18	63184039	72195859	-1	monDom5	2
HOMININAE	18	72195859	80079915	-1	monDom5	2
HOMININAE	18	80079915	81062279	-1	monDom5	2
HOMININAE	18	0	1210592	1	oryCun2	19
HOMININAE	18	1210592	4842689	-1	oryCun2	19
HOMININAE	18	4842689	6634062	1	oryCun2	19
HOMININAE	18	6634062	15658516	-1	oryCun2	19
HOMININAE	18	15658516	21778736	-1	oryCun2	19
HOMININAE	18	21778736	31001337	1	oryCun2	19
HOMININAE	18	31001337	33758631	-1	oryCun2	19
HOMININAE	18	33758631	44212423	1	oryCun2	19
HOMININAE	18	44212423	62395852	-1	oryCun2	19
HOMININAE	18	62395852	65448111	1	oryCun2	19
HOMININAE	18	65448111	69105059	1	oryCun2	19
HOMININAE	18	69105059	73247687	-1	oryCun2	19
HOMININAE	18	73247687	81062279	1	oryCun2	19
HOMININAE	18	0	7930994	1	panTro3	17
HOMININAE	18	7930994	47620503	-1	panTro3	17
HOMININAE	18	47620503	81062279	1	panTro3	17
HOMININAE	18	0	37391461	1	ponAbe2	17
HOMININAE	18	37391461	57529216	-1	ponAbe2	17
HOMININAE	18	57529216	81062279	1	ponAbe2	17
HOMININAE	18	0	34558499	1	rheMac3	16
HOMININAE	18	34558499	36379764	1	rheMac3	16
HOMININAE	18	36379764	37686801	-1	rheMac3	16
HOMININAE	18	37686801	45105860	1	rheMac3	16
HOMININAE	18	45105860	58097371	1	rheMac3	16
HOMININAE	18	58097371	60001350	-1	rheMac3	16
HOMININAE	18	60001350	81062279	1	rheMac3	16
HOMININAE	18	0	479576	1	rn4	10
HOMININAE	18	479576	954695	-1	rn4	10
HOMININAE	18	954695	4796516	-1	rn4	10
HOMININAE	18	4796516	6712867	1	rn4	10
HOMININAE	18	6712867	11913516	-1	rn4	10
HOMININAE	18	11913516	12312623	1	rn4	10
HOMININAE	18	12312623	15658516	-1	rn4	10
HOMININAE	18	15658516	17753488	1	rn4	10
HOMININAE	18	17753488	19873968	-1	rn4	10
HOMININAE	18	19873968	21247292	1	rn4	10
HOMININAE	18	21247292	28177800	1	rn4	10
HOMININAE	18	28177800	30615151	-1	rn4	10
HOMININAE	18	30615151	44093976	1	rn4	10
HOMININAE	18	44093976	59290190	-1	rn4	10
HOMININAE	18	59290190	61148131	1	rn4	10
HOMININAE	18	61148131	63665829	1	rn4	10
HOMININAE	18	63665829	66638513	-1	rn4	10
HOMININAE	18	66638513	81062279	1	rn4	10
HOMININAE	18	0	503682	-1	susScr2	12
HOMININAE	18	503682	4426187	1	susScr2	12
HOMININAE	18	4426187	6347246	-1	susScr2	12
HOMININAE	18	6347246	15658516	1	susScr2	12
HOMININAE	18	15658516	22025183	1	susScr2	12
HOMININAE	18	22025183	31971508	-1	susScr2	12
HOMININAE	18	31971508	43920326	-1	susScr2	12
HOMININAE	18	43920326	47620503	1	susScr2	12
HOMININAE	18	47620503	48937861	-1	susScr2	12
HOMININAE	18	48937861	60529573	1	susScr2	12
HOMININAE	18	60529573	62555688	-1	susScr2	12
HOMININAE	18	62555688	65122893	-1	susScr2	12
HOMININAE	18	65122893	67825815	1	susScr2	12
HOMININAE	18	67825815	81062279	-1	susScr2	12
