HOMININAE	11	0	18585067	-1	bosTau7	15
HOMININAE	11	18585067	26223924	-1	bosTau7	29
HOMININAE	11	26223924	54798002	1	bosTau7	15
HOMININAE	11	54798002	66597067	1	bosTau7	29
HOMININAE	11	66597067	71966268	1	bosTau7	15
HOMININAE	11	71966268	92578143	-1	bosTau7	29
HOMININAE	11	92578143	106725089	-1	bosTau7	15
HOMININAE	11	106725089	124828191	1	bosTau7	15
HOMININAE	11	124828191	131639768	1	bosTau7	29
HOMININAE	11	131639768	134875160	-1	bosTau7	29
HOMININAE	11	0	3418753	-1	calJac3	11
HOMININAE	11	3418753	65600513	1	calJac3	11
HOMININAE	11	65600513	99259982	-1	calJac3	11
HOMININAE	11	99259982	134875160	1	calJac3	11
HOMININAE	11	0	31465982	1	canFam2	21
HOMININAE	11	31465982	46069378	-1	canFam2	18
HOMININAE	11	46069378	51371987	-1	canFam2	18
HOMININAE	11	51371987	62371865	-1	canFam2	18
HOMININAE	11	62371865	96168329	-1	canFam2	21
HOMININAE	11	96168329	134875160	-1	canFam2	5
HOMININAE	11	0	16471681	-1	capHir1	15
HOMININAE	11	16471681	24053785	-1	capHir1	29
HOMININAE	11	24053785	50899357	1	capHir1	15
HOMININAE	11	50899357	62027060	1	capHir1	29
HOMININAE	11	62027060	67360477	1	capHir1	15
HOMININAE	11	67360477	86767462	-1	capHir1	29
HOMININAE	11	86767462	101391745	-1	capHir1	15
HOMININAE	11	101391745	120644312	1	capHir1	15
HOMININAE	11	120644312	131767649	1	capHir1	29
HOMININAE	11	131767649	134875160	-1	capHir1	29
HOMININAE	11	0	33662006	1	equCab2	7
HOMININAE	11	33662006	63962081	1	equCab2	12
HOMININAE	11	63962081	87319360	-1	equCab2	7
HOMININAE	11	87319360	134875160	1	equCab2	7
HOMININAE	11	0	28439199	-1	galGal3	5
HOMININAE	11	28439199	49136075	1	galGal3	5
HOMININAE	11	49136075	71225834	1	galGal3	5
HOMININAE	11	71225834	134875160	-1	galGal3	1
HOMININAE	11	0	134875160	1	gorGor3	11
HOMININAE	11	0	134875160	1	hg19	11
HOMININAE	11	0	3453940	1	mm10	7
HOMININAE	11	3453940	20451035	1	mm10	7
HOMININAE	11	20451035	31362390	1	mm10	7
HOMININAE	11	31362390	56428412	-1	mm10	2
HOMININAE	11	56428412	66804751	-1	mm10	19
HOMININAE	11	66804751	84389189	-1	mm10	7
HOMININAE	11	84389189	102085542	-1	mm10	9
HOMININAE	11	102085542	134875160	-1	mm10	9
HOMININAE	11	0	4545065	1	monDom5	4
HOMININAE	11	4545065	9944023	1	monDom5	5
HOMININAE	11	9944023	13516143	-1	monDom5	5
HOMININAE	11	13516143	45611453	1	monDom5	5
HOMININAE	11	45611453	50835617	-1	monDom5	4
HOMININAE	11	50835617	62758906	-1	monDom5	4
HOMININAE	11	62758906	65216514	-1	monDom5	4
HOMININAE	11	65216514	80245970	-1	monDom5	4
HOMININAE	11	80245970	93371082	-1	monDom5	4
HOMININAE	11	93371082	99990301	1	monDom5	4
HOMININAE	11	99990301	122424914	-1	monDom5	4
HOMININAE	11	122424914	134875160	1	monDom5	4
HOMININAE	11	0	134875160	1	panTro3	11
HOMININAE	11	0	4714633	1	ponAbe2	11
HOMININAE	11	4714633	68007322	-1	ponAbe2	11
HOMININAE	11	68007322	134875160	1	ponAbe2	11
HOMININAE	11	0	3419533	1	rn4	1
HOMININAE	11	3419533	19691698	1	rn4	1
HOMININAE	11	19691698	30362812	1	rn4	1
HOMININAE	11	30362812	54536247	-1	rn4	3
HOMININAE	11	54536247	66133043	-1	rn4	1
HOMININAE	11	66133043	83721454	-1	rn4	1
HOMININAE	11	83721454	100683415	-1	rn4	8
HOMININAE	11	100683415	134875160	-1	rn4	8
HOMININAE	11	0	7596079	-1	susScr2	9
HOMININAE	11	7596079	63007289	-1	susScr2	2
HOMININAE	11	63007289	134875160	1	susScr2	9
