CAT	13	2462762	5045307	-1	bosTau7	8
CAT	13	5045307	6955055	-1	bosTau7	8
CAT	13	6955055	11848887	1	bosTau7	8
CAT	13	11848887	16905920	-1	bosTau7	8
CAT	13	16905920	65249748	-1	bosTau7	8
CAT	13	65249748	66712897	1	bosTau7	8
CAT	13	66712897	72996842	1	bosTau7	8
CAT	13	72996842	93949076	1	bosTau7	8
CAT	13	93949076	107506854	1	bosTau7	11
CAT	13	107506854	108369652	1	bosTau7	11
CAT	13	108369652	108852141	-1	bosTau7	11
CAT	13	108852141	109378365	-1	bosTau7	11
CAT	13	109378365	110796102	1	bosTau7	11
CAT	13	110796102	111188996	1	bosTau7	11
CAT	13	0	2462762	-1	calJac3	1
CAT	13	2462762	2657806	-1	calJac3	1
CAT	13	2657806	5251963	-1	calJac3	1
CAT	13	5251963	7613567	-1	calJac3	1
CAT	13	7613567	8014560	-1	calJac3	1
CAT	13	8014560	9870449	-1	calJac3	1
CAT	13	9870449	11373730	-1	calJac3	1
CAT	13	11373730	11978412	-1	calJac3	1
CAT	13	11978412	13494016	-1	calJac3	1
CAT	13	13494016	13795343	1	calJac3	1
CAT	13	13795343	31181728	1	calJac3	1
CAT	13	31181728	111188996	1	calJac3	1
CAT	13	2462762	5651170	1	canFam2	1
CAT	13	5651170	7642484	1	canFam2	1
CAT	13	7642484	11584135	1	canFam2	1
CAT	13	11584135	37371301	1	canFam2	1
CAT	13	37371301	94189015	1	canFam2	11
CAT	13	94189015	106518838	-1	canFam2	9
CAT	13	106518838	108580975	1	canFam2	9
CAT	13	108580975	111188996	-1	canFam2	9
CAT	13	2462762	2691758	-1	capHir1	8
CAT	13	2691758	3004867	-1	capHir1	8
CAT	13	3004867	3313533	1	capHir1	8
CAT	13	3313533	5762090	-1	capHir1	8
CAT	13	5762090	7425471	-1	capHir1	8
CAT	13	7425471	11837327	1	capHir1	8
CAT	13	11837327	16972461	-1	capHir1	8
CAT	13	16972461	65188600	-1	capHir1	8
CAT	13	65188600	66718440	1	capHir1	8
CAT	13	66718440	72411131	1	capHir1	8
CAT	13	72411131	94114079	1	capHir1	8
CAT	13	94114079	106713369	1	capHir1	11
CAT	13	106713369	107874707	1	capHir1	11
CAT	13	107874707	108873319	-1	capHir1	11
CAT	13	108873319	110047169	1	capHir1	11
CAT	13	110047169	110561467	-1	capHir1	11
CAT	13	110561467	111188996	-1	capHir1	11
CAT	13	2462762	5665534	1	equCab2	23
CAT	13	5665534	7669543	1	equCab2	23
CAT	13	7669543	11772500	1	equCab2	23
CAT	13	11772500	15485869	1	equCab2	23
CAT	13	15485869	16071916	-1	equCab2	23
CAT	13	16071916	25021199	1	equCab2	23
CAT	13	25021199	26527830	-1	equCab2	23
CAT	13	26527830	66180620	1	equCab2	23
CAT	13	66180620	108314270	1	equCab2	25
CAT	13	108314270	109623166	-1	equCab2	25
CAT	13	109623166	111188996	1	equCab2	25
CAT	13	2462762	5045935	-1	galGal3	Z
CAT	13	5045935	6494190	1	galGal3	12
CAT	13	6494190	7313541	1	galGal3	12
CAT	13	7313541	11469363	-1	galGal3	Z
CAT	13	11469363	31589262	-1	galGal3	Z
CAT	13	31589262	58181413	1	galGal3	Z
CAT	13	58181413	64099587	1	galGal3	Z
CAT	13	64099587	70054102	1	galGal3	Z
CAT	13	70054102	73573033	-1	galGal3	2
CAT	13	73573033	78859511	1	galGal3	Z
CAT	13	78859511	81605355	1	galGal3	2
CAT	13	81605355	83061811	1	galGal3	Z
CAT	13	83061811	83960414	1	galGal3	Z
CAT	13	83960414	85751347	-1	galGal3	Z
CAT	13	85751347	87020596	-1	galGal3	17
CAT	13	87020596	94026324	1	galGal3	17
CAT	13	94026324	100722355	1	galGal3	17
CAT	13	100722355	107228997	1	galGal3	17
CAT	13	107228997	108571118	-1	galGal3	17
CAT	13	108571118	110034760	1	galGal3	17
CAT	13	110034760	111188996	1	galGal3	17
CAT	13	0	2462762	-1	gorGor3	9
CAT	13	2462762	31589262	-1	gorGor3	9
CAT	13	31589262	70054102	1	gorGor3	9
CAT	13	70054102	111188996	1	gorGor3	9
CAT	13	0	2462762	-1	hg19	9
CAT	13	2462762	31589262	-1	hg19	9
CAT	13	31589262	70054102	1	hg19	9
CAT	13	70054102	111188996	1	hg19	9
CAT	13	0	5191107	-1	mm10	13
CAT	13	5191107	7505214	1	mm10	13
CAT	13	7505214	11681061	-1	mm10	13
CAT	13	11681061	15837837	-1	mm10	13
CAT	13	15837837	19369408	-1	mm10	4
CAT	13	19369408	37168532	1	mm10	19
CAT	13	37168532	58674347	1	mm10	4
CAT	13	58674347	93884631	1	mm10	4
CAT	13	93884631	97956128	1	mm10	2
CAT	13	97956128	101170277	-1	mm10	2
CAT	13	101170277	104590225	1	mm10	2
CAT	13	104590225	106324367	-1	mm10	2
CAT	13	106324367	108503691	1	mm10	2
CAT	13	108503691	109695110	1	mm10	2
CAT	13	109695110	111188996	-1	mm10	2
CAT	13	0	2462762	-1	monDom5	6
CAT	13	2462762	6360855	-1	monDom5	6
CAT	13	6360855	8719759	1	monDom5	6
CAT	13	8719759	9870449	1	monDom5	3
CAT	13	9870449	10894563	1	monDom5	6
CAT	13	10894563	13633242	-1	monDom5	6
CAT	13	13633242	21046742	1	monDom5	6
CAT	13	21046742	22808795	-1	monDom5	6
CAT	13	22808795	34291431	1	monDom5	6
CAT	13	34291431	49932830	1	monDom5	6
CAT	13	49932830	63326384	1	monDom5	6
CAT	13	63326384	64284782	1	monDom5	6
CAT	13	64284782	66468765	-1	monDom5	6
CAT	13	66468765	70777420	1	monDom5	6
CAT	13	70777420	71071998	-1	monDom5	6
CAT	13	71071998	71684351	1	monDom5	6
CAT	13	71684351	73631970	-1	monDom5	6
CAT	13	73631970	77288930	-1	monDom5	6
CAT	13	77288930	78431836	1	monDom5	6
CAT	13	78431836	78654573	-1	monDom5	1
CAT	13	78654573	81769885	1	monDom5	6
CAT	13	81769885	82051026	-1	monDom5	6
CAT	13	82051026	82506237	1	monDom5	6
CAT	13	82506237	83061811	1	monDom5	6
CAT	13	83061811	84255481	1	monDom5	6
CAT	13	84255481	85990984	-1	monDom5	6
CAT	13	85990984	87171992	-1	monDom5	1
CAT	13	87171992	100305527	1	monDom5	1
CAT	13	100305527	107799605	1	monDom5	1
CAT	13	107799605	109236454	-1	monDom5	1
CAT	13	109236454	109961311	1	monDom5	1
CAT	13	109961311	110542244	-1	monDom5	1
CAT	13	110542244	110790774	-1	monDom5	1
CAT	13	110790774	111188996	1	monDom5	1
CAT	13	0	2462762	1	oryCun2	9
CAT	13	2462762	5446792	-1	oryCun2	1
CAT	13	5446792	6260625	-1	oryCun2	1
CAT	13	6260625	6667480	1	oryCun2	1
CAT	13	6667480	7367225	-1	oryCun2	1
CAT	13	7367225	11843271	1	oryCun2	1
CAT	13	11843271	14543452	-1	oryCun2	1
CAT	13	14543452	97098445	-1	oryCun2	1
CAT	13	0	2462762	-1	panTro3	9
CAT	13	2462762	31589262	-1	panTro3	9
CAT	13	31589262	70054102	1	panTro3	9
CAT	13	70054102	111188996	1	panTro3	9
CAT	13	0	2462762	1	ponAbe2	9
CAT	13	2462762	70054102	-1	ponAbe2	9
CAT	13	70054102	111188996	1	ponAbe2	9
CAT	13	0	9870449	-1	rheMac3	15
CAT	13	9870449	13494016	-1	rheMac3	15
CAT	13	13494016	14543452	-1	rheMac3	15
CAT	13	14543452	83061811	-1	rheMac3	15
CAT	13	83061811	97098445	-1	rheMac3	15
CAT	13	97098445	100722355	-1	rheMac3	15
CAT	13	100722355	111188996	-1	rheMac3	15
CAT	13	0	5289646	1	rn4	17
CAT	13	5289646	7716577	-1	rn4	17
CAT	13	7716577	8127657	-1	rn4	17
CAT	13	8127657	11381826	1	rn4	17
CAT	13	11381826	15789239	1	rn4	17
CAT	13	15789239	19525656	-1	rn4	5
CAT	13	19525656	37090126	1	rn4	1
CAT	13	37090126	59592063	1	rn4	5
CAT	13	59592063	93246051	1	rn4	5
CAT	13	93246051	97950149	1	rn4	3
CAT	13	97950149	100722355	-1	rn4	3
CAT	13	100722355	104437363	1	rn4	3
CAT	13	104437363	106155732	-1	rn4	3
CAT	13	106155732	108550318	1	rn4	3
CAT	13	108550318	109785918	1	rn4	3
CAT	13	109785918	111188996	-1	rn4	3
CAT	13	2462762	3013112	-1	susScr2	10
CAT	13	3013112	5486176	1	susScr2	10
CAT	13	5486176	7231799	-1	susScr2	3
CAT	13	7231799	12097659	-1	susScr2	14
CAT	13	12097659	16387617	1	susScr2	10
CAT	13	16387617	58486653	-1	susScr2	1
CAT	13	58486653	65881073	-1	susScr2	10
CAT	13	65881073	110814010	1	susScr2	1
CAT	13	110814010	111188996	-1	susScr2	1
CAT	13	2462762	5045307	-1	bosTau7	8
CAT	13	5045307	6955055	-1	bosTau7	8
CAT	13	6955055	11848887	1	bosTau7	8
CAT	13	11848887	16905920	-1	bosTau7	8
CAT	13	16905920	65249748	-1	bosTau7	8
CAT	13	65249748	66712897	1	bosTau7	8
CAT	13	66712897	72996842	1	bosTau7	8
CAT	13	72996842	93949076	1	bosTau7	8
CAT	13	93949076	107506854	1	bosTau7	11
CAT	13	107506854	108369652	1	bosTau7	11
CAT	13	108369652	108852141	-1	bosTau7	11
CAT	13	108852141	109378365	-1	bosTau7	11
CAT	13	109378365	110796102	1	bosTau7	11
CAT	13	110796102	111188996	1	bosTau7	11
CAT	13	0	2462762	-1	calJac3	1
CAT	13	2462762	2657806	-1	calJac3	1
CAT	13	2657806	5251963	-1	calJac3	1
CAT	13	5251963	7613567	-1	calJac3	1
CAT	13	7613567	8014560	-1	calJac3	1
CAT	13	8014560	9870449	-1	calJac3	1
CAT	13	9870449	11373730	-1	calJac3	1
CAT	13	11373730	11978412	-1	calJac3	1
CAT	13	11978412	13494016	-1	calJac3	1
CAT	13	13494016	13795343	1	calJac3	1
CAT	13	13795343	31181728	1	calJac3	1
CAT	13	31181728	111188996	1	calJac3	1
CAT	13	2462762	5651170	1	canFam2	1
CAT	13	5651170	7642484	1	canFam2	1
CAT	13	7642484	11584135	1	canFam2	1
CAT	13	11584135	37371301	1	canFam2	1
CAT	13	37371301	94189015	1	canFam2	11
CAT	13	94189015	106518838	-1	canFam2	9
CAT	13	106518838	108580975	1	canFam2	9
CAT	13	108580975	111188996	-1	canFam2	9
CAT	13	2462762	2691758	-1	capHir1	8
CAT	13	2691758	3004867	-1	capHir1	8
CAT	13	3004867	3313533	1	capHir1	8
CAT	13	3313533	5762090	-1	capHir1	8
CAT	13	5762090	7425471	-1	capHir1	8
CAT	13	7425471	11837327	1	capHir1	8
CAT	13	11837327	16972461	-1	capHir1	8
CAT	13	16972461	65188600	-1	capHir1	8
CAT	13	65188600	66718440	1	capHir1	8
CAT	13	66718440	72411131	1	capHir1	8
CAT	13	72411131	94114079	1	capHir1	8
CAT	13	94114079	106713369	1	capHir1	11
CAT	13	106713369	107874707	1	capHir1	11
CAT	13	107874707	108873319	-1	capHir1	11
CAT	13	108873319	110047169	1	capHir1	11
CAT	13	110047169	110561467	-1	capHir1	11
CAT	13	110561467	111188996	-1	capHir1	11
CAT	13	2462762	5665534	1	equCab2	23
CAT	13	5665534	7669543	1	equCab2	23
CAT	13	7669543	11772500	1	equCab2	23
CAT	13	11772500	15485869	1	equCab2	23
CAT	13	15485869	16071916	-1	equCab2	23
CAT	13	16071916	25021199	1	equCab2	23
CAT	13	25021199	26527830	-1	equCab2	23
CAT	13	26527830	66180620	1	equCab2	23
CAT	13	66180620	108314270	1	equCab2	25
CAT	13	108314270	109623166	-1	equCab2	25
CAT	13	109623166	111188996	1	equCab2	25
CAT	13	2462762	5045935	-1	galGal3	Z
CAT	13	5045935	6494190	1	galGal3	12
CAT	13	6494190	7313541	1	galGal3	12
CAT	13	7313541	11469363	-1	galGal3	Z
CAT	13	11469363	31589262	-1	galGal3	Z
CAT	13	31589262	58181413	1	galGal3	Z
CAT	13	58181413	64099587	1	galGal3	Z
CAT	13	64099587	70054102	1	galGal3	Z
CAT	13	70054102	73573033	-1	galGal3	2
CAT	13	73573033	78859511	1	galGal3	Z
CAT	13	78859511	81605355	1	galGal3	2
CAT	13	81605355	83061811	1	galGal3	Z
CAT	13	83061811	83960414	1	galGal3	Z
CAT	13	83960414	85751347	-1	galGal3	Z
CAT	13	85751347	87020596	-1	galGal3	17
CAT	13	87020596	94026324	1	galGal3	17
CAT	13	94026324	100722355	1	galGal3	17
CAT	13	100722355	107228997	1	galGal3	17
CAT	13	107228997	108571118	-1	galGal3	17
CAT	13	108571118	110034760	1	galGal3	17
CAT	13	110034760	111188996	1	galGal3	17
CAT	13	0	2462762	-1	gorGor3	9
CAT	13	2462762	31589262	-1	gorGor3	9
CAT	13	31589262	70054102	1	gorGor3	9
CAT	13	70054102	111188996	1	gorGor3	9
CAT	13	0	2462762	-1	hg19	9
CAT	13	2462762	31589262	-1	hg19	9
CAT	13	31589262	70054102	1	hg19	9
CAT	13	70054102	111188996	1	hg19	9
CAT	13	0	5191107	-1	mm10	13
CAT	13	5191107	7505214	1	mm10	13
CAT	13	7505214	11681061	-1	mm10	13
CAT	13	11681061	15837837	-1	mm10	13
CAT	13	15837837	19369408	-1	mm10	4
CAT	13	19369408	37168532	1	mm10	19
CAT	13	37168532	58674347	1	mm10	4
CAT	13	58674347	93884631	1	mm10	4
CAT	13	93884631	97956128	1	mm10	2
CAT	13	97956128	101170277	-1	mm10	2
CAT	13	101170277	104590225	1	mm10	2
CAT	13	104590225	106324367	-1	mm10	2
CAT	13	106324367	108503691	1	mm10	2
CAT	13	108503691	109695110	1	mm10	2
CAT	13	109695110	111188996	-1	mm10	2
CAT	13	0	2462762	-1	monDom5	6
CAT	13	2462762	6360855	-1	monDom5	6
CAT	13	6360855	8719759	1	monDom5	6
CAT	13	8719759	9870449	1	monDom5	3
CAT	13	9870449	10894563	1	monDom5	6
CAT	13	10894563	13633242	-1	monDom5	6
CAT	13	13633242	21046742	1	monDom5	6
CAT	13	21046742	22808795	-1	monDom5	6
CAT	13	22808795	34291431	1	monDom5	6
CAT	13	34291431	49932830	1	monDom5	6
CAT	13	49932830	63326384	1	monDom5	6
CAT	13	63326384	64284782	1	monDom5	6
CAT	13	64284782	66468765	-1	monDom5	6
CAT	13	66468765	70777420	1	monDom5	6
CAT	13	70777420	71071998	-1	monDom5	6
CAT	13	71071998	71684351	1	monDom5	6
CAT	13	71684351	73631970	-1	monDom5	6
CAT	13	73631970	77288930	-1	monDom5	6
CAT	13	77288930	78431836	1	monDom5	6
CAT	13	78431836	78654573	-1	monDom5	1
CAT	13	78654573	81769885	1	monDom5	6
CAT	13	81769885	82051026	-1	monDom5	6
CAT	13	82051026	82506237	1	monDom5	6
CAT	13	82506237	83061811	1	monDom5	6
CAT	13	83061811	84255481	1	monDom5	6
CAT	13	84255481	85990984	-1	monDom5	6
CAT	13	85990984	87171992	-1	monDom5	1
CAT	13	87171992	100305527	1	monDom5	1
CAT	13	100305527	107799605	1	monDom5	1
CAT	13	107799605	109236454	-1	monDom5	1
CAT	13	109236454	109961311	1	monDom5	1
CAT	13	109961311	110542244	-1	monDom5	1
CAT	13	110542244	110790774	-1	monDom5	1
CAT	13	110790774	111188996	1	monDom5	1
CAT	13	0	2462762	1	oryCun2	9
CAT	13	2462762	5446792	-1	oryCun2	1
CAT	13	5446792	6260625	-1	oryCun2	1
CAT	13	6260625	6667480	1	oryCun2	1
CAT	13	6667480	7367225	-1	oryCun2	1
CAT	13	7367225	11843271	1	oryCun2	1
CAT	13	11843271	14543452	-1	oryCun2	1
CAT	13	14543452	97098445	-1	oryCun2	1
CAT	13	0	2462762	-1	panTro3	9
CAT	13	2462762	31589262	-1	panTro3	9
CAT	13	31589262	70054102	1	panTro3	9
CAT	13	70054102	111188996	1	panTro3	9
CAT	13	0	2462762	1	ponAbe2	9
CAT	13	2462762	70054102	-1	ponAbe2	9
CAT	13	70054102	111188996	1	ponAbe2	9
CAT	13	0	9870449	-1	rheMac3	15
CAT	13	9870449	13494016	-1	rheMac3	15
CAT	13	13494016	14543452	-1	rheMac3	15
CAT	13	14543452	83061811	-1	rheMac3	15
CAT	13	83061811	97098445	-1	rheMac3	15
CAT	13	97098445	100722355	-1	rheMac3	15
CAT	13	100722355	111188996	-1	rheMac3	15
CAT	13	0	5289646	1	rn4	17
CAT	13	5289646	7716577	-1	rn4	17
CAT	13	7716577	8127657	-1	rn4	17
CAT	13	8127657	11381826	1	rn4	17
CAT	13	11381826	15789239	1	rn4	17
CAT	13	15789239	19525656	-1	rn4	5
CAT	13	19525656	37090126	1	rn4	1
CAT	13	37090126	59592063	1	rn4	5
CAT	13	59592063	93246051	1	rn4	5
CAT	13	93246051	97950149	1	rn4	3
CAT	13	97950149	100722355	-1	rn4	3
CAT	13	100722355	104437363	1	rn4	3
CAT	13	104437363	106155732	-1	rn4	3
CAT	13	106155732	108550318	1	rn4	3
CAT	13	108550318	109785918	1	rn4	3
CAT	13	109785918	111188996	-1	rn4	3
CAT	13	2462762	3013112	-1	susScr2	10
CAT	13	3013112	5486176	1	susScr2	10
CAT	13	5486176	7231799	-1	susScr2	3
CAT	13	7231799	12097659	-1	susScr2	14
CAT	13	12097659	16387617	1	susScr2	10
CAT	13	16387617	58486653	-1	susScr2	1
CAT	13	58486653	65881073	-1	susScr2	10
CAT	13	65881073	110814010	1	susScr2	1
CAT	13	110814010	111188996	-1	susScr2	1
CAT	13	2462762	5045307	-1	bosTau7	8
CAT	13	5045307	6955055	-1	bosTau7	8
CAT	13	6955055	11848887	1	bosTau7	8
CAT	13	11848887	16905920	-1	bosTau7	8
CAT	13	16905920	65249748	-1	bosTau7	8
CAT	13	65249748	66712897	1	bosTau7	8
CAT	13	66712897	72996842	1	bosTau7	8
CAT	13	72996842	93949076	1	bosTau7	8
CAT	13	93949076	107506854	1	bosTau7	11
CAT	13	107506854	108369652	1	bosTau7	11
CAT	13	108369652	108852141	-1	bosTau7	11
CAT	13	108852141	109378365	-1	bosTau7	11
CAT	13	109378365	110796102	1	bosTau7	11
CAT	13	110796102	111188996	1	bosTau7	11
CAT	13	0	2462762	-1	calJac3	1
CAT	13	2462762	2657806	-1	calJac3	1
CAT	13	2657806	5251963	-1	calJac3	1
CAT	13	5251963	7613567	-1	calJac3	1
CAT	13	7613567	8014560	-1	calJac3	1
CAT	13	8014560	9870449	-1	calJac3	1
CAT	13	9870449	11373730	-1	calJac3	1
CAT	13	11373730	11978412	-1	calJac3	1
CAT	13	11978412	13494016	-1	calJac3	1
CAT	13	13494016	13795343	1	calJac3	1
CAT	13	13795343	31181728	1	calJac3	1
CAT	13	31181728	111188996	1	calJac3	1
CAT	13	2462762	5651170	1	canFam2	1
CAT	13	5651170	7642484	1	canFam2	1
CAT	13	7642484	11584135	1	canFam2	1
CAT	13	11584135	37371301	1	canFam2	1
CAT	13	37371301	94189015	1	canFam2	11
CAT	13	94189015	106518838	-1	canFam2	9
CAT	13	106518838	108580975	1	canFam2	9
CAT	13	108580975	111188996	-1	canFam2	9
CAT	13	2462762	2691758	-1	capHir1	8
CAT	13	2691758	3004867	-1	capHir1	8
CAT	13	3004867	3313533	1	capHir1	8
CAT	13	3313533	5762090	-1	capHir1	8
CAT	13	5762090	7425471	-1	capHir1	8
CAT	13	7425471	11837327	1	capHir1	8
CAT	13	11837327	16972461	-1	capHir1	8
CAT	13	16972461	65188600	-1	capHir1	8
CAT	13	65188600	66718440	1	capHir1	8
CAT	13	66718440	72411131	1	capHir1	8
CAT	13	72411131	94114079	1	capHir1	8
CAT	13	94114079	106713369	1	capHir1	11
CAT	13	106713369	107874707	1	capHir1	11
CAT	13	107874707	108873319	-1	capHir1	11
CAT	13	108873319	110047169	1	capHir1	11
CAT	13	110047169	110561467	-1	capHir1	11
CAT	13	110561467	111188996	-1	capHir1	11
CAT	13	2462762	5665534	1	equCab2	23
CAT	13	5665534	7669543	1	equCab2	23
CAT	13	7669543	11772500	1	equCab2	23
CAT	13	11772500	15485869	1	equCab2	23
CAT	13	15485869	16071916	-1	equCab2	23
CAT	13	16071916	25021199	1	equCab2	23
CAT	13	25021199	26527830	-1	equCab2	23
CAT	13	26527830	66180620	1	equCab2	23
CAT	13	66180620	108314270	1	equCab2	25
CAT	13	108314270	109623166	-1	equCab2	25
CAT	13	109623166	111188996	1	equCab2	25
CAT	13	2462762	5045935	-1	galGal3	Z
CAT	13	5045935	6494190	1	galGal3	12
CAT	13	6494190	7313541	1	galGal3	12
CAT	13	7313541	11469363	-1	galGal3	Z
CAT	13	11469363	31589262	-1	galGal3	Z
CAT	13	31589262	58181413	1	galGal3	Z
CAT	13	58181413	64099587	1	galGal3	Z
CAT	13	64099587	70054102	1	galGal3	Z
CAT	13	70054102	73573033	-1	galGal3	2
CAT	13	73573033	78859511	1	galGal3	Z
CAT	13	78859511	81605355	1	galGal3	2
CAT	13	81605355	83061811	1	galGal3	Z
CAT	13	83061811	83960414	1	galGal3	Z
CAT	13	83960414	85751347	-1	galGal3	Z
CAT	13	85751347	87020596	-1	galGal3	17
CAT	13	87020596	94026324	1	galGal3	17
CAT	13	94026324	100722355	1	galGal3	17
CAT	13	100722355	107228997	1	galGal3	17
CAT	13	107228997	108571118	-1	galGal3	17
CAT	13	108571118	110034760	1	galGal3	17
CAT	13	110034760	111188996	1	galGal3	17
CAT	13	0	2462762	-1	gorGor3	9
CAT	13	2462762	31589262	-1	gorGor3	9
CAT	13	31589262	70054102	1	gorGor3	9
CAT	13	70054102	111188996	1	gorGor3	9
CAT	13	0	2462762	-1	hg19	9
CAT	13	2462762	31589262	-1	hg19	9
CAT	13	31589262	70054102	1	hg19	9
CAT	13	70054102	111188996	1	hg19	9
CAT	13	0	5191107	-1	mm10	13
CAT	13	5191107	7505214	1	mm10	13
CAT	13	7505214	11681061	-1	mm10	13
CAT	13	11681061	15837837	-1	mm10	13
CAT	13	15837837	19369408	-1	mm10	4
CAT	13	19369408	37168532	1	mm10	19
CAT	13	37168532	58674347	1	mm10	4
CAT	13	58674347	93884631	1	mm10	4
CAT	13	93884631	97956128	1	mm10	2
CAT	13	97956128	101170277	-1	mm10	2
CAT	13	101170277	104590225	1	mm10	2
CAT	13	104590225	106324367	-1	mm10	2
CAT	13	106324367	108503691	1	mm10	2
CAT	13	108503691	109695110	1	mm10	2
CAT	13	109695110	111188996	-1	mm10	2
CAT	13	0	2462762	-1	monDom5	6
CAT	13	2462762	6360855	-1	monDom5	6
CAT	13	6360855	8719759	1	monDom5	6
CAT	13	8719759	9870449	1	monDom5	3
CAT	13	9870449	10894563	1	monDom5	6
CAT	13	10894563	13633242	-1	monDom5	6
CAT	13	13633242	21046742	1	monDom5	6
CAT	13	21046742	22808795	-1	monDom5	6
CAT	13	22808795	34291431	1	monDom5	6
CAT	13	34291431	49932830	1	monDom5	6
CAT	13	49932830	63326384	1	monDom5	6
CAT	13	63326384	64284782	1	monDom5	6
CAT	13	64284782	66468765	-1	monDom5	6
CAT	13	66468765	70777420	1	monDom5	6
CAT	13	70777420	71071998	-1	monDom5	6
CAT	13	71071998	71684351	1	monDom5	6
CAT	13	71684351	73631970	-1	monDom5	6
CAT	13	73631970	77288930	-1	monDom5	6
CAT	13	77288930	78431836	1	monDom5	6
CAT	13	78431836	78654573	-1	monDom5	1
CAT	13	78654573	81769885	1	monDom5	6
CAT	13	81769885	82051026	-1	monDom5	6
CAT	13	82051026	82506237	1	monDom5	6
CAT	13	82506237	83061811	1	monDom5	6
CAT	13	83061811	84255481	1	monDom5	6
CAT	13	84255481	85990984	-1	monDom5	6
CAT	13	85990984	87171992	-1	monDom5	1
CAT	13	87171992	100305527	1	monDom5	1
CAT	13	100305527	107799605	1	monDom5	1
CAT	13	107799605	109236454	-1	monDom5	1
CAT	13	109236454	109961311	1	monDom5	1
CAT	13	109961311	110542244	-1	monDom5	1
CAT	13	110542244	110790774	-1	monDom5	1
CAT	13	110790774	111188996	1	monDom5	1
CAT	13	0	2462762	1	oryCun2	9
CAT	13	2462762	5446792	-1	oryCun2	1
CAT	13	5446792	6260625	-1	oryCun2	1
CAT	13	6260625	6667480	1	oryCun2	1
CAT	13	6667480	7367225	-1	oryCun2	1
CAT	13	7367225	11843271	1	oryCun2	1
CAT	13	11843271	14543452	-1	oryCun2	1
CAT	13	14543452	97098445	-1	oryCun2	1
CAT	13	0	2462762	-1	panTro3	9
CAT	13	2462762	31589262	-1	panTro3	9
CAT	13	31589262	70054102	1	panTro3	9
CAT	13	70054102	111188996	1	panTro3	9
CAT	13	0	2462762	1	ponAbe2	9
CAT	13	2462762	70054102	-1	ponAbe2	9
CAT	13	70054102	111188996	1	ponAbe2	9
CAT	13	0	9870449	-1	rheMac3	15
CAT	13	9870449	13494016	-1	rheMac3	15
CAT	13	13494016	14543452	-1	rheMac3	15
CAT	13	14543452	83061811	-1	rheMac3	15
CAT	13	83061811	97098445	-1	rheMac3	15
CAT	13	97098445	100722355	-1	rheMac3	15
CAT	13	100722355	111188996	-1	rheMac3	15
CAT	13	0	5289646	1	rn4	17
CAT	13	5289646	7716577	-1	rn4	17
CAT	13	7716577	8127657	-1	rn4	17
CAT	13	8127657	11381826	1	rn4	17
CAT	13	11381826	15789239	1	rn4	17
CAT	13	15789239	19525656	-1	rn4	5
CAT	13	19525656	37090126	1	rn4	1
CAT	13	37090126	59592063	1	rn4	5
CAT	13	59592063	93246051	1	rn4	5
CAT	13	93246051	97950149	1	rn4	3
CAT	13	97950149	100722355	-1	rn4	3
CAT	13	100722355	104437363	1	rn4	3
CAT	13	104437363	106155732	-1	rn4	3
CAT	13	106155732	108550318	1	rn4	3
CAT	13	108550318	109785918	1	rn4	3
CAT	13	109785918	111188996	-1	rn4	3
CAT	13	2462762	3013112	-1	susScr2	10
CAT	13	3013112	5486176	1	susScr2	10
CAT	13	5486176	7231799	-1	susScr2	3
CAT	13	7231799	12097659	-1	susScr2	14
CAT	13	12097659	16387617	1	susScr2	10
CAT	13	16387617	58486653	-1	susScr2	1
CAT	13	58486653	65881073	-1	susScr2	10
CAT	13	65881073	110814010	1	susScr2	1
CAT	13	110814010	111188996	-1	susScr2	1
CAT	13	2462762	5045307	-1	bosTau7	8
CAT	13	5045307	6955055	-1	bosTau7	8
CAT	13	6955055	11848887	1	bosTau7	8
CAT	13	11848887	16905920	-1	bosTau7	8
CAT	13	16905920	65249748	-1	bosTau7	8
CAT	13	65249748	66712897	1	bosTau7	8
CAT	13	66712897	72996842	1	bosTau7	8
CAT	13	72996842	93949076	1	bosTau7	8
CAT	13	93949076	107506854	1	bosTau7	11
CAT	13	107506854	108369652	1	bosTau7	11
CAT	13	108369652	108852141	-1	bosTau7	11
CAT	13	108852141	109378365	-1	bosTau7	11
CAT	13	109378365	110796102	1	bosTau7	11
CAT	13	110796102	111188996	1	bosTau7	11
CAT	13	0	2462762	-1	calJac3	1
CAT	13	2462762	2657806	-1	calJac3	1
CAT	13	2657806	5251963	-1	calJac3	1
CAT	13	5251963	7613567	-1	calJac3	1
CAT	13	7613567	8014560	-1	calJac3	1
CAT	13	8014560	9870449	-1	calJac3	1
CAT	13	9870449	11373730	-1	calJac3	1
CAT	13	11373730	11978412	-1	calJac3	1
CAT	13	11978412	13494016	-1	calJac3	1
CAT	13	13494016	13795343	1	calJac3	1
CAT	13	13795343	31181728	1	calJac3	1
CAT	13	31181728	111188996	1	calJac3	1
CAT	13	2462762	5651170	1	canFam2	1
CAT	13	5651170	7642484	1	canFam2	1
CAT	13	7642484	11584135	1	canFam2	1
CAT	13	11584135	37371301	1	canFam2	1
CAT	13	37371301	94189015	1	canFam2	11
CAT	13	94189015	106518838	-1	canFam2	9
CAT	13	106518838	108580975	1	canFam2	9
CAT	13	108580975	111188996	-1	canFam2	9
CAT	13	2462762	2691758	-1	capHir1	8
CAT	13	2691758	3004867	-1	capHir1	8
CAT	13	3004867	3313533	1	capHir1	8
CAT	13	3313533	5762090	-1	capHir1	8
CAT	13	5762090	7425471	-1	capHir1	8
CAT	13	7425471	11837327	1	capHir1	8
CAT	13	11837327	16972461	-1	capHir1	8
CAT	13	16972461	65188600	-1	capHir1	8
CAT	13	65188600	66718440	1	capHir1	8
CAT	13	66718440	72411131	1	capHir1	8
CAT	13	72411131	94114079	1	capHir1	8
CAT	13	94114079	106713369	1	capHir1	11
CAT	13	106713369	107874707	1	capHir1	11
CAT	13	107874707	108873319	-1	capHir1	11
CAT	13	108873319	110047169	1	capHir1	11
CAT	13	110047169	110561467	-1	capHir1	11
CAT	13	110561467	111188996	-1	capHir1	11
CAT	13	2462762	5665534	1	equCab2	23
CAT	13	5665534	7669543	1	equCab2	23
CAT	13	7669543	11772500	1	equCab2	23
CAT	13	11772500	15485869	1	equCab2	23
CAT	13	15485869	16071916	-1	equCab2	23
CAT	13	16071916	25021199	1	equCab2	23
CAT	13	25021199	26527830	-1	equCab2	23
CAT	13	26527830	66180620	1	equCab2	23
CAT	13	66180620	108314270	1	equCab2	25
CAT	13	108314270	109623166	-1	equCab2	25
CAT	13	109623166	111188996	1	equCab2	25
CAT	13	2462762	5045935	-1	galGal3	Z
CAT	13	5045935	6494190	1	galGal3	12
CAT	13	6494190	7313541	1	galGal3	12
CAT	13	7313541	11469363	-1	galGal3	Z
CAT	13	11469363	31589262	-1	galGal3	Z
CAT	13	31589262	58181413	1	galGal3	Z
CAT	13	58181413	64099587	1	galGal3	Z
CAT	13	64099587	70054102	1	galGal3	Z
CAT	13	70054102	73573033	-1	galGal3	2
CAT	13	73573033	78859511	1	galGal3	Z
CAT	13	78859511	81605355	1	galGal3	2
CAT	13	81605355	83061811	1	galGal3	Z
CAT	13	83061811	83960414	1	galGal3	Z
CAT	13	83960414	85751347	-1	galGal3	Z
CAT	13	85751347	87020596	-1	galGal3	17
CAT	13	87020596	94026324	1	galGal3	17
CAT	13	94026324	100722355	1	galGal3	17
CAT	13	100722355	107228997	1	galGal3	17
CAT	13	107228997	108571118	-1	galGal3	17
CAT	13	108571118	110034760	1	galGal3	17
CAT	13	110034760	111188996	1	galGal3	17
CAT	13	0	2462762	-1	gorGor3	9
CAT	13	2462762	31589262	-1	gorGor3	9
CAT	13	31589262	70054102	1	gorGor3	9
CAT	13	70054102	111188996	1	gorGor3	9
CAT	13	0	2462762	-1	hg19	9
CAT	13	2462762	31589262	-1	hg19	9
CAT	13	31589262	70054102	1	hg19	9
CAT	13	70054102	111188996	1	hg19	9
CAT	13	0	5191107	-1	mm10	13
CAT	13	5191107	7505214	1	mm10	13
CAT	13	7505214	11681061	-1	mm10	13
CAT	13	11681061	15837837	-1	mm10	13
CAT	13	15837837	19369408	-1	mm10	4
CAT	13	19369408	37168532	1	mm10	19
CAT	13	37168532	58674347	1	mm10	4
CAT	13	58674347	93884631	1	mm10	4
CAT	13	93884631	97956128	1	mm10	2
CAT	13	97956128	101170277	-1	mm10	2
CAT	13	101170277	104590225	1	mm10	2
CAT	13	104590225	106324367	-1	mm10	2
CAT	13	106324367	108503691	1	mm10	2
CAT	13	108503691	109695110	1	mm10	2
CAT	13	109695110	111188996	-1	mm10	2
CAT	13	0	2462762	-1	monDom5	6
CAT	13	2462762	6360855	-1	monDom5	6
CAT	13	6360855	8719759	1	monDom5	6
CAT	13	8719759	9870449	1	monDom5	3
CAT	13	9870449	10894563	1	monDom5	6
CAT	13	10894563	13633242	-1	monDom5	6
CAT	13	13633242	21046742	1	monDom5	6
CAT	13	21046742	22808795	-1	monDom5	6
CAT	13	22808795	34291431	1	monDom5	6
CAT	13	34291431	49932830	1	monDom5	6
CAT	13	49932830	63326384	1	monDom5	6
CAT	13	63326384	64284782	1	monDom5	6
CAT	13	64284782	66468765	-1	monDom5	6
CAT	13	66468765	70777420	1	monDom5	6
CAT	13	70777420	71071998	-1	monDom5	6
CAT	13	71071998	71684351	1	monDom5	6
CAT	13	71684351	73631970	-1	monDom5	6
CAT	13	73631970	77288930	-1	monDom5	6
CAT	13	77288930	78431836	1	monDom5	6
CAT	13	78431836	78654573	-1	monDom5	1
CAT	13	78654573	81769885	1	monDom5	6
CAT	13	81769885	82051026	-1	monDom5	6
CAT	13	82051026	82506237	1	monDom5	6
CAT	13	82506237	83061811	1	monDom5	6
CAT	13	83061811	84255481	1	monDom5	6
CAT	13	84255481	85990984	-1	monDom5	6
CAT	13	85990984	87171992	-1	monDom5	1
CAT	13	87171992	100305527	1	monDom5	1
CAT	13	100305527	107799605	1	monDom5	1
CAT	13	107799605	109236454	-1	monDom5	1
CAT	13	109236454	109961311	1	monDom5	1
CAT	13	109961311	110542244	-1	monDom5	1
CAT	13	110542244	110790774	-1	monDom5	1
CAT	13	110790774	111188996	1	monDom5	1
CAT	13	0	2462762	1	oryCun2	9
CAT	13	2462762	5446792	-1	oryCun2	1
CAT	13	5446792	6260625	-1	oryCun2	1
CAT	13	6260625	6667480	1	oryCun2	1
CAT	13	6667480	7367225	-1	oryCun2	1
CAT	13	7367225	11843271	1	oryCun2	1
CAT	13	11843271	14543452	-1	oryCun2	1
CAT	13	14543452	97098445	-1	oryCun2	1
CAT	13	0	2462762	-1	panTro3	9
CAT	13	2462762	31589262	-1	panTro3	9
CAT	13	31589262	70054102	1	panTro3	9
CAT	13	70054102	111188996	1	panTro3	9
CAT	13	0	2462762	1	ponAbe2	9
CAT	13	2462762	70054102	-1	ponAbe2	9
CAT	13	70054102	111188996	1	ponAbe2	9
CAT	13	0	9870449	-1	rheMac3	15
CAT	13	9870449	13494016	-1	rheMac3	15
CAT	13	13494016	14543452	-1	rheMac3	15
CAT	13	14543452	83061811	-1	rheMac3	15
CAT	13	83061811	97098445	-1	rheMac3	15
CAT	13	97098445	100722355	-1	rheMac3	15
CAT	13	100722355	111188996	-1	rheMac3	15
CAT	13	0	5289646	1	rn4	17
CAT	13	5289646	7716577	-1	rn4	17
CAT	13	7716577	8127657	-1	rn4	17
CAT	13	8127657	11381826	1	rn4	17
CAT	13	11381826	15789239	1	rn4	17
CAT	13	15789239	19525656	-1	rn4	5
CAT	13	19525656	37090126	1	rn4	1
CAT	13	37090126	59592063	1	rn4	5
CAT	13	59592063	93246051	1	rn4	5
CAT	13	93246051	97950149	1	rn4	3
CAT	13	97950149	100722355	-1	rn4	3
CAT	13	100722355	104437363	1	rn4	3
CAT	13	104437363	106155732	-1	rn4	3
CAT	13	106155732	108550318	1	rn4	3
CAT	13	108550318	109785918	1	rn4	3
CAT	13	109785918	111188996	-1	rn4	3
CAT	13	2462762	3013112	-1	susScr2	10
CAT	13	3013112	5486176	1	susScr2	10
CAT	13	5486176	7231799	-1	susScr2	3
CAT	13	7231799	12097659	-1	susScr2	14
CAT	13	12097659	16387617	1	susScr2	10
CAT	13	16387617	58486653	-1	susScr2	1
CAT	13	58486653	65881073	-1	susScr2	10
CAT	13	65881073	110814010	1	susScr2	1
CAT	13	110814010	111188996	-1	susScr2	1
CAT	13	2462762	5045307	-1	bosTau7	8
CAT	13	5045307	6955055	-1	bosTau7	8
CAT	13	6955055	11848887	1	bosTau7	8
CAT	13	11848887	16905920	-1	bosTau7	8
CAT	13	16905920	65249748	-1	bosTau7	8
CAT	13	65249748	66712897	1	bosTau7	8
CAT	13	66712897	72996842	1	bosTau7	8
CAT	13	72996842	93949076	1	bosTau7	8
CAT	13	93949076	107506854	1	bosTau7	11
CAT	13	107506854	108369652	1	bosTau7	11
CAT	13	108369652	108852141	-1	bosTau7	11
CAT	13	108852141	109378365	-1	bosTau7	11
CAT	13	109378365	110796102	1	bosTau7	11
CAT	13	110796102	111188996	1	bosTau7	11
CAT	13	0	2462762	-1	calJac3	1
CAT	13	2462762	2657806	-1	calJac3	1
CAT	13	2657806	5251963	-1	calJac3	1
CAT	13	5251963	7613567	-1	calJac3	1
CAT	13	7613567	8014560	-1	calJac3	1
CAT	13	8014560	9870449	-1	calJac3	1
CAT	13	9870449	11373730	-1	calJac3	1
CAT	13	11373730	11978412	-1	calJac3	1
CAT	13	11978412	13494016	-1	calJac3	1
CAT	13	13494016	13795343	1	calJac3	1
CAT	13	13795343	31181728	1	calJac3	1
CAT	13	31181728	111188996	1	calJac3	1
CAT	13	2462762	5651170	1	canFam2	1
CAT	13	5651170	7642484	1	canFam2	1
CAT	13	7642484	11584135	1	canFam2	1
CAT	13	11584135	37371301	1	canFam2	1
CAT	13	37371301	94189015	1	canFam2	11
CAT	13	94189015	106518838	-1	canFam2	9
CAT	13	106518838	108580975	1	canFam2	9
CAT	13	108580975	111188996	-1	canFam2	9
CAT	13	2462762	2691758	-1	capHir1	8
CAT	13	2691758	3004867	-1	capHir1	8
CAT	13	3004867	3313533	1	capHir1	8
CAT	13	3313533	5762090	-1	capHir1	8
CAT	13	5762090	7425471	-1	capHir1	8
CAT	13	7425471	11837327	1	capHir1	8
CAT	13	11837327	16972461	-1	capHir1	8
CAT	13	16972461	65188600	-1	capHir1	8
CAT	13	65188600	66718440	1	capHir1	8
CAT	13	66718440	72411131	1	capHir1	8
CAT	13	72411131	94114079	1	capHir1	8
CAT	13	94114079	106713369	1	capHir1	11
CAT	13	106713369	107874707	1	capHir1	11
CAT	13	107874707	108873319	-1	capHir1	11
CAT	13	108873319	110047169	1	capHir1	11
CAT	13	110047169	110561467	-1	capHir1	11
CAT	13	110561467	111188996	-1	capHir1	11
CAT	13	2462762	5665534	1	equCab2	23
CAT	13	5665534	7669543	1	equCab2	23
CAT	13	7669543	11772500	1	equCab2	23
CAT	13	11772500	15485869	1	equCab2	23
CAT	13	15485869	16071916	-1	equCab2	23
CAT	13	16071916	25021199	1	equCab2	23
CAT	13	25021199	26527830	-1	equCab2	23
CAT	13	26527830	66180620	1	equCab2	23
CAT	13	66180620	108314270	1	equCab2	25
CAT	13	108314270	109623166	-1	equCab2	25
CAT	13	109623166	111188996	1	equCab2	25
CAT	13	2462762	5045935	-1	galGal3	Z
CAT	13	5045935	6494190	1	galGal3	12
CAT	13	6494190	7313541	1	galGal3	12
CAT	13	7313541	11469363	-1	galGal3	Z
CAT	13	11469363	31589262	-1	galGal3	Z
CAT	13	31589262	58181413	1	galGal3	Z
CAT	13	58181413	64099587	1	galGal3	Z
CAT	13	64099587	70054102	1	galGal3	Z
CAT	13	70054102	73573033	-1	galGal3	2
CAT	13	73573033	78859511	1	galGal3	Z
CAT	13	78859511	81605355	1	galGal3	2
CAT	13	81605355	83061811	1	galGal3	Z
CAT	13	83061811	83960414	1	galGal3	Z
CAT	13	83960414	85751347	-1	galGal3	Z
CAT	13	85751347	87020596	-1	galGal3	17
CAT	13	87020596	94026324	1	galGal3	17
CAT	13	94026324	100722355	1	galGal3	17
CAT	13	100722355	107228997	1	galGal3	17
CAT	13	107228997	108571118	-1	galGal3	17
CAT	13	108571118	110034760	1	galGal3	17
CAT	13	110034760	111188996	1	galGal3	17
CAT	13	0	2462762	-1	gorGor3	9
CAT	13	2462762	31589262	-1	gorGor3	9
CAT	13	31589262	70054102	1	gorGor3	9
CAT	13	70054102	111188996	1	gorGor3	9
CAT	13	0	2462762	-1	hg19	9
CAT	13	2462762	31589262	-1	hg19	9
CAT	13	31589262	70054102	1	hg19	9
CAT	13	70054102	111188996	1	hg19	9
CAT	13	0	5191107	-1	mm10	13
CAT	13	5191107	7505214	1	mm10	13
CAT	13	7505214	11681061	-1	mm10	13
CAT	13	11681061	15837837	-1	mm10	13
CAT	13	15837837	19369408	-1	mm10	4
CAT	13	19369408	37168532	1	mm10	19
CAT	13	37168532	58674347	1	mm10	4
CAT	13	58674347	93884631	1	mm10	4
CAT	13	93884631	97956128	1	mm10	2
CAT	13	97956128	101170277	-1	mm10	2
CAT	13	101170277	104590225	1	mm10	2
CAT	13	104590225	106324367	-1	mm10	2
CAT	13	106324367	108503691	1	mm10	2
CAT	13	108503691	109695110	1	mm10	2
CAT	13	109695110	111188996	-1	mm10	2
CAT	13	0	2462762	-1	monDom5	6
CAT	13	2462762	6360855	-1	monDom5	6
CAT	13	6360855	8719759	1	monDom5	6
CAT	13	8719759	9870449	1	monDom5	3
CAT	13	9870449	10894563	1	monDom5	6
CAT	13	10894563	13633242	-1	monDom5	6
CAT	13	13633242	21046742	1	monDom5	6
CAT	13	21046742	22808795	-1	monDom5	6
CAT	13	22808795	34291431	1	monDom5	6
CAT	13	34291431	49932830	1	monDom5	6
CAT	13	49932830	63326384	1	monDom5	6
CAT	13	63326384	64284782	1	monDom5	6
CAT	13	64284782	66468765	-1	monDom5	6
CAT	13	66468765	70777420	1	monDom5	6
CAT	13	70777420	71071998	-1	monDom5	6
CAT	13	71071998	71684351	1	monDom5	6
CAT	13	71684351	73631970	-1	monDom5	6
CAT	13	73631970	77288930	-1	monDom5	6
CAT	13	77288930	78431836	1	monDom5	6
CAT	13	78431836	78654573	-1	monDom5	1
CAT	13	78654573	81769885	1	monDom5	6
CAT	13	81769885	82051026	-1	monDom5	6
CAT	13	82051026	82506237	1	monDom5	6
CAT	13	82506237	83061811	1	monDom5	6
CAT	13	83061811	84255481	1	monDom5	6
CAT	13	84255481	85990984	-1	monDom5	6
CAT	13	85990984	87171992	-1	monDom5	1
CAT	13	87171992	100305527	1	monDom5	1
CAT	13	100305527	107799605	1	monDom5	1
CAT	13	107799605	109236454	-1	monDom5	1
CAT	13	109236454	109961311	1	monDom5	1
CAT	13	109961311	110542244	-1	monDom5	1
CAT	13	110542244	110790774	-1	monDom5	1
CAT	13	110790774	111188996	1	monDom5	1
CAT	13	0	2462762	1	oryCun2	9
CAT	13	2462762	5446792	-1	oryCun2	1
CAT	13	5446792	6260625	-1	oryCun2	1
CAT	13	6260625	6667480	1	oryCun2	1
CAT	13	6667480	7367225	-1	oryCun2	1
CAT	13	7367225	11843271	1	oryCun2	1
CAT	13	11843271	14543452	-1	oryCun2	1
CAT	13	14543452	97098445	-1	oryCun2	1
CAT	13	0	2462762	-1	panTro3	9
CAT	13	2462762	31589262	-1	panTro3	9
CAT	13	31589262	70054102	1	panTro3	9
CAT	13	70054102	111188996	1	panTro3	9
CAT	13	0	2462762	1	ponAbe2	9
CAT	13	2462762	70054102	-1	ponAbe2	9
CAT	13	70054102	111188996	1	ponAbe2	9
CAT	13	0	9870449	-1	rheMac3	15
CAT	13	9870449	13494016	-1	rheMac3	15
CAT	13	13494016	14543452	-1	rheMac3	15
CAT	13	14543452	83061811	-1	rheMac3	15
CAT	13	83061811	97098445	-1	rheMac3	15
CAT	13	97098445	100722355	-1	rheMac3	15
CAT	13	100722355	111188996	-1	rheMac3	15
CAT	13	0	5289646	1	rn4	17
CAT	13	5289646	7716577	-1	rn4	17
CAT	13	7716577	8127657	-1	rn4	17
CAT	13	8127657	11381826	1	rn4	17
CAT	13	11381826	15789239	1	rn4	17
CAT	13	15789239	19525656	-1	rn4	5
CAT	13	19525656	37090126	1	rn4	1
CAT	13	37090126	59592063	1	rn4	5
CAT	13	59592063	93246051	1	rn4	5
CAT	13	93246051	97950149	1	rn4	3
CAT	13	97950149	100722355	-1	rn4	3
CAT	13	100722355	104437363	1	rn4	3
CAT	13	104437363	106155732	-1	rn4	3
CAT	13	106155732	108550318	1	rn4	3
CAT	13	108550318	109785918	1	rn4	3
CAT	13	109785918	111188996	-1	rn4	3
CAT	13	2462762	3013112	-1	susScr2	10
CAT	13	3013112	5486176	1	susScr2	10
CAT	13	5486176	7231799	-1	susScr2	3
CAT	13	7231799	12097659	-1	susScr2	14
CAT	13	12097659	16387617	1	susScr2	10
CAT	13	16387617	58486653	-1	susScr2	1
CAT	13	58486653	65881073	-1	susScr2	10
CAT	13	65881073	110814010	1	susScr2	1
CAT	13	110814010	111188996	-1	susScr2	1
CAT	13	2462762	5045307	-1	bosTau7	8
CAT	13	5045307	6955055	-1	bosTau7	8
CAT	13	6955055	11848887	1	bosTau7	8
CAT	13	11848887	16905920	-1	bosTau7	8
CAT	13	16905920	65249748	-1	bosTau7	8
CAT	13	65249748	66712897	1	bosTau7	8
CAT	13	66712897	72996842	1	bosTau7	8
CAT	13	72996842	93949076	1	bosTau7	8
CAT	13	93949076	107506854	1	bosTau7	11
CAT	13	107506854	108369652	1	bosTau7	11
CAT	13	108369652	108852141	-1	bosTau7	11
CAT	13	108852141	109378365	-1	bosTau7	11
CAT	13	109378365	110796102	1	bosTau7	11
CAT	13	110796102	111188996	1	bosTau7	11
CAT	13	0	2462762	-1	calJac3	1
CAT	13	2462762	2657806	-1	calJac3	1
CAT	13	2657806	5251963	-1	calJac3	1
CAT	13	5251963	7613567	-1	calJac3	1
CAT	13	7613567	8014560	-1	calJac3	1
CAT	13	8014560	9870449	-1	calJac3	1
CAT	13	9870449	11373730	-1	calJac3	1
CAT	13	11373730	11978412	-1	calJac3	1
CAT	13	11978412	13494016	-1	calJac3	1
CAT	13	13494016	13795343	1	calJac3	1
CAT	13	13795343	31181728	1	calJac3	1
CAT	13	31181728	111188996	1	calJac3	1
CAT	13	2462762	5651170	1	canFam2	1
CAT	13	5651170	7642484	1	canFam2	1
CAT	13	7642484	11584135	1	canFam2	1
CAT	13	11584135	37371301	1	canFam2	1
CAT	13	37371301	94189015	1	canFam2	11
CAT	13	94189015	106518838	-1	canFam2	9
CAT	13	106518838	108580975	1	canFam2	9
CAT	13	108580975	111188996	-1	canFam2	9
CAT	13	2462762	2691758	-1	capHir1	8
CAT	13	2691758	3004867	-1	capHir1	8
CAT	13	3004867	3313533	1	capHir1	8
CAT	13	3313533	5762090	-1	capHir1	8
CAT	13	5762090	7425471	-1	capHir1	8
CAT	13	7425471	11837327	1	capHir1	8
CAT	13	11837327	16972461	-1	capHir1	8
CAT	13	16972461	65188600	-1	capHir1	8
CAT	13	65188600	66718440	1	capHir1	8
CAT	13	66718440	72411131	1	capHir1	8
CAT	13	72411131	94114079	1	capHir1	8
CAT	13	94114079	106713369	1	capHir1	11
CAT	13	106713369	107874707	1	capHir1	11
CAT	13	107874707	108873319	-1	capHir1	11
CAT	13	108873319	110047169	1	capHir1	11
CAT	13	110047169	110561467	-1	capHir1	11
CAT	13	110561467	111188996	-1	capHir1	11
CAT	13	2462762	5665534	1	equCab2	23
CAT	13	5665534	7669543	1	equCab2	23
CAT	13	7669543	11772500	1	equCab2	23
CAT	13	11772500	15485869	1	equCab2	23
CAT	13	15485869	16071916	-1	equCab2	23
CAT	13	16071916	25021199	1	equCab2	23
CAT	13	25021199	26527830	-1	equCab2	23
CAT	13	26527830	66180620	1	equCab2	23
CAT	13	66180620	108314270	1	equCab2	25
CAT	13	108314270	109623166	-1	equCab2	25
CAT	13	109623166	111188996	1	equCab2	25
CAT	13	2462762	5045935	-1	galGal3	Z
CAT	13	5045935	6494190	1	galGal3	12
CAT	13	6494190	7313541	1	galGal3	12
CAT	13	7313541	11469363	-1	galGal3	Z
CAT	13	11469363	31589262	-1	galGal3	Z
CAT	13	31589262	58181413	1	galGal3	Z
CAT	13	58181413	64099587	1	galGal3	Z
CAT	13	64099587	70054102	1	galGal3	Z
CAT	13	70054102	73573033	-1	galGal3	2
CAT	13	73573033	78859511	1	galGal3	Z
CAT	13	78859511	81605355	1	galGal3	2
CAT	13	81605355	83061811	1	galGal3	Z
CAT	13	83061811	83960414	1	galGal3	Z
CAT	13	83960414	85751347	-1	galGal3	Z
CAT	13	85751347	87020596	-1	galGal3	17
CAT	13	87020596	94026324	1	galGal3	17
CAT	13	94026324	100722355	1	galGal3	17
CAT	13	100722355	107228997	1	galGal3	17
CAT	13	107228997	108571118	-1	galGal3	17
CAT	13	108571118	110034760	1	galGal3	17
CAT	13	110034760	111188996	1	galGal3	17
CAT	13	0	2462762	-1	gorGor3	9
CAT	13	2462762	31589262	-1	gorGor3	9
CAT	13	31589262	70054102	1	gorGor3	9
CAT	13	70054102	111188996	1	gorGor3	9
CAT	13	0	2462762	-1	hg19	9
CAT	13	2462762	31589262	-1	hg19	9
CAT	13	31589262	70054102	1	hg19	9
CAT	13	70054102	111188996	1	hg19	9
CAT	13	0	5191107	-1	mm10	13
CAT	13	5191107	7505214	1	mm10	13
CAT	13	7505214	11681061	-1	mm10	13
CAT	13	11681061	15837837	-1	mm10	13
CAT	13	15837837	19369408	-1	mm10	4
CAT	13	19369408	37168532	1	mm10	19
CAT	13	37168532	58674347	1	mm10	4
CAT	13	58674347	93884631	1	mm10	4
CAT	13	93884631	97956128	1	mm10	2
CAT	13	97956128	101170277	-1	mm10	2
CAT	13	101170277	104590225	1	mm10	2
CAT	13	104590225	106324367	-1	mm10	2
CAT	13	106324367	108503691	1	mm10	2
CAT	13	108503691	109695110	1	mm10	2
CAT	13	109695110	111188996	-1	mm10	2
CAT	13	0	2462762	-1	monDom5	6
CAT	13	2462762	6360855	-1	monDom5	6
CAT	13	6360855	8719759	1	monDom5	6
CAT	13	8719759	9870449	1	monDom5	3
CAT	13	9870449	10894563	1	monDom5	6
CAT	13	10894563	13633242	-1	monDom5	6
CAT	13	13633242	21046742	1	monDom5	6
CAT	13	21046742	22808795	-1	monDom5	6
CAT	13	22808795	34291431	1	monDom5	6
CAT	13	34291431	49932830	1	monDom5	6
CAT	13	49932830	63326384	1	monDom5	6
CAT	13	63326384	64284782	1	monDom5	6
CAT	13	64284782	66468765	-1	monDom5	6
CAT	13	66468765	70777420	1	monDom5	6
CAT	13	70777420	71071998	-1	monDom5	6
CAT	13	71071998	71684351	1	monDom5	6
CAT	13	71684351	73631970	-1	monDom5	6
CAT	13	73631970	77288930	-1	monDom5	6
CAT	13	77288930	78431836	1	monDom5	6
CAT	13	78431836	78654573	-1	monDom5	1
CAT	13	78654573	81769885	1	monDom5	6
CAT	13	81769885	82051026	-1	monDom5	6
CAT	13	82051026	82506237	1	monDom5	6
CAT	13	82506237	83061811	1	monDom5	6
CAT	13	83061811	84255481	1	monDom5	6
CAT	13	84255481	85990984	-1	monDom5	6
CAT	13	85990984	87171992	-1	monDom5	1
CAT	13	87171992	100305527	1	monDom5	1
CAT	13	100305527	107799605	1	monDom5	1
CAT	13	107799605	109236454	-1	monDom5	1
CAT	13	109236454	109961311	1	monDom5	1
CAT	13	109961311	110542244	-1	monDom5	1
CAT	13	110542244	110790774	-1	monDom5	1
CAT	13	110790774	111188996	1	monDom5	1
CAT	13	0	2462762	1	oryCun2	9
CAT	13	2462762	5446792	-1	oryCun2	1
CAT	13	5446792	6260625	-1	oryCun2	1
CAT	13	6260625	6667480	1	oryCun2	1
CAT	13	6667480	7367225	-1	oryCun2	1
CAT	13	7367225	11843271	1	oryCun2	1
CAT	13	11843271	14543452	-1	oryCun2	1
CAT	13	14543452	97098445	-1	oryCun2	1
CAT	13	0	2462762	-1	panTro3	9
CAT	13	2462762	31589262	-1	panTro3	9
CAT	13	31589262	70054102	1	panTro3	9
CAT	13	70054102	111188996	1	panTro3	9
CAT	13	0	2462762	1	ponAbe2	9
CAT	13	2462762	70054102	-1	ponAbe2	9
CAT	13	70054102	111188996	1	ponAbe2	9
CAT	13	0	9870449	-1	rheMac3	15
CAT	13	9870449	13494016	-1	rheMac3	15
CAT	13	13494016	14543452	-1	rheMac3	15
CAT	13	14543452	83061811	-1	rheMac3	15
CAT	13	83061811	97098445	-1	rheMac3	15
CAT	13	97098445	100722355	-1	rheMac3	15
CAT	13	100722355	111188996	-1	rheMac3	15
CAT	13	0	5289646	1	rn4	17
CAT	13	5289646	7716577	-1	rn4	17
CAT	13	7716577	8127657	-1	rn4	17
CAT	13	8127657	11381826	1	rn4	17
CAT	13	11381826	15789239	1	rn4	17
CAT	13	15789239	19525656	-1	rn4	5
CAT	13	19525656	37090126	1	rn4	1
CAT	13	37090126	59592063	1	rn4	5
CAT	13	59592063	93246051	1	rn4	5
CAT	13	93246051	97950149	1	rn4	3
CAT	13	97950149	100722355	-1	rn4	3
CAT	13	100722355	104437363	1	rn4	3
CAT	13	104437363	106155732	-1	rn4	3
CAT	13	106155732	108550318	1	rn4	3
CAT	13	108550318	109785918	1	rn4	3
CAT	13	109785918	111188996	-1	rn4	3
CAT	13	2462762	3013112	-1	susScr2	10
CAT	13	3013112	5486176	1	susScr2	10
CAT	13	5486176	7231799	-1	susScr2	3
CAT	13	7231799	12097659	-1	susScr2	14
CAT	13	12097659	16387617	1	susScr2	10
CAT	13	16387617	58486653	-1	susScr2	1
CAT	13	58486653	65881073	-1	susScr2	10
CAT	13	65881073	110814010	1	susScr2	1
CAT	13	110814010	111188996	-1	susScr2	1
CAT	13	2462762	5045307	-1	bosTau7	8
CAT	13	5045307	6955055	-1	bosTau7	8
CAT	13	6955055	11848887	1	bosTau7	8
CAT	13	11848887	16905920	-1	bosTau7	8
CAT	13	16905920	65249748	-1	bosTau7	8
CAT	13	65249748	66712897	1	bosTau7	8
CAT	13	66712897	72996842	1	bosTau7	8
CAT	13	72996842	93949076	1	bosTau7	8
CAT	13	93949076	107506854	1	bosTau7	11
CAT	13	107506854	108369652	1	bosTau7	11
CAT	13	108369652	108852141	-1	bosTau7	11
CAT	13	108852141	109378365	-1	bosTau7	11
CAT	13	109378365	110796102	1	bosTau7	11
CAT	13	110796102	111188996	1	bosTau7	11
CAT	13	0	2462762	-1	calJac3	1
CAT	13	2462762	2657806	-1	calJac3	1
CAT	13	2657806	5251963	-1	calJac3	1
CAT	13	5251963	7613567	-1	calJac3	1
CAT	13	7613567	8014560	-1	calJac3	1
CAT	13	8014560	9870449	-1	calJac3	1
CAT	13	9870449	11373730	-1	calJac3	1
CAT	13	11373730	11978412	-1	calJac3	1
CAT	13	11978412	13494016	-1	calJac3	1
CAT	13	13494016	13795343	1	calJac3	1
CAT	13	13795343	31181728	1	calJac3	1
CAT	13	31181728	111188996	1	calJac3	1
CAT	13	2462762	5651170	1	canFam2	1
CAT	13	5651170	7642484	1	canFam2	1
CAT	13	7642484	11584135	1	canFam2	1
CAT	13	11584135	37371301	1	canFam2	1
CAT	13	37371301	94189015	1	canFam2	11
CAT	13	94189015	106518838	-1	canFam2	9
CAT	13	106518838	108580975	1	canFam2	9
CAT	13	108580975	111188996	-1	canFam2	9
CAT	13	2462762	2691758	-1	capHir1	8
CAT	13	2691758	3004867	-1	capHir1	8
CAT	13	3004867	3313533	1	capHir1	8
CAT	13	3313533	5762090	-1	capHir1	8
CAT	13	5762090	7425471	-1	capHir1	8
CAT	13	7425471	11837327	1	capHir1	8
CAT	13	11837327	16972461	-1	capHir1	8
CAT	13	16972461	65188600	-1	capHir1	8
CAT	13	65188600	66718440	1	capHir1	8
CAT	13	66718440	72411131	1	capHir1	8
CAT	13	72411131	94114079	1	capHir1	8
CAT	13	94114079	106713369	1	capHir1	11
CAT	13	106713369	107874707	1	capHir1	11
CAT	13	107874707	108873319	-1	capHir1	11
CAT	13	108873319	110047169	1	capHir1	11
CAT	13	110047169	110561467	-1	capHir1	11
CAT	13	110561467	111188996	-1	capHir1	11
CAT	13	2462762	5665534	1	equCab2	23
CAT	13	5665534	7669543	1	equCab2	23
CAT	13	7669543	11772500	1	equCab2	23
CAT	13	11772500	15485869	1	equCab2	23
CAT	13	15485869	16071916	-1	equCab2	23
CAT	13	16071916	25021199	1	equCab2	23
CAT	13	25021199	26527830	-1	equCab2	23
CAT	13	26527830	66180620	1	equCab2	23
CAT	13	66180620	108314270	1	equCab2	25
CAT	13	108314270	109623166	-1	equCab2	25
CAT	13	109623166	111188996	1	equCab2	25
CAT	13	2462762	5045935	-1	galGal3	Z
CAT	13	5045935	6494190	1	galGal3	12
CAT	13	6494190	7313541	1	galGal3	12
CAT	13	7313541	11469363	-1	galGal3	Z
CAT	13	11469363	31589262	-1	galGal3	Z
CAT	13	31589262	58181413	1	galGal3	Z
CAT	13	58181413	64099587	1	galGal3	Z
CAT	13	64099587	70054102	1	galGal3	Z
CAT	13	70054102	73573033	-1	galGal3	2
CAT	13	73573033	78859511	1	galGal3	Z
CAT	13	78859511	81605355	1	galGal3	2
CAT	13	81605355	83061811	1	galGal3	Z
CAT	13	83061811	83960414	1	galGal3	Z
CAT	13	83960414	85751347	-1	galGal3	Z
CAT	13	85751347	87020596	-1	galGal3	17
CAT	13	87020596	94026324	1	galGal3	17
CAT	13	94026324	100722355	1	galGal3	17
CAT	13	100722355	107228997	1	galGal3	17
CAT	13	107228997	108571118	-1	galGal3	17
CAT	13	108571118	110034760	1	galGal3	17
CAT	13	110034760	111188996	1	galGal3	17
CAT	13	0	2462762	-1	gorGor3	9
CAT	13	2462762	31589262	-1	gorGor3	9
CAT	13	31589262	70054102	1	gorGor3	9
CAT	13	70054102	111188996	1	gorGor3	9
CAT	13	0	2462762	-1	hg19	9
CAT	13	2462762	31589262	-1	hg19	9
CAT	13	31589262	70054102	1	hg19	9
CAT	13	70054102	111188996	1	hg19	9
CAT	13	0	5191107	-1	mm10	13
CAT	13	5191107	7505214	1	mm10	13
CAT	13	7505214	11681061	-1	mm10	13
CAT	13	11681061	15837837	-1	mm10	13
CAT	13	15837837	19369408	-1	mm10	4
CAT	13	19369408	37168532	1	mm10	19
CAT	13	37168532	58674347	1	mm10	4
CAT	13	58674347	93884631	1	mm10	4
CAT	13	93884631	97956128	1	mm10	2
CAT	13	97956128	101170277	-1	mm10	2
CAT	13	101170277	104590225	1	mm10	2
CAT	13	104590225	106324367	-1	mm10	2
CAT	13	106324367	108503691	1	mm10	2
CAT	13	108503691	109695110	1	mm10	2
CAT	13	109695110	111188996	-1	mm10	2
CAT	13	0	2462762	-1	monDom5	6
CAT	13	2462762	6360855	-1	monDom5	6
CAT	13	6360855	8719759	1	monDom5	6
CAT	13	8719759	9870449	1	monDom5	3
CAT	13	9870449	10894563	1	monDom5	6
CAT	13	10894563	13633242	-1	monDom5	6
CAT	13	13633242	21046742	1	monDom5	6
CAT	13	21046742	22808795	-1	monDom5	6
CAT	13	22808795	34291431	1	monDom5	6
CAT	13	34291431	49932830	1	monDom5	6
CAT	13	49932830	63326384	1	monDom5	6
CAT	13	63326384	64284782	1	monDom5	6
CAT	13	64284782	66468765	-1	monDom5	6
CAT	13	66468765	70777420	1	monDom5	6
CAT	13	70777420	71071998	-1	monDom5	6
CAT	13	71071998	71684351	1	monDom5	6
CAT	13	71684351	73631970	-1	monDom5	6
CAT	13	73631970	77288930	-1	monDom5	6
CAT	13	77288930	78431836	1	monDom5	6
CAT	13	78431836	78654573	-1	monDom5	1
CAT	13	78654573	81769885	1	monDom5	6
CAT	13	81769885	82051026	-1	monDom5	6
CAT	13	82051026	82506237	1	monDom5	6
CAT	13	82506237	83061811	1	monDom5	6
CAT	13	83061811	84255481	1	monDom5	6
CAT	13	84255481	85990984	-1	monDom5	6
CAT	13	85990984	87171992	-1	monDom5	1
CAT	13	87171992	100305527	1	monDom5	1
CAT	13	100305527	107799605	1	monDom5	1
CAT	13	107799605	109236454	-1	monDom5	1
CAT	13	109236454	109961311	1	monDom5	1
CAT	13	109961311	110542244	-1	monDom5	1
CAT	13	110542244	110790774	-1	monDom5	1
CAT	13	110790774	111188996	1	monDom5	1
CAT	13	0	2462762	1	oryCun2	9
CAT	13	2462762	5446792	-1	oryCun2	1
CAT	13	5446792	6260625	-1	oryCun2	1
CAT	13	6260625	6667480	1	oryCun2	1
CAT	13	6667480	7367225	-1	oryCun2	1
CAT	13	7367225	11843271	1	oryCun2	1
CAT	13	11843271	14543452	-1	oryCun2	1
CAT	13	14543452	97098445	-1	oryCun2	1
CAT	13	0	2462762	-1	panTro3	9
CAT	13	2462762	31589262	-1	panTro3	9
CAT	13	31589262	70054102	1	panTro3	9
CAT	13	70054102	111188996	1	panTro3	9
CAT	13	0	2462762	1	ponAbe2	9
CAT	13	2462762	70054102	-1	ponAbe2	9
CAT	13	70054102	111188996	1	ponAbe2	9
CAT	13	0	9870449	-1	rheMac3	15
CAT	13	9870449	13494016	-1	rheMac3	15
CAT	13	13494016	14543452	-1	rheMac3	15
CAT	13	14543452	83061811	-1	rheMac3	15
CAT	13	83061811	97098445	-1	rheMac3	15
CAT	13	97098445	100722355	-1	rheMac3	15
CAT	13	100722355	111188996	-1	rheMac3	15
CAT	13	0	5289646	1	rn4	17
CAT	13	5289646	7716577	-1	rn4	17
CAT	13	7716577	8127657	-1	rn4	17
CAT	13	8127657	11381826	1	rn4	17
CAT	13	11381826	15789239	1	rn4	17
CAT	13	15789239	19525656	-1	rn4	5
CAT	13	19525656	37090126	1	rn4	1
CAT	13	37090126	59592063	1	rn4	5
CAT	13	59592063	93246051	1	rn4	5
CAT	13	93246051	97950149	1	rn4	3
CAT	13	97950149	100722355	-1	rn4	3
CAT	13	100722355	104437363	1	rn4	3
CAT	13	104437363	106155732	-1	rn4	3
CAT	13	106155732	108550318	1	rn4	3
CAT	13	108550318	109785918	1	rn4	3
CAT	13	109785918	111188996	-1	rn4	3
CAT	13	2462762	3013112	-1	susScr2	10
CAT	13	3013112	5486176	1	susScr2	10
CAT	13	5486176	7231799	-1	susScr2	3
CAT	13	7231799	12097659	-1	susScr2	14
CAT	13	12097659	16387617	1	susScr2	10
CAT	13	16387617	58486653	-1	susScr2	1
CAT	13	58486653	65881073	-1	susScr2	10
CAT	13	65881073	110814010	1	susScr2	1
CAT	13	110814010	111188996	-1	susScr2	1
CAT	13	2462762	5045307	-1	bosTau7	8
CAT	13	5045307	6955055	-1	bosTau7	8
CAT	13	6955055	11848887	1	bosTau7	8
CAT	13	11848887	16905920	-1	bosTau7	8
CAT	13	16905920	65249748	-1	bosTau7	8
CAT	13	65249748	66712897	1	bosTau7	8
CAT	13	66712897	72996842	1	bosTau7	8
CAT	13	72996842	93949076	1	bosTau7	8
CAT	13	93949076	107506854	1	bosTau7	11
CAT	13	107506854	108369652	1	bosTau7	11
CAT	13	108369652	108852141	-1	bosTau7	11
CAT	13	108852141	109378365	-1	bosTau7	11
CAT	13	109378365	110796102	1	bosTau7	11
CAT	13	110796102	111188996	1	bosTau7	11
CAT	13	0	2462762	-1	calJac3	1
CAT	13	2462762	2657806	-1	calJac3	1
CAT	13	2657806	5251963	-1	calJac3	1
CAT	13	5251963	7613567	-1	calJac3	1
CAT	13	7613567	8014560	-1	calJac3	1
CAT	13	8014560	9870449	-1	calJac3	1
CAT	13	9870449	11373730	-1	calJac3	1
CAT	13	11373730	11978412	-1	calJac3	1
CAT	13	11978412	13494016	-1	calJac3	1
CAT	13	13494016	13795343	1	calJac3	1
CAT	13	13795343	31181728	1	calJac3	1
CAT	13	31181728	111188996	1	calJac3	1
CAT	13	2462762	5651170	1	canFam2	1
CAT	13	5651170	7642484	1	canFam2	1
CAT	13	7642484	11584135	1	canFam2	1
CAT	13	11584135	37371301	1	canFam2	1
CAT	13	37371301	94189015	1	canFam2	11
CAT	13	94189015	106518838	-1	canFam2	9
CAT	13	106518838	108580975	1	canFam2	9
CAT	13	108580975	111188996	-1	canFam2	9
CAT	13	2462762	2691758	-1	capHir1	8
CAT	13	2691758	3004867	-1	capHir1	8
CAT	13	3004867	3313533	1	capHir1	8
CAT	13	3313533	5762090	-1	capHir1	8
CAT	13	5762090	7425471	-1	capHir1	8
CAT	13	7425471	11837327	1	capHir1	8
CAT	13	11837327	16972461	-1	capHir1	8
CAT	13	16972461	65188600	-1	capHir1	8
CAT	13	65188600	66718440	1	capHir1	8
CAT	13	66718440	72411131	1	capHir1	8
CAT	13	72411131	94114079	1	capHir1	8
CAT	13	94114079	106713369	1	capHir1	11
CAT	13	106713369	107874707	1	capHir1	11
CAT	13	107874707	108873319	-1	capHir1	11
CAT	13	108873319	110047169	1	capHir1	11
CAT	13	110047169	110561467	-1	capHir1	11
CAT	13	110561467	111188996	-1	capHir1	11
CAT	13	2462762	5665534	1	equCab2	23
CAT	13	5665534	7669543	1	equCab2	23
CAT	13	7669543	11772500	1	equCab2	23
CAT	13	11772500	15485869	1	equCab2	23
CAT	13	15485869	16071916	-1	equCab2	23
CAT	13	16071916	25021199	1	equCab2	23
CAT	13	25021199	26527830	-1	equCab2	23
CAT	13	26527830	66180620	1	equCab2	23
CAT	13	66180620	108314270	1	equCab2	25
CAT	13	108314270	109623166	-1	equCab2	25
CAT	13	109623166	111188996	1	equCab2	25
CAT	13	2462762	5045935	-1	galGal3	Z
CAT	13	5045935	6494190	1	galGal3	12
CAT	13	6494190	7313541	1	galGal3	12
CAT	13	7313541	11469363	-1	galGal3	Z
CAT	13	11469363	31589262	-1	galGal3	Z
CAT	13	31589262	58181413	1	galGal3	Z
CAT	13	58181413	64099587	1	galGal3	Z
CAT	13	64099587	70054102	1	galGal3	Z
CAT	13	70054102	73573033	-1	galGal3	2
CAT	13	73573033	78859511	1	galGal3	Z
CAT	13	78859511	81605355	1	galGal3	2
CAT	13	81605355	83061811	1	galGal3	Z
CAT	13	83061811	83960414	1	galGal3	Z
CAT	13	83960414	85751347	-1	galGal3	Z
CAT	13	85751347	87020596	-1	galGal3	17
CAT	13	87020596	94026324	1	galGal3	17
CAT	13	94026324	100722355	1	galGal3	17
CAT	13	100722355	107228997	1	galGal3	17
CAT	13	107228997	108571118	-1	galGal3	17
CAT	13	108571118	110034760	1	galGal3	17
CAT	13	110034760	111188996	1	galGal3	17
CAT	13	0	2462762	-1	gorGor3	9
CAT	13	2462762	31589262	-1	gorGor3	9
CAT	13	31589262	70054102	1	gorGor3	9
CAT	13	70054102	111188996	1	gorGor3	9
CAT	13	0	2462762	-1	hg19	9
CAT	13	2462762	31589262	-1	hg19	9
CAT	13	31589262	70054102	1	hg19	9
CAT	13	70054102	111188996	1	hg19	9
CAT	13	0	5191107	-1	mm10	13
CAT	13	5191107	7505214	1	mm10	13
CAT	13	7505214	11681061	-1	mm10	13
CAT	13	11681061	15837837	-1	mm10	13
CAT	13	15837837	19369408	-1	mm10	4
CAT	13	19369408	37168532	1	mm10	19
CAT	13	37168532	58674347	1	mm10	4
CAT	13	58674347	93884631	1	mm10	4
CAT	13	93884631	97956128	1	mm10	2
CAT	13	97956128	101170277	-1	mm10	2
CAT	13	101170277	104590225	1	mm10	2
CAT	13	104590225	106324367	-1	mm10	2
CAT	13	106324367	108503691	1	mm10	2
CAT	13	108503691	109695110	1	mm10	2
CAT	13	109695110	111188996	-1	mm10	2
CAT	13	0	2462762	-1	monDom5	6
CAT	13	2462762	6360855	-1	monDom5	6
CAT	13	6360855	8719759	1	monDom5	6
CAT	13	8719759	9870449	1	monDom5	3
CAT	13	9870449	10894563	1	monDom5	6
CAT	13	10894563	13633242	-1	monDom5	6
CAT	13	13633242	21046742	1	monDom5	6
CAT	13	21046742	22808795	-1	monDom5	6
CAT	13	22808795	34291431	1	monDom5	6
CAT	13	34291431	49932830	1	monDom5	6
CAT	13	49932830	63326384	1	monDom5	6
CAT	13	63326384	64284782	1	monDom5	6
CAT	13	64284782	66468765	-1	monDom5	6
CAT	13	66468765	70777420	1	monDom5	6
CAT	13	70777420	71071998	-1	monDom5	6
CAT	13	71071998	71684351	1	monDom5	6
CAT	13	71684351	73631970	-1	monDom5	6
CAT	13	73631970	77288930	-1	monDom5	6
CAT	13	77288930	78431836	1	monDom5	6
CAT	13	78431836	78654573	-1	monDom5	1
CAT	13	78654573	81769885	1	monDom5	6
CAT	13	81769885	82051026	-1	monDom5	6
CAT	13	82051026	82506237	1	monDom5	6
CAT	13	82506237	83061811	1	monDom5	6
CAT	13	83061811	84255481	1	monDom5	6
CAT	13	84255481	85990984	-1	monDom5	6
CAT	13	85990984	87171992	-1	monDom5	1
CAT	13	87171992	100305527	1	monDom5	1
CAT	13	100305527	107799605	1	monDom5	1
CAT	13	107799605	109236454	-1	monDom5	1
CAT	13	109236454	109961311	1	monDom5	1
CAT	13	109961311	110542244	-1	monDom5	1
CAT	13	110542244	110790774	-1	monDom5	1
CAT	13	110790774	111188996	1	monDom5	1
CAT	13	0	2462762	1	oryCun2	9
CAT	13	2462762	5446792	-1	oryCun2	1
CAT	13	5446792	6260625	-1	oryCun2	1
CAT	13	6260625	6667480	1	oryCun2	1
CAT	13	6667480	7367225	-1	oryCun2	1
CAT	13	7367225	11843271	1	oryCun2	1
CAT	13	11843271	14543452	-1	oryCun2	1
CAT	13	14543452	97098445	-1	oryCun2	1
CAT	13	0	2462762	-1	panTro3	9
CAT	13	2462762	31589262	-1	panTro3	9
CAT	13	31589262	70054102	1	panTro3	9
CAT	13	70054102	111188996	1	panTro3	9
CAT	13	0	2462762	1	ponAbe2	9
CAT	13	2462762	70054102	-1	ponAbe2	9
CAT	13	70054102	111188996	1	ponAbe2	9
CAT	13	0	9870449	-1	rheMac3	15
CAT	13	9870449	13494016	-1	rheMac3	15
CAT	13	13494016	14543452	-1	rheMac3	15
CAT	13	14543452	83061811	-1	rheMac3	15
CAT	13	83061811	97098445	-1	rheMac3	15
CAT	13	97098445	100722355	-1	rheMac3	15
CAT	13	100722355	111188996	-1	rheMac3	15
CAT	13	0	5289646	1	rn4	17
CAT	13	5289646	7716577	-1	rn4	17
CAT	13	7716577	8127657	-1	rn4	17
CAT	13	8127657	11381826	1	rn4	17
CAT	13	11381826	15789239	1	rn4	17
CAT	13	15789239	19525656	-1	rn4	5
CAT	13	19525656	37090126	1	rn4	1
CAT	13	37090126	59592063	1	rn4	5
CAT	13	59592063	93246051	1	rn4	5
CAT	13	93246051	97950149	1	rn4	3
CAT	13	97950149	100722355	-1	rn4	3
CAT	13	100722355	104437363	1	rn4	3
CAT	13	104437363	106155732	-1	rn4	3
CAT	13	106155732	108550318	1	rn4	3
CAT	13	108550318	109785918	1	rn4	3
CAT	13	109785918	111188996	-1	rn4	3
CAT	13	2462762	3013112	-1	susScr2	10
CAT	13	3013112	5486176	1	susScr2	10
CAT	13	5486176	7231799	-1	susScr2	3
CAT	13	7231799	12097659	-1	susScr2	14
CAT	13	12097659	16387617	1	susScr2	10
CAT	13	16387617	58486653	-1	susScr2	1
CAT	13	58486653	65881073	-1	susScr2	10
CAT	13	65881073	110814010	1	susScr2	1
CAT	13	110814010	111188996	-1	susScr2	1
CAT	13	2462762	5045307	-1	bosTau7	8
CAT	13	5045307	6955055	-1	bosTau7	8
CAT	13	6955055	11848887	1	bosTau7	8
CAT	13	11848887	16905920	-1	bosTau7	8
CAT	13	16905920	65249748	-1	bosTau7	8
CAT	13	65249748	66712897	1	bosTau7	8
CAT	13	66712897	72996842	1	bosTau7	8
CAT	13	72996842	93949076	1	bosTau7	8
CAT	13	93949076	107506854	1	bosTau7	11
CAT	13	107506854	108369652	1	bosTau7	11
CAT	13	108369652	108852141	-1	bosTau7	11
CAT	13	108852141	109378365	-1	bosTau7	11
CAT	13	109378365	110796102	1	bosTau7	11
CAT	13	110796102	111188996	1	bosTau7	11
CAT	13	0	2462762	-1	calJac3	1
CAT	13	2462762	2657806	-1	calJac3	1
CAT	13	2657806	5251963	-1	calJac3	1
CAT	13	5251963	7613567	-1	calJac3	1
CAT	13	7613567	8014560	-1	calJac3	1
CAT	13	8014560	9870449	-1	calJac3	1
CAT	13	9870449	11373730	-1	calJac3	1
CAT	13	11373730	11978412	-1	calJac3	1
CAT	13	11978412	13494016	-1	calJac3	1
CAT	13	13494016	13795343	1	calJac3	1
CAT	13	13795343	31181728	1	calJac3	1
CAT	13	31181728	111188996	1	calJac3	1
CAT	13	2462762	5651170	1	canFam2	1
CAT	13	5651170	7642484	1	canFam2	1
CAT	13	7642484	11584135	1	canFam2	1
CAT	13	11584135	37371301	1	canFam2	1
CAT	13	37371301	94189015	1	canFam2	11
CAT	13	94189015	106518838	-1	canFam2	9
CAT	13	106518838	108580975	1	canFam2	9
CAT	13	108580975	111188996	-1	canFam2	9
CAT	13	2462762	2691758	-1	capHir1	8
CAT	13	2691758	3004867	-1	capHir1	8
CAT	13	3004867	3313533	1	capHir1	8
CAT	13	3313533	5762090	-1	capHir1	8
CAT	13	5762090	7425471	-1	capHir1	8
CAT	13	7425471	11837327	1	capHir1	8
CAT	13	11837327	16972461	-1	capHir1	8
CAT	13	16972461	65188600	-1	capHir1	8
CAT	13	65188600	66718440	1	capHir1	8
CAT	13	66718440	72411131	1	capHir1	8
CAT	13	72411131	94114079	1	capHir1	8
CAT	13	94114079	106713369	1	capHir1	11
CAT	13	106713369	107874707	1	capHir1	11
CAT	13	107874707	108873319	-1	capHir1	11
CAT	13	108873319	110047169	1	capHir1	11
CAT	13	110047169	110561467	-1	capHir1	11
CAT	13	110561467	111188996	-1	capHir1	11
CAT	13	2462762	5665534	1	equCab2	23
CAT	13	5665534	7669543	1	equCab2	23
CAT	13	7669543	11772500	1	equCab2	23
CAT	13	11772500	15485869	1	equCab2	23
CAT	13	15485869	16071916	-1	equCab2	23
CAT	13	16071916	25021199	1	equCab2	23
CAT	13	25021199	26527830	-1	equCab2	23
CAT	13	26527830	66180620	1	equCab2	23
CAT	13	66180620	108314270	1	equCab2	25
CAT	13	108314270	109623166	-1	equCab2	25
CAT	13	109623166	111188996	1	equCab2	25
CAT	13	2462762	5045935	-1	galGal3	Z
CAT	13	5045935	6494190	1	galGal3	12
CAT	13	6494190	7313541	1	galGal3	12
CAT	13	7313541	11469363	-1	galGal3	Z
CAT	13	11469363	31589262	-1	galGal3	Z
CAT	13	31589262	58181413	1	galGal3	Z
CAT	13	58181413	64099587	1	galGal3	Z
CAT	13	64099587	70054102	1	galGal3	Z
CAT	13	70054102	73573033	-1	galGal3	2
CAT	13	73573033	78859511	1	galGal3	Z
CAT	13	78859511	81605355	1	galGal3	2
CAT	13	81605355	83061811	1	galGal3	Z
CAT	13	83061811	83960414	1	galGal3	Z
CAT	13	83960414	85751347	-1	galGal3	Z
CAT	13	85751347	87020596	-1	galGal3	17
CAT	13	87020596	94026324	1	galGal3	17
CAT	13	94026324	100722355	1	galGal3	17
CAT	13	100722355	107228997	1	galGal3	17
CAT	13	107228997	108571118	-1	galGal3	17
CAT	13	108571118	110034760	1	galGal3	17
CAT	13	110034760	111188996	1	galGal3	17
CAT	13	0	2462762	-1	gorGor3	9
CAT	13	2462762	31589262	-1	gorGor3	9
CAT	13	31589262	70054102	1	gorGor3	9
CAT	13	70054102	111188996	1	gorGor3	9
CAT	13	0	2462762	-1	hg19	9
CAT	13	2462762	31589262	-1	hg19	9
CAT	13	31589262	70054102	1	hg19	9
CAT	13	70054102	111188996	1	hg19	9
CAT	13	0	5191107	-1	mm10	13
CAT	13	5191107	7505214	1	mm10	13
CAT	13	7505214	11681061	-1	mm10	13
CAT	13	11681061	15837837	-1	mm10	13
CAT	13	15837837	19369408	-1	mm10	4
CAT	13	19369408	37168532	1	mm10	19
CAT	13	37168532	58674347	1	mm10	4
CAT	13	58674347	93884631	1	mm10	4
CAT	13	93884631	97956128	1	mm10	2
CAT	13	97956128	101170277	-1	mm10	2
CAT	13	101170277	104590225	1	mm10	2
CAT	13	104590225	106324367	-1	mm10	2
CAT	13	106324367	108503691	1	mm10	2
CAT	13	108503691	109695110	1	mm10	2
CAT	13	109695110	111188996	-1	mm10	2
CAT	13	0	2462762	-1	monDom5	6
CAT	13	2462762	6360855	-1	monDom5	6
CAT	13	6360855	8719759	1	monDom5	6
CAT	13	8719759	9870449	1	monDom5	3
CAT	13	9870449	10894563	1	monDom5	6
CAT	13	10894563	13633242	-1	monDom5	6
CAT	13	13633242	21046742	1	monDom5	6
CAT	13	21046742	22808795	-1	monDom5	6
CAT	13	22808795	34291431	1	monDom5	6
CAT	13	34291431	49932830	1	monDom5	6
CAT	13	49932830	63326384	1	monDom5	6
CAT	13	63326384	64284782	1	monDom5	6
CAT	13	64284782	66468765	-1	monDom5	6
CAT	13	66468765	70777420	1	monDom5	6
CAT	13	70777420	71071998	-1	monDom5	6
CAT	13	71071998	71684351	1	monDom5	6
CAT	13	71684351	73631970	-1	monDom5	6
CAT	13	73631970	77288930	-1	monDom5	6
CAT	13	77288930	78431836	1	monDom5	6
CAT	13	78431836	78654573	-1	monDom5	1
CAT	13	78654573	81769885	1	monDom5	6
CAT	13	81769885	82051026	-1	monDom5	6
CAT	13	82051026	82506237	1	monDom5	6
CAT	13	82506237	83061811	1	monDom5	6
CAT	13	83061811	84255481	1	monDom5	6
CAT	13	84255481	85990984	-1	monDom5	6
CAT	13	85990984	87171992	-1	monDom5	1
CAT	13	87171992	100305527	1	monDom5	1
CAT	13	100305527	107799605	1	monDom5	1
CAT	13	107799605	109236454	-1	monDom5	1
CAT	13	109236454	109961311	1	monDom5	1
CAT	13	109961311	110542244	-1	monDom5	1
CAT	13	110542244	110790774	-1	monDom5	1
CAT	13	110790774	111188996	1	monDom5	1
CAT	13	0	2462762	1	oryCun2	9
CAT	13	2462762	5446792	-1	oryCun2	1
CAT	13	5446792	6260625	-1	oryCun2	1
CAT	13	6260625	6667480	1	oryCun2	1
CAT	13	6667480	7367225	-1	oryCun2	1
CAT	13	7367225	11843271	1	oryCun2	1
CAT	13	11843271	14543452	-1	oryCun2	1
CAT	13	14543452	97098445	-1	oryCun2	1
CAT	13	0	2462762	-1	panTro3	9
CAT	13	2462762	31589262	-1	panTro3	9
CAT	13	31589262	70054102	1	panTro3	9
CAT	13	70054102	111188996	1	panTro3	9
CAT	13	0	2462762	1	ponAbe2	9
CAT	13	2462762	70054102	-1	ponAbe2	9
CAT	13	70054102	111188996	1	ponAbe2	9
CAT	13	0	9870449	-1	rheMac3	15
CAT	13	9870449	13494016	-1	rheMac3	15
CAT	13	13494016	14543452	-1	rheMac3	15
CAT	13	14543452	83061811	-1	rheMac3	15
CAT	13	83061811	97098445	-1	rheMac3	15
CAT	13	97098445	100722355	-1	rheMac3	15
CAT	13	100722355	111188996	-1	rheMac3	15
CAT	13	0	5289646	1	rn4	17
CAT	13	5289646	7716577	-1	rn4	17
CAT	13	7716577	8127657	-1	rn4	17
CAT	13	8127657	11381826	1	rn4	17
CAT	13	11381826	15789239	1	rn4	17
CAT	13	15789239	19525656	-1	rn4	5
CAT	13	19525656	37090126	1	rn4	1
CAT	13	37090126	59592063	1	rn4	5
CAT	13	59592063	93246051	1	rn4	5
CAT	13	93246051	97950149	1	rn4	3
CAT	13	97950149	100722355	-1	rn4	3
CAT	13	100722355	104437363	1	rn4	3
CAT	13	104437363	106155732	-1	rn4	3
CAT	13	106155732	108550318	1	rn4	3
CAT	13	108550318	109785918	1	rn4	3
CAT	13	109785918	111188996	-1	rn4	3
CAT	13	2462762	3013112	-1	susScr2	10
CAT	13	3013112	5486176	1	susScr2	10
CAT	13	5486176	7231799	-1	susScr2	3
CAT	13	7231799	12097659	-1	susScr2	14
CAT	13	12097659	16387617	1	susScr2	10
CAT	13	16387617	58486653	-1	susScr2	1
CAT	13	58486653	65881073	-1	susScr2	10
CAT	13	65881073	110814010	1	susScr2	1
CAT	13	110814010	111188996	-1	susScr2	1
CAT	13	2462762	5045307	-1	bosTau7	8
CAT	13	5045307	6955055	-1	bosTau7	8
CAT	13	6955055	11848887	1	bosTau7	8
CAT	13	11848887	16905920	-1	bosTau7	8
CAT	13	16905920	65249748	-1	bosTau7	8
CAT	13	65249748	66712897	1	bosTau7	8
CAT	13	66712897	72996842	1	bosTau7	8
CAT	13	72996842	93949076	1	bosTau7	8
CAT	13	93949076	107506854	1	bosTau7	11
CAT	13	107506854	108369652	1	bosTau7	11
CAT	13	108369652	108852141	-1	bosTau7	11
CAT	13	108852141	109378365	-1	bosTau7	11
CAT	13	109378365	110796102	1	bosTau7	11
CAT	13	110796102	111188996	1	bosTau7	11
CAT	13	0	2462762	-1	calJac3	1
CAT	13	2462762	2657806	-1	calJac3	1
CAT	13	2657806	5251963	-1	calJac3	1
CAT	13	5251963	7613567	-1	calJac3	1
CAT	13	7613567	8014560	-1	calJac3	1
CAT	13	8014560	9870449	-1	calJac3	1
CAT	13	9870449	11373730	-1	calJac3	1
CAT	13	11373730	11978412	-1	calJac3	1
CAT	13	11978412	13494016	-1	calJac3	1
CAT	13	13494016	13795343	1	calJac3	1
CAT	13	13795343	31181728	1	calJac3	1
CAT	13	31181728	111188996	1	calJac3	1
CAT	13	2462762	5651170	1	canFam2	1
CAT	13	5651170	7642484	1	canFam2	1
CAT	13	7642484	11584135	1	canFam2	1
CAT	13	11584135	37371301	1	canFam2	1
CAT	13	37371301	94189015	1	canFam2	11
CAT	13	94189015	106518838	-1	canFam2	9
CAT	13	106518838	108580975	1	canFam2	9
CAT	13	108580975	111188996	-1	canFam2	9
CAT	13	2462762	2691758	-1	capHir1	8
CAT	13	2691758	3004867	-1	capHir1	8
CAT	13	3004867	3313533	1	capHir1	8
CAT	13	3313533	5762090	-1	capHir1	8
CAT	13	5762090	7425471	-1	capHir1	8
CAT	13	7425471	11837327	1	capHir1	8
CAT	13	11837327	16972461	-1	capHir1	8
CAT	13	16972461	65188600	-1	capHir1	8
CAT	13	65188600	66718440	1	capHir1	8
CAT	13	66718440	72411131	1	capHir1	8
CAT	13	72411131	94114079	1	capHir1	8
CAT	13	94114079	106713369	1	capHir1	11
CAT	13	106713369	107874707	1	capHir1	11
CAT	13	107874707	108873319	-1	capHir1	11
CAT	13	108873319	110047169	1	capHir1	11
CAT	13	110047169	110561467	-1	capHir1	11
CAT	13	110561467	111188996	-1	capHir1	11
CAT	13	2462762	5665534	1	equCab2	23
CAT	13	5665534	7669543	1	equCab2	23
CAT	13	7669543	11772500	1	equCab2	23
CAT	13	11772500	15485869	1	equCab2	23
CAT	13	15485869	16071916	-1	equCab2	23
CAT	13	16071916	25021199	1	equCab2	23
CAT	13	25021199	26527830	-1	equCab2	23
CAT	13	26527830	66180620	1	equCab2	23
CAT	13	66180620	108314270	1	equCab2	25
CAT	13	108314270	109623166	-1	equCab2	25
CAT	13	109623166	111188996	1	equCab2	25
CAT	13	2462762	5045935	-1	galGal3	Z
CAT	13	5045935	6494190	1	galGal3	12
CAT	13	6494190	7313541	1	galGal3	12
CAT	13	7313541	11469363	-1	galGal3	Z
CAT	13	11469363	31589262	-1	galGal3	Z
CAT	13	31589262	58181413	1	galGal3	Z
CAT	13	58181413	64099587	1	galGal3	Z
CAT	13	64099587	70054102	1	galGal3	Z
CAT	13	70054102	73573033	-1	galGal3	2
CAT	13	73573033	78859511	1	galGal3	Z
CAT	13	78859511	81605355	1	galGal3	2
CAT	13	81605355	83061811	1	galGal3	Z
CAT	13	83061811	83960414	1	galGal3	Z
CAT	13	83960414	85751347	-1	galGal3	Z
CAT	13	85751347	87020596	-1	galGal3	17
CAT	13	87020596	94026324	1	galGal3	17
CAT	13	94026324	100722355	1	galGal3	17
CAT	13	100722355	107228997	1	galGal3	17
CAT	13	107228997	108571118	-1	galGal3	17
CAT	13	108571118	110034760	1	galGal3	17
CAT	13	110034760	111188996	1	galGal3	17
CAT	13	0	2462762	-1	gorGor3	9
CAT	13	2462762	31589262	-1	gorGor3	9
CAT	13	31589262	70054102	1	gorGor3	9
CAT	13	70054102	111188996	1	gorGor3	9
CAT	13	0	2462762	-1	hg19	9
CAT	13	2462762	31589262	-1	hg19	9
CAT	13	31589262	70054102	1	hg19	9
CAT	13	70054102	111188996	1	hg19	9
CAT	13	0	5191107	-1	mm10	13
CAT	13	5191107	7505214	1	mm10	13
CAT	13	7505214	11681061	-1	mm10	13
CAT	13	11681061	15837837	-1	mm10	13
CAT	13	15837837	19369408	-1	mm10	4
CAT	13	19369408	37168532	1	mm10	19
CAT	13	37168532	58674347	1	mm10	4
CAT	13	58674347	93884631	1	mm10	4
CAT	13	93884631	97956128	1	mm10	2
CAT	13	97956128	101170277	-1	mm10	2
CAT	13	101170277	104590225	1	mm10	2
CAT	13	104590225	106324367	-1	mm10	2
CAT	13	106324367	108503691	1	mm10	2
CAT	13	108503691	109695110	1	mm10	2
CAT	13	109695110	111188996	-1	mm10	2
CAT	13	0	2462762	-1	monDom5	6
CAT	13	2462762	6360855	-1	monDom5	6
CAT	13	6360855	8719759	1	monDom5	6
CAT	13	8719759	9870449	1	monDom5	3
CAT	13	9870449	10894563	1	monDom5	6
CAT	13	10894563	13633242	-1	monDom5	6
CAT	13	13633242	21046742	1	monDom5	6
CAT	13	21046742	22808795	-1	monDom5	6
CAT	13	22808795	34291431	1	monDom5	6
CAT	13	34291431	49932830	1	monDom5	6
CAT	13	49932830	63326384	1	monDom5	6
CAT	13	63326384	64284782	1	monDom5	6
CAT	13	64284782	66468765	-1	monDom5	6
CAT	13	66468765	70777420	1	monDom5	6
CAT	13	70777420	71071998	-1	monDom5	6
CAT	13	71071998	71684351	1	monDom5	6
CAT	13	71684351	73631970	-1	monDom5	6
CAT	13	73631970	77288930	-1	monDom5	6
CAT	13	77288930	78431836	1	monDom5	6
CAT	13	78431836	78654573	-1	monDom5	1
CAT	13	78654573	81769885	1	monDom5	6
CAT	13	81769885	82051026	-1	monDom5	6
CAT	13	82051026	82506237	1	monDom5	6
CAT	13	82506237	83061811	1	monDom5	6
CAT	13	83061811	84255481	1	monDom5	6
CAT	13	84255481	85990984	-1	monDom5	6
CAT	13	85990984	87171992	-1	monDom5	1
CAT	13	87171992	100305527	1	monDom5	1
CAT	13	100305527	107799605	1	monDom5	1
CAT	13	107799605	109236454	-1	monDom5	1
CAT	13	109236454	109961311	1	monDom5	1
CAT	13	109961311	110542244	-1	monDom5	1
CAT	13	110542244	110790774	-1	monDom5	1
CAT	13	110790774	111188996	1	monDom5	1
CAT	13	0	2462762	1	oryCun2	9
CAT	13	2462762	5446792	-1	oryCun2	1
CAT	13	5446792	6260625	-1	oryCun2	1
CAT	13	6260625	6667480	1	oryCun2	1
CAT	13	6667480	7367225	-1	oryCun2	1
CAT	13	7367225	11843271	1	oryCun2	1
CAT	13	11843271	14543452	-1	oryCun2	1
CAT	13	14543452	97098445	-1	oryCun2	1
CAT	13	0	2462762	-1	panTro3	9
CAT	13	2462762	31589262	-1	panTro3	9
CAT	13	31589262	70054102	1	panTro3	9
CAT	13	70054102	111188996	1	panTro3	9
CAT	13	0	2462762	1	ponAbe2	9
CAT	13	2462762	70054102	-1	ponAbe2	9
CAT	13	70054102	111188996	1	ponAbe2	9
CAT	13	0	9870449	-1	rheMac3	15
CAT	13	9870449	13494016	-1	rheMac3	15
CAT	13	13494016	14543452	-1	rheMac3	15
CAT	13	14543452	83061811	-1	rheMac3	15
CAT	13	83061811	97098445	-1	rheMac3	15
CAT	13	97098445	100722355	-1	rheMac3	15
CAT	13	100722355	111188996	-1	rheMac3	15
CAT	13	0	5289646	1	rn4	17
CAT	13	5289646	7716577	-1	rn4	17
CAT	13	7716577	8127657	-1	rn4	17
CAT	13	8127657	11381826	1	rn4	17
CAT	13	11381826	15789239	1	rn4	17
CAT	13	15789239	19525656	-1	rn4	5
CAT	13	19525656	37090126	1	rn4	1
CAT	13	37090126	59592063	1	rn4	5
CAT	13	59592063	93246051	1	rn4	5
CAT	13	93246051	97950149	1	rn4	3
CAT	13	97950149	100722355	-1	rn4	3
CAT	13	100722355	104437363	1	rn4	3
CAT	13	104437363	106155732	-1	rn4	3
CAT	13	106155732	108550318	1	rn4	3
CAT	13	108550318	109785918	1	rn4	3
CAT	13	109785918	111188996	-1	rn4	3
CAT	13	2462762	3013112	-1	susScr2	10
CAT	13	3013112	5486176	1	susScr2	10
CAT	13	5486176	7231799	-1	susScr2	3
CAT	13	7231799	12097659	-1	susScr2	14
CAT	13	12097659	16387617	1	susScr2	10
CAT	13	16387617	58486653	-1	susScr2	1
CAT	13	58486653	65881073	-1	susScr2	10
CAT	13	65881073	110814010	1	susScr2	1
CAT	13	110814010	111188996	-1	susScr2	1
