CAT	24	0	11935757	-1	bosTau7	5
CAT	24	11935757	18724479	-1	bosTau7	5
CAT	24	18724479	25852051	-1	bosTau7	17
CAT	24	25852051	27584060	1	bosTau7	17
CAT	24	27584060	28007532	-1	bosTau7	17
CAT	24	28007532	29984781	1	bosTau7	17
CAT	24	29984781	30451270	1	bosTau7	17
CAT	24	30451270	31162363	-1	bosTau7	17
CAT	24	31162363	32880320	-1	bosTau7	5
CAT	24	0	32880320	-1	calJac3	1
CAT	24	0	18256514	1	canFam2	10
CAT	24	18256514	25852051	-1	canFam2	26
CAT	24	25852051	28082421	-1	canFam2	26
CAT	24	28082421	28269519	1	canFam2	26
CAT	24	28269519	29487835	-1	canFam2	26
CAT	24	29487835	29513502	1	canFam2	26
CAT	24	29513502	29829416	-1	canFam2	26
CAT	24	29829416	31524545	1	canFam2	26
CAT	24	31524545	32880320	-1	canFam2	27
CAT	24	0	12823722	-1	capHir1	5
CAT	24	12823722	18786056	-1	capHir1	5
CAT	24	18786056	25852051	-1	capHir1	17
CAT	24	25852051	29195629	1	capHir1	17
CAT	24	29513502	31269950	-1	capHir1	17
CAT	24	31269950	32880320	-1	capHir1	5
CAT	24	0	18665406	-1	equCab2	28
CAT	24	18665406	26010550	1	equCab2	8
CAT	24	26010550	27301086	-1	equCab2	8
CAT	24	27301086	28177097	1	equCab2	8
CAT	24	28177097	29513502	-1	equCab2	8
CAT	24	29513502	30390088	-1	equCab2	8
CAT	24	30390088	32880320	1	equCab2	6
CAT	24	0	9570598	-1	galGal3	1
CAT	24	9570598	15609372	-1	galGal3	1
CAT	24	15609372	23808669	1	galGal3	1
CAT	24	23808669	25852051	-1	galGal3	15
CAT	24	25852051	29195629	1	galGal3	15
CAT	24	29513502	32114588	-1	galGal3	15
CAT	24	32114588	32880320	-1	galGal3	1
CAT	24	0	29195629	-1	gorGor3	22
CAT	24	29195629	29513502	1	gorGor3	22
CAT	24	29513502	32880320	-1	gorGor3	22
CAT	24	0	29195629	-1	hg19	22
CAT	24	29195629	29513502	1	hg19	22
CAT	24	29513502	32880320	-1	hg19	22
CAT	24	0	15807176	-1	mm10	15
CAT	24	15807176	18847455	-1	mm10	8
CAT	24	18847455	19572516	-1	mm10	10
CAT	24	19572516	22604491	1	mm10	11
CAT	24	22604491	25852051	1	mm10	5
CAT	24	25852051	27983583	-1	mm10	10
CAT	24	27983583	31706567	1	mm10	16
CAT	24	31706567	32880320	-1	mm10	6
CAT	24	0	1451105	-1	monDom5	8
CAT	24	1451105	5901828	-1	monDom5	8
CAT	24	5901828	7394663	-1	monDom5	8
CAT	24	7394663	8029693	-1	monDom5	8
CAT	24	8029693	8680301	1	monDom5	8
CAT	24	8680301	9352758	-1	monDom5	8
CAT	24	9352758	11256431	1	monDom5	8
CAT	24	11256431	16984614	-1	monDom5	8
CAT	24	16984614	18140273	-1	monDom5	3
CAT	24	18140273	23748912	-1	monDom5	3
CAT	24	23748912	25852051	-1	monDom5	3
CAT	24	25852051	29195629	-1	monDom5	3
CAT	24	29195629	29513502	-1	monDom5	3
CAT	24	29513502	30762323	1	monDom5	3
CAT	24	30762323	31653322	-1	monDom5	3
CAT	24	31653322	32880320	-1	monDom5	8
CAT	24	0	19236627	1	oryCun2	4
CAT	24	19236627	25396089	-1	oryCun2	21
CAT	24	25852051	26667643	-1	oryCun2	21
CAT	24	26667643	29195629	-1	oryCun2	21
CAT	24	29513502	32880320	-1	oryCun2	8
CAT	24	0	29195629	-1	panTro3	22
CAT	24	29195629	29513502	1	panTro3	22
CAT	24	29513502	32880320	-1	panTro3	22
CAT	24	0	29195629	-1	ponAbe2	22
CAT	24	29195629	29513502	1	ponAbe2	22
CAT	24	29513502	32880320	-1	ponAbe2	22
CAT	24	0	25396089	-1	rheMac3	10
CAT	24	25396089	25852051	1	rheMac3	10
CAT	24	25852051	32880320	-1	rheMac3	10
CAT	24	0	16554600	-1	rn4	7
CAT	24	16554600	19219571	-1	rn4	19
CAT	24	19219571	19954453	1	rn4	7
CAT	24	19954453	23638700	1	rn4	14
CAT	24	23638700	25852051	-1	rn4	12
CAT	24	25852051	27783953	1	rn4	20
CAT	24	27783953	31652386	-1	rn4	11
CAT	24	31652386	32880320	-1	rn4	4
CAT	24	0	16172908	1	susScr2	5
CAT	24	16172908	25852051	-1	susScr2	14
CAT	24	25852051	26280438	1	susScr2	14
CAT	24	26280438	27706733	-1	susScr2	14
CAT	24	27706733	29977794	1	susScr2	14
CAT	24	29977794	30606781	-1	susScr2	14
CAT	24	30606781	30922951	1	susScr2	14
CAT	24	30922951	31570589	-1	susScr2	14
CAT	24	31570589	32880320	-1	susScr2	5
CAT	24	0	11935757	-1	bosTau7	5
CAT	24	11935757	18724479	-1	bosTau7	5
CAT	24	18724479	25852051	-1	bosTau7	17
CAT	24	25852051	27584060	1	bosTau7	17
CAT	24	27584060	28007532	-1	bosTau7	17
CAT	24	28007532	29984781	1	bosTau7	17
CAT	24	29984781	30451270	1	bosTau7	17
CAT	24	30451270	31162363	-1	bosTau7	17
CAT	24	31162363	32880320	-1	bosTau7	5
CAT	24	0	32880320	-1	calJac3	1
CAT	24	0	18256514	1	canFam2	10
CAT	24	18256514	25852051	-1	canFam2	26
CAT	24	25852051	28082421	-1	canFam2	26
CAT	24	28082421	28269519	1	canFam2	26
CAT	24	28269519	29487835	-1	canFam2	26
CAT	24	29487835	29513502	1	canFam2	26
CAT	24	29513502	29829416	-1	canFam2	26
CAT	24	29829416	31524545	1	canFam2	26
CAT	24	31524545	32880320	-1	canFam2	27
CAT	24	0	12823722	-1	capHir1	5
CAT	24	12823722	18786056	-1	capHir1	5
CAT	24	18786056	25852051	-1	capHir1	17
CAT	24	25852051	29195629	1	capHir1	17
CAT	24	29513502	31269950	-1	capHir1	17
CAT	24	31269950	32880320	-1	capHir1	5
CAT	24	0	18665406	-1	equCab2	28
CAT	24	18665406	26010550	1	equCab2	8
CAT	24	26010550	27301086	-1	equCab2	8
CAT	24	27301086	28177097	1	equCab2	8
CAT	24	28177097	29513502	-1	equCab2	8
CAT	24	29513502	30390088	-1	equCab2	8
CAT	24	30390088	32880320	1	equCab2	6
CAT	24	0	9570598	-1	galGal3	1
CAT	24	9570598	15609372	-1	galGal3	1
CAT	24	15609372	23808669	1	galGal3	1
CAT	24	23808669	25852051	-1	galGal3	15
CAT	24	25852051	29195629	1	galGal3	15
CAT	24	29513502	32114588	-1	galGal3	15
CAT	24	32114588	32880320	-1	galGal3	1
CAT	24	0	29195629	-1	gorGor3	22
CAT	24	29195629	29513502	1	gorGor3	22
CAT	24	29513502	32880320	-1	gorGor3	22
CAT	24	0	29195629	-1	hg19	22
CAT	24	29195629	29513502	1	hg19	22
CAT	24	29513502	32880320	-1	hg19	22
CAT	24	0	15807176	-1	mm10	15
CAT	24	15807176	18847455	-1	mm10	8
CAT	24	18847455	19572516	-1	mm10	10
CAT	24	19572516	22604491	1	mm10	11
CAT	24	22604491	25852051	1	mm10	5
CAT	24	25852051	27983583	-1	mm10	10
CAT	24	27983583	31706567	1	mm10	16
CAT	24	31706567	32880320	-1	mm10	6
CAT	24	0	1451105	-1	monDom5	8
CAT	24	1451105	5901828	-1	monDom5	8
CAT	24	5901828	7394663	-1	monDom5	8
CAT	24	7394663	8029693	-1	monDom5	8
CAT	24	8029693	8680301	1	monDom5	8
CAT	24	8680301	9352758	-1	monDom5	8
CAT	24	9352758	11256431	1	monDom5	8
CAT	24	11256431	16984614	-1	monDom5	8
CAT	24	16984614	18140273	-1	monDom5	3
CAT	24	18140273	23748912	-1	monDom5	3
CAT	24	23748912	25852051	-1	monDom5	3
CAT	24	25852051	29195629	-1	monDom5	3
CAT	24	29195629	29513502	-1	monDom5	3
CAT	24	29513502	30762323	1	monDom5	3
CAT	24	30762323	31653322	-1	monDom5	3
CAT	24	31653322	32880320	-1	monDom5	8
CAT	24	0	19236627	1	oryCun2	4
CAT	24	19236627	25396089	-1	oryCun2	21
CAT	24	25852051	26667643	-1	oryCun2	21
CAT	24	26667643	29195629	-1	oryCun2	21
CAT	24	29513502	32880320	-1	oryCun2	8
CAT	24	0	29195629	-1	panTro3	22
CAT	24	29195629	29513502	1	panTro3	22
CAT	24	29513502	32880320	-1	panTro3	22
CAT	24	0	29195629	-1	ponAbe2	22
CAT	24	29195629	29513502	1	ponAbe2	22
CAT	24	29513502	32880320	-1	ponAbe2	22
CAT	24	0	25396089	-1	rheMac3	10
CAT	24	25396089	25852051	1	rheMac3	10
CAT	24	25852051	32880320	-1	rheMac3	10
CAT	24	0	16554600	-1	rn4	7
CAT	24	16554600	19219571	-1	rn4	19
CAT	24	19219571	19954453	1	rn4	7
CAT	24	19954453	23638700	1	rn4	14
CAT	24	23638700	25852051	-1	rn4	12
CAT	24	25852051	27783953	1	rn4	20
CAT	24	27783953	31652386	-1	rn4	11
CAT	24	31652386	32880320	-1	rn4	4
CAT	24	0	16172908	1	susScr2	5
CAT	24	16172908	25852051	-1	susScr2	14
CAT	24	25852051	26280438	1	susScr2	14
CAT	24	26280438	27706733	-1	susScr2	14
CAT	24	27706733	29977794	1	susScr2	14
CAT	24	29977794	30606781	-1	susScr2	14
CAT	24	30606781	30922951	1	susScr2	14
CAT	24	30922951	31570589	-1	susScr2	14
CAT	24	31570589	32880320	-1	susScr2	5
CAT	24	0	11935757	-1	bosTau7	5
CAT	24	11935757	18724479	-1	bosTau7	5
CAT	24	18724479	25852051	-1	bosTau7	17
CAT	24	25852051	27584060	1	bosTau7	17
CAT	24	27584060	28007532	-1	bosTau7	17
CAT	24	28007532	29984781	1	bosTau7	17
CAT	24	29984781	30451270	1	bosTau7	17
CAT	24	30451270	31162363	-1	bosTau7	17
CAT	24	31162363	32880320	-1	bosTau7	5
CAT	24	0	32880320	-1	calJac3	1
CAT	24	0	18256514	1	canFam2	10
CAT	24	18256514	25852051	-1	canFam2	26
CAT	24	25852051	28082421	-1	canFam2	26
CAT	24	28082421	28269519	1	canFam2	26
CAT	24	28269519	29487835	-1	canFam2	26
CAT	24	29487835	29513502	1	canFam2	26
CAT	24	29513502	29829416	-1	canFam2	26
CAT	24	29829416	31524545	1	canFam2	26
CAT	24	31524545	32880320	-1	canFam2	27
CAT	24	0	12823722	-1	capHir1	5
CAT	24	12823722	18786056	-1	capHir1	5
CAT	24	18786056	25852051	-1	capHir1	17
CAT	24	25852051	29195629	1	capHir1	17
CAT	24	29513502	31269950	-1	capHir1	17
CAT	24	31269950	32880320	-1	capHir1	5
CAT	24	0	18665406	-1	equCab2	28
CAT	24	18665406	26010550	1	equCab2	8
CAT	24	26010550	27301086	-1	equCab2	8
CAT	24	27301086	28177097	1	equCab2	8
CAT	24	28177097	29513502	-1	equCab2	8
CAT	24	29513502	30390088	-1	equCab2	8
CAT	24	30390088	32880320	1	equCab2	6
CAT	24	0	9570598	-1	galGal3	1
CAT	24	9570598	15609372	-1	galGal3	1
CAT	24	15609372	23808669	1	galGal3	1
CAT	24	23808669	25852051	-1	galGal3	15
CAT	24	25852051	29195629	1	galGal3	15
CAT	24	29513502	32114588	-1	galGal3	15
CAT	24	32114588	32880320	-1	galGal3	1
CAT	24	0	29195629	-1	gorGor3	22
CAT	24	29195629	29513502	1	gorGor3	22
CAT	24	29513502	32880320	-1	gorGor3	22
CAT	24	0	29195629	-1	hg19	22
CAT	24	29195629	29513502	1	hg19	22
CAT	24	29513502	32880320	-1	hg19	22
CAT	24	0	15807176	-1	mm10	15
CAT	24	15807176	18847455	-1	mm10	8
CAT	24	18847455	19572516	-1	mm10	10
CAT	24	19572516	22604491	1	mm10	11
CAT	24	22604491	25852051	1	mm10	5
CAT	24	25852051	27983583	-1	mm10	10
CAT	24	27983583	31706567	1	mm10	16
CAT	24	31706567	32880320	-1	mm10	6
CAT	24	0	1451105	-1	monDom5	8
CAT	24	1451105	5901828	-1	monDom5	8
CAT	24	5901828	7394663	-1	monDom5	8
CAT	24	7394663	8029693	-1	monDom5	8
CAT	24	8029693	8680301	1	monDom5	8
CAT	24	8680301	9352758	-1	monDom5	8
CAT	24	9352758	11256431	1	monDom5	8
CAT	24	11256431	16984614	-1	monDom5	8
CAT	24	16984614	18140273	-1	monDom5	3
CAT	24	18140273	23748912	-1	monDom5	3
CAT	24	23748912	25852051	-1	monDom5	3
CAT	24	25852051	29195629	-1	monDom5	3
CAT	24	29195629	29513502	-1	monDom5	3
CAT	24	29513502	30762323	1	monDom5	3
CAT	24	30762323	31653322	-1	monDom5	3
CAT	24	31653322	32880320	-1	monDom5	8
CAT	24	0	19236627	1	oryCun2	4
CAT	24	19236627	25396089	-1	oryCun2	21
CAT	24	25852051	26667643	-1	oryCun2	21
CAT	24	26667643	29195629	-1	oryCun2	21
CAT	24	29513502	32880320	-1	oryCun2	8
CAT	24	0	29195629	-1	panTro3	22
CAT	24	29195629	29513502	1	panTro3	22
CAT	24	29513502	32880320	-1	panTro3	22
CAT	24	0	29195629	-1	ponAbe2	22
CAT	24	29195629	29513502	1	ponAbe2	22
CAT	24	29513502	32880320	-1	ponAbe2	22
CAT	24	0	25396089	-1	rheMac3	10
CAT	24	25396089	25852051	1	rheMac3	10
CAT	24	25852051	32880320	-1	rheMac3	10
CAT	24	0	16554600	-1	rn4	7
CAT	24	16554600	19219571	-1	rn4	19
CAT	24	19219571	19954453	1	rn4	7
CAT	24	19954453	23638700	1	rn4	14
CAT	24	23638700	25852051	-1	rn4	12
CAT	24	25852051	27783953	1	rn4	20
CAT	24	27783953	31652386	-1	rn4	11
CAT	24	31652386	32880320	-1	rn4	4
CAT	24	0	16172908	1	susScr2	5
CAT	24	16172908	25852051	-1	susScr2	14
CAT	24	25852051	26280438	1	susScr2	14
CAT	24	26280438	27706733	-1	susScr2	14
CAT	24	27706733	29977794	1	susScr2	14
CAT	24	29977794	30606781	-1	susScr2	14
CAT	24	30606781	30922951	1	susScr2	14
CAT	24	30922951	31570589	-1	susScr2	14
CAT	24	31570589	32880320	-1	susScr2	5
CAT	24	0	11935757	-1	bosTau7	5
CAT	24	11935757	18724479	-1	bosTau7	5
CAT	24	18724479	25852051	-1	bosTau7	17
CAT	24	25852051	27584060	1	bosTau7	17
CAT	24	27584060	28007532	-1	bosTau7	17
CAT	24	28007532	29984781	1	bosTau7	17
CAT	24	29984781	30451270	1	bosTau7	17
CAT	24	30451270	31162363	-1	bosTau7	17
CAT	24	31162363	32880320	-1	bosTau7	5
CAT	24	0	32880320	-1	calJac3	1
CAT	24	0	18256514	1	canFam2	10
CAT	24	18256514	25852051	-1	canFam2	26
CAT	24	25852051	28082421	-1	canFam2	26
CAT	24	28082421	28269519	1	canFam2	26
CAT	24	28269519	29487835	-1	canFam2	26
CAT	24	29487835	29513502	1	canFam2	26
CAT	24	29513502	29829416	-1	canFam2	26
CAT	24	29829416	31524545	1	canFam2	26
CAT	24	31524545	32880320	-1	canFam2	27
CAT	24	0	12823722	-1	capHir1	5
CAT	24	12823722	18786056	-1	capHir1	5
CAT	24	18786056	25852051	-1	capHir1	17
CAT	24	25852051	29195629	1	capHir1	17
CAT	24	29513502	31269950	-1	capHir1	17
CAT	24	31269950	32880320	-1	capHir1	5
CAT	24	0	18665406	-1	equCab2	28
CAT	24	18665406	26010550	1	equCab2	8
CAT	24	26010550	27301086	-1	equCab2	8
CAT	24	27301086	28177097	1	equCab2	8
CAT	24	28177097	29513502	-1	equCab2	8
CAT	24	29513502	30390088	-1	equCab2	8
CAT	24	30390088	32880320	1	equCab2	6
CAT	24	0	9570598	-1	galGal3	1
CAT	24	9570598	15609372	-1	galGal3	1
CAT	24	15609372	23808669	1	galGal3	1
CAT	24	23808669	25852051	-1	galGal3	15
CAT	24	25852051	29195629	1	galGal3	15
CAT	24	29513502	32114588	-1	galGal3	15
CAT	24	32114588	32880320	-1	galGal3	1
CAT	24	0	29195629	-1	gorGor3	22
CAT	24	29195629	29513502	1	gorGor3	22
CAT	24	29513502	32880320	-1	gorGor3	22
CAT	24	0	29195629	-1	hg19	22
CAT	24	29195629	29513502	1	hg19	22
CAT	24	29513502	32880320	-1	hg19	22
CAT	24	0	15807176	-1	mm10	15
CAT	24	15807176	18847455	-1	mm10	8
CAT	24	18847455	19572516	-1	mm10	10
CAT	24	19572516	22604491	1	mm10	11
CAT	24	22604491	25852051	1	mm10	5
CAT	24	25852051	27983583	-1	mm10	10
CAT	24	27983583	31706567	1	mm10	16
CAT	24	31706567	32880320	-1	mm10	6
CAT	24	0	1451105	-1	monDom5	8
CAT	24	1451105	5901828	-1	monDom5	8
CAT	24	5901828	7394663	-1	monDom5	8
CAT	24	7394663	8029693	-1	monDom5	8
CAT	24	8029693	8680301	1	monDom5	8
CAT	24	8680301	9352758	-1	monDom5	8
CAT	24	9352758	11256431	1	monDom5	8
CAT	24	11256431	16984614	-1	monDom5	8
CAT	24	16984614	18140273	-1	monDom5	3
CAT	24	18140273	23748912	-1	monDom5	3
CAT	24	23748912	25852051	-1	monDom5	3
CAT	24	25852051	29195629	-1	monDom5	3
CAT	24	29195629	29513502	-1	monDom5	3
CAT	24	29513502	30762323	1	monDom5	3
CAT	24	30762323	31653322	-1	monDom5	3
CAT	24	31653322	32880320	-1	monDom5	8
CAT	24	0	19236627	1	oryCun2	4
CAT	24	19236627	25396089	-1	oryCun2	21
CAT	24	25852051	26667643	-1	oryCun2	21
CAT	24	26667643	29195629	-1	oryCun2	21
CAT	24	29513502	32880320	-1	oryCun2	8
CAT	24	0	29195629	-1	panTro3	22
CAT	24	29195629	29513502	1	panTro3	22
CAT	24	29513502	32880320	-1	panTro3	22
CAT	24	0	29195629	-1	ponAbe2	22
CAT	24	29195629	29513502	1	ponAbe2	22
CAT	24	29513502	32880320	-1	ponAbe2	22
CAT	24	0	25396089	-1	rheMac3	10
CAT	24	25396089	25852051	1	rheMac3	10
CAT	24	25852051	32880320	-1	rheMac3	10
CAT	24	0	16554600	-1	rn4	7
CAT	24	16554600	19219571	-1	rn4	19
CAT	24	19219571	19954453	1	rn4	7
CAT	24	19954453	23638700	1	rn4	14
CAT	24	23638700	25852051	-1	rn4	12
CAT	24	25852051	27783953	1	rn4	20
CAT	24	27783953	31652386	-1	rn4	11
CAT	24	31652386	32880320	-1	rn4	4
CAT	24	0	16172908	1	susScr2	5
CAT	24	16172908	25852051	-1	susScr2	14
CAT	24	25852051	26280438	1	susScr2	14
CAT	24	26280438	27706733	-1	susScr2	14
CAT	24	27706733	29977794	1	susScr2	14
CAT	24	29977794	30606781	-1	susScr2	14
CAT	24	30606781	30922951	1	susScr2	14
CAT	24	30922951	31570589	-1	susScr2	14
CAT	24	31570589	32880320	-1	susScr2	5
CAT	24	0	11935757	-1	bosTau7	5
CAT	24	11935757	18724479	-1	bosTau7	5
CAT	24	18724479	25852051	-1	bosTau7	17
CAT	24	25852051	27584060	1	bosTau7	17
CAT	24	27584060	28007532	-1	bosTau7	17
CAT	24	28007532	29984781	1	bosTau7	17
CAT	24	29984781	30451270	1	bosTau7	17
CAT	24	30451270	31162363	-1	bosTau7	17
CAT	24	31162363	32880320	-1	bosTau7	5
CAT	24	0	32880320	-1	calJac3	1
CAT	24	0	18256514	1	canFam2	10
CAT	24	18256514	25852051	-1	canFam2	26
CAT	24	25852051	28082421	-1	canFam2	26
CAT	24	28082421	28269519	1	canFam2	26
CAT	24	28269519	29487835	-1	canFam2	26
CAT	24	29487835	29513502	1	canFam2	26
CAT	24	29513502	29829416	-1	canFam2	26
CAT	24	29829416	31524545	1	canFam2	26
CAT	24	31524545	32880320	-1	canFam2	27
CAT	24	0	12823722	-1	capHir1	5
CAT	24	12823722	18786056	-1	capHir1	5
CAT	24	18786056	25852051	-1	capHir1	17
CAT	24	25852051	29195629	1	capHir1	17
CAT	24	29513502	31269950	-1	capHir1	17
CAT	24	31269950	32880320	-1	capHir1	5
CAT	24	0	18665406	-1	equCab2	28
CAT	24	18665406	26010550	1	equCab2	8
CAT	24	26010550	27301086	-1	equCab2	8
CAT	24	27301086	28177097	1	equCab2	8
CAT	24	28177097	29513502	-1	equCab2	8
CAT	24	29513502	30390088	-1	equCab2	8
CAT	24	30390088	32880320	1	equCab2	6
CAT	24	0	9570598	-1	galGal3	1
CAT	24	9570598	15609372	-1	galGal3	1
CAT	24	15609372	23808669	1	galGal3	1
CAT	24	23808669	25852051	-1	galGal3	15
CAT	24	25852051	29195629	1	galGal3	15
CAT	24	29513502	32114588	-1	galGal3	15
CAT	24	32114588	32880320	-1	galGal3	1
CAT	24	0	29195629	-1	gorGor3	22
CAT	24	29195629	29513502	1	gorGor3	22
CAT	24	29513502	32880320	-1	gorGor3	22
CAT	24	0	29195629	-1	hg19	22
CAT	24	29195629	29513502	1	hg19	22
CAT	24	29513502	32880320	-1	hg19	22
CAT	24	0	15807176	-1	mm10	15
CAT	24	15807176	18847455	-1	mm10	8
CAT	24	18847455	19572516	-1	mm10	10
CAT	24	19572516	22604491	1	mm10	11
CAT	24	22604491	25852051	1	mm10	5
CAT	24	25852051	27983583	-1	mm10	10
CAT	24	27983583	31706567	1	mm10	16
CAT	24	31706567	32880320	-1	mm10	6
CAT	24	0	1451105	-1	monDom5	8
CAT	24	1451105	5901828	-1	monDom5	8
CAT	24	5901828	7394663	-1	monDom5	8
CAT	24	7394663	8029693	-1	monDom5	8
CAT	24	8029693	8680301	1	monDom5	8
CAT	24	8680301	9352758	-1	monDom5	8
CAT	24	9352758	11256431	1	monDom5	8
CAT	24	11256431	16984614	-1	monDom5	8
CAT	24	16984614	18140273	-1	monDom5	3
CAT	24	18140273	23748912	-1	monDom5	3
CAT	24	23748912	25852051	-1	monDom5	3
CAT	24	25852051	29195629	-1	monDom5	3
CAT	24	29195629	29513502	-1	monDom5	3
CAT	24	29513502	30762323	1	monDom5	3
CAT	24	30762323	31653322	-1	monDom5	3
CAT	24	31653322	32880320	-1	monDom5	8
CAT	24	0	19236627	1	oryCun2	4
CAT	24	19236627	25396089	-1	oryCun2	21
CAT	24	25852051	26667643	-1	oryCun2	21
CAT	24	26667643	29195629	-1	oryCun2	21
CAT	24	29513502	32880320	-1	oryCun2	8
CAT	24	0	29195629	-1	panTro3	22
CAT	24	29195629	29513502	1	panTro3	22
CAT	24	29513502	32880320	-1	panTro3	22
CAT	24	0	29195629	-1	ponAbe2	22
CAT	24	29195629	29513502	1	ponAbe2	22
CAT	24	29513502	32880320	-1	ponAbe2	22
CAT	24	0	25396089	-1	rheMac3	10
CAT	24	25396089	25852051	1	rheMac3	10
CAT	24	25852051	32880320	-1	rheMac3	10
CAT	24	0	16554600	-1	rn4	7
CAT	24	16554600	19219571	-1	rn4	19
CAT	24	19219571	19954453	1	rn4	7
CAT	24	19954453	23638700	1	rn4	14
CAT	24	23638700	25852051	-1	rn4	12
CAT	24	25852051	27783953	1	rn4	20
CAT	24	27783953	31652386	-1	rn4	11
CAT	24	31652386	32880320	-1	rn4	4
CAT	24	0	16172908	1	susScr2	5
CAT	24	16172908	25852051	-1	susScr2	14
CAT	24	25852051	26280438	1	susScr2	14
CAT	24	26280438	27706733	-1	susScr2	14
CAT	24	27706733	29977794	1	susScr2	14
CAT	24	29977794	30606781	-1	susScr2	14
CAT	24	30606781	30922951	1	susScr2	14
CAT	24	30922951	31570589	-1	susScr2	14
CAT	24	31570589	32880320	-1	susScr2	5
