0	1	0.99994614901806322393
0	-8	0.99999143211720320501
0	9	0.99999388270845257498
0	-12	0.99568032937865880161
0	-13	0.99999589511185871249
0	13	0.99568032937865880161
0	-14	0.99999807135655949253
0	14	1.00000000000000000000
0	15	0.99994614901806322393
0	-19	1.00000000000000000000
0	20	0.99999807135655949253
0	-29	0.99996032507507681686
0	30	1.00000000000000000000
0	-30	1.00000000000000000000
0	31	0.99991336316206469448
0	-42	0.99999791474762422805
0	43	0.99999214980774964179
0	-46	1.00000000000000000000
0	47	0.99916093236688896528
0	-50	0.99996032507507681686
0	-51	0.99999776638270221341
0	51	0.99999791474762422805
0	-52	0.99999807135655949253
0	52	0.99999776638270221341
0	53	0.99999580607887417205
0	-55	0.99999776638270221341
0	56	0.99999807135655949253
0	-56	0.99999776638270221341
0	57	0.99994265572281448851
0	-57	1.00000000000000000000
0	58	0.99997981103613930998
0	-60	0.99983225044332968423
0	61	0.99999608019390529012
0	-63	1.00000000000000000000
0	64	0.99996032507507681686
0	-67	0.99999589217597117941
0	68	0.27010423200349958917
0	-68	0.00000452828253708812
0	-69	0.99998981993526858680
0	70	0.99999143211720320501
0	-73	0.99999388367189367965
0	74	1.00000000000000000000
0	-74	0.99996032507507681686
0	75	0.99994614901806322393
0	-75	1.00000000000000000000
0	-76	1.00000000000000000000
0	76	0.99995847256788228385
0	-77	1.00000000000000000000
0	77	0.99999614247161927594
1	2	0.99999014647329709238
1	-7	0.00000000051006269135
1	8	0.00000000000000727100
-1	15	0.00000000072500158504
-2	8	0.00000000131821477567
2	3	0.99897800603122943741
2	5	0.00000000000002598193
2	-6	0.00000005970845376437
-3	4	0.00000000000123824999
-3	-5	0.00000000998234873349
-3	5	0.00000000000007443242
-3	6	0.00000005071123818469
3	4	0.99996402539196660442
3	-4	0.00000000033747710057
3	-5	0.00000000006677054877
-4	5	0.00000000032260726208
4	5	0.99995946195472851237
-5	6	0.00000000000151131630
5	6	0.99965034239904126956
5	7	0.00000001915240209882
6	7	0.99955758653919934975
6	8	0.00000000476978561812
7	8	0.99955928086571521618
8	70	0.00000000001835223252
-9	43	0.00000000000871513756
9	10	0.99999015803480939546
9	11	0.00000000002450116382
10	11	0.99998812451314078587
10	12	0.00000000004761376296
-10	-11	0.00000000002450071201
11	12	0.99998811729063652454
12	13	0.00000467499124427140
13	-14	0.00000000000092991392
13	57	0.00000000000115321908
15	16	0.99999015812682290338
15	-18	0.00000000002449316399
16	-17	0.00000000283614941014
16	17	0.99917258627104788005
-16	19	0.00000000002449316399
-17	18	0.00000000283614941014
17	18	0.99998629197072885777
18	19	0.99999004537354485578
20	21	0.99999015812686264937
20	-26	0.00000000002421573388
-20	-35	0.00000000000004650862
21	22	0.99358611149407582985
21	23	0.00000000002573753029
21	-24	0.00000247878707691033
21	24	0.00000000004372425616
21	25	0.00000467293865530694
-21	27	0.00000000002421573388
-22	25	0.00000451835943502539
22	-23	0.00000452825919902094
22	23	0.99574343889220073844
23	24	0.99573471198789809122
23	25	0.00000000002573702269
-23	24	0.00000452821953576654
24	25	0.99454265479653247706
-25	47	0.00000000000480873470
25	26	0.99903756526304599017
25	-65	0.00000023224068773099
26	27	0.99999015812767577671
-26	66	0.00000023222242940644
27	28	0.27010666450787207404
27	-28	0.23066980790398977641
27	29	0.00000000000677333223
28	29	0.27010669044722068755
-28	29	0.23066951676364805257
29	31	0.00000000033217347338
31	32	0.99999014543505937436
31	-32	0.00000005567422641009
-31	41	0.00000000000556032447
-31	-61	0.00000000000002079824
-31	75	0.00000000064557246255
32	33	0.98657950057839072233
32	61	0.00000000000477431355
-32	33	0.00000001047216733928
-32	-61	0.00000000000000014915
33	34	0.99999015812372071821
33	-34	0.00000000002421766643
-34	35	0.00000000002421766913
34	35	0.99999013423201710271
34	-37	0.00000000000004525609
-35	-67	0.00000000000001259042
35	36	0.99466889649956402586
35	-36	0.00000685636584300244
35	37	0.00000000000000243711
-36	37	0.00000773285073201055
36	37	0.99454552754456493346
37	38	0.77012560492841386495
37	39	0.05260756383964496075
37	40	0.00000000000030658516
-38	40	0.00000001116549232708
38	-39	0.00000001112552315441
38	39	0.76783742238354368848
39	40	0.99998948239146911998
-40	-55	0.00000000000001379897
-40	-61	0.00000000000000027562
40	-41	0.00000452818030952485
40	41	0.99572479284940806910
40	-61	0.00000000000016774884
41	42	0.99574324239194433872
41	-61	0.00000000000006922104
-41	42	0.00000452821672321909
-41	-61	0.00000000000007544474
42	51	0.00000000000108707050
-43	-56	0.00000000000120142211
43	-44	0.00000026414801293405
43	44	0.99974211300920667878
43	-45	0.00000020851601306754
43	45	0.00000000000078964814
44	-45	0.00000000228860682625
44	45	0.53369636553102051124
-44	-45	0.00000006638756128571
45	46	0.53247162464158170891
-45	46	0.21635375230294870419
-47	-49	0.00000000000544176105
-47	50	0.00000090251627150711
47	48	0.99996964151902378859
47	49	0.00000000023041283930
-48	50	0.00000003223151340275
48	49	0.99996964151902378859
48	-49	0.00000003230112485005
49	50	0.99359144126386333973
50	76	0.00000000039047761420
51	52	0.00000000000124726295
52	56	0.00000000000092991728
53	-54	0.00000000002433559346
53	54	0.99999010941390498175
-53	-65	0.00000000000103222427
-53	76	0.00000000000119026614
54	55	0.99999015812686065097
-54	55	0.00000000002433559346
-57	60	0.00000000000001184283
-57	-60	0.00000000043628819190
-58	59	0.00000000000017212194
-58	77	0.00000000000093004226
58	59	0.99998949288188310192
58	-59	0.00000000002857995321
58	77	0.00000000000001184315
-59	60	0.00000000002743664595
59	60	0.99998917193717773433
59	-60	0.00000000000730764280
59	-69	0.00000000000001953706
-61	-69	0.00000000000098103195
61	-62	0.00000000008329327729
61	62	0.99998902256156996238
61	63	0.00000000000003401581
62	63	0.99996810618355713718
-62	63	0.00000000008534362919
-63	-70	0.00000000000000078250
64	65	0.99999015812767533262
64	-66	0.00000000002421574161
-64	-74	0.00000000039353272365
-65	67	0.00000000002421574161
65	66	0.99903320802440187531
65	-67	0.00000000000100030246
66	67	0.99999015812372049616
68	69	0.51860958762733577743
-68	69	0.23067317223378183688
69	-73	0.00000000000793685608
70	71	0.99999002814055681920
70	-71	0.00000000000000021186
70	72	0.00000000002463395726
71	-72	0.00000000002461623992
71	72	0.99999002401802283835
-71	-72	0.00000000000000013600
-71	72	0.00000000000000018305
-71	73	0.00000000002455711818
72	73	0.99999007284250296390
-72	73	0.00000000000000013633
