Eutheria	8	319805	1.0
Eutheria	8	994813	1.0
Eutheria	8	1920953	1.0
Eutheria	8	2804528	1.0
Eutheria	8	3122079	1.0
Eutheria	8	3564600	1.0
Eutheria	8	3923741	1.0
Eutheria	8	4273786	1.0
Eutheria	8	5114592	1.0
Eutheria	8	5891890	1.0
Eutheria	8	6416486	1.0
Eutheria	8	6856949	1.0
Eutheria	8	7692841	1.0
Eutheria	8	8232809	1.0
Eutheria	8	8733576	1.0
Eutheria	8	9080549	1.0
Eutheria	8	9859403	1.0
Eutheria	8	10476034	1.0
Eutheria	8	11077751	1.0
Eutheria	8	11722639	1.0
Eutheria	8	12305571	1.0
Eutheria	8	12633537	1.0
Eutheria	8	12934721	1.0
Eutheria	8	13416226	1.0
Eutheria	8	14989984	1.0
Eutheria	8	15417577	1.0
Eutheria	8	16340286	1.0
Eutheria	8	17006791	1.0
Eutheria	8	20123165	1.0
Eutheria	8	20629739	1.0
Eutheria	8	21040064	1.0
Eutheria	8	21853846	1.0
Eutheria	8	22156187	1.0
Eutheria	8	24958516	1.0
Eutheria	8	25425176	1.0
Eutheria	8	26322734	1.0
Eutheria	8	27194042	1.0
Eutheria	8	27507839	1.0
Eutheria	8	27936895	1.0
Eutheria	8	28750635	1.0
Eutheria	8	29431058	1.0
Eutheria	8	29760263	1.0
Eutheria	8	30174143	1.0
Eutheria	8	31149274	1.0
Eutheria	8	31573223	1.0
Eutheria	8	32261718	1.0
Eutheria	8	32298087	1.0
Eutheria	8	32735727	1.0
Eutheria	8	33172167	1.0
Eutheria	8	33187717	1.0
Eutheria	8	33546886	1.0
Eutheria	8	33628550	1.0
Eutheria	8	34487341	1.0
Eutheria	8	34879514	1.0
Eutheria	8	35320055	1.0
Eutheria	8	35644066	1.0
Eutheria	8	35945076	1.0
Eutheria	8	36091474	0.999999
Eutheria	8	36485595	1.0
Eutheria	8	36678013	1.0
Eutheria	8	37081387	1.0
Eutheria	8	37551754	1.0
Eutheria	8	37794392	0.999994
Eutheria	8	38259164	1.0
Eutheria	8	38663073	1.0
Eutheria	8	38972849	1.0
Eutheria	8	39363271	1.0
Eutheria	8	40227158	1.0
Eutheria	8	40542518	1.0
Eutheria	8	40933376	1.0
Eutheria	8	40973616	1.0
Eutheria	8	41383917	1.0
Eutheria	8	41900435	1.0
Eutheria	8	42230354	1.0
Eutheria	8	43108498	1.0
Eutheria	8	44386259	1.0
Eutheria	8	44999816	1.0
Eutheria	8	45512522	1.0
Eutheria	8	46124043	1.0
Eutheria	8	46826221	1.0
Eutheria	8	47156090	1.0
Eutheria	8	47677669	1.0
Eutheria	8	49251827	1.0
Eutheria	8	49633369	1.0
Eutheria	8	50001471	1.0
Eutheria	8	50588476	1.0
Eutheria	8	51031954	1.0
Eutheria	8	52042571	1.0
Eutheria	8	52514967	1.0
Eutheria	8	53035958	1.0
Eutheria	8	53538811	1.0
Eutheria	8	55226226	1.0
Eutheria	8	55764350	1.0
Eutheria	8	56127458	1.0
Eutheria	8	56820931	1.0
Eutheria	8	57297762	1.0
Eutheria	8	57645000	1.0
Eutheria	8	58159669	1.0
Eutheria	8	60023845	1.0
Eutheria	8	60857156	1.0
Eutheria	8	64261169	1.0
Eutheria	8	66470940	1.0
Eutheria	8	66846153	1.0
Eutheria	8	67528358	1.0
Eutheria	8	67928095	1.0
Eutheria	8	68510459	1.0
Eutheria	8	68933143	1.0
Eutheria	8	69514734	1.0
Eutheria	8	70091462	1.0
Eutheria	8	70756786	1.0
Eutheria	8	71102259	1.0
Eutheria	8	71686024	1.0
Eutheria	8	73835879	1.0
Eutheria	8	74807620	0.999999
Eutheria	8	75493265	1.0
Eutheria	8	76108242	1.0
Eutheria	8	76551431	1.0
Eutheria	8	76876182	1.0
Eutheria	8	77177668	1.0
Eutheria	8	77502662	1.0
Eutheria	8	77817533	1.0
Eutheria	8	79309752	1.0
Eutheria	8	80216514	1.0
Eutheria	8	80823594	1.0
Eutheria	8	81334537	1.0
Eutheria	8	82095605	1.0
Eutheria	8	82396965	1.0
Eutheria	8	82816132	1.0
Eutheria	8	83246467	1.0
Eutheria	8	83938557	1.0
Eutheria	8	84331357	1.0
Eutheria	8	84762125	1.0
Eutheria	8	85587030	1.0
Eutheria	8	86395777	1.0
Eutheria	8	86753948	1.0
Eutheria	8	87195784	1.0
Eutheria	8	87570806	1.0
Eutheria	8	88196900	1.0
Eutheria	8	88900215	1.0
