EUA	29	0	927526	-1	bosTau7	27
EUA	29	927526	6388849	1	bosTau7	27
EUA	29	0	6388849	1	calJac3	13
EUA	29	0	1689534	1	canFam2	37
EUA	29	1689534	6388849	1	canFam2	16
EUA	29	0	6388849	1	capHir1	27
EUA	29	0	6388849	-1	equCab2	27
EUA	29	1458431	6388849	-1	galGal3	3
EUA	29	0	6388849	1	gorGor3	8
EUA	29	0	6388849	1	hg19	8
EUA	29	0	6388849	1	mm10	8
EUA	29	0	6388849	1	monDom5	1
EUA	29	0	6388849	1	panTro3	8
EUA	29	0	6388849	1	ponAbe2	8
EUA	29	0	6388849	1	rheMac3	8
EUA	29	0	6388849	-1	rn4	16
EUA	29	0	6388849	1	susScr2	15
EUA	29	0	927526	-1	bosTau7	27
EUA	29	927526	6388849	1	bosTau7	27
EUA	29	0	6388849	1	calJac3	13
EUA	29	0	1689534	1	canFam2	37
EUA	29	1689534	6388849	1	canFam2	16
EUA	29	0	6388849	1	capHir1	27
EUA	29	0	6388849	-1	equCab2	27
EUA	29	1458431	6388849	-1	galGal3	3
EUA	29	0	6388849	1	gorGor3	8
EUA	29	0	6388849	1	hg19	8
EUA	29	0	6388849	1	mm10	8
EUA	29	0	6388849	1	monDom5	1
EUA	29	0	6388849	1	panTro3	8
EUA	29	0	6388849	1	ponAbe2	8
EUA	29	0	6388849	1	rheMac3	8
EUA	29	0	6388849	-1	rn4	16
EUA	29	0	6388849	1	susScr2	15
EUA	29	0	927526	-1	bosTau7	27
EUA	29	927526	6388849	1	bosTau7	27
EUA	29	0	6388849	1	calJac3	13
EUA	29	0	1689534	1	canFam2	37
EUA	29	1689534	6388849	1	canFam2	16
EUA	29	0	6388849	1	capHir1	27
EUA	29	0	6388849	-1	equCab2	27
EUA	29	1458431	6388849	-1	galGal3	3
EUA	29	0	6388849	1	gorGor3	8
EUA	29	0	6388849	1	hg19	8
EUA	29	0	6388849	1	mm10	8
EUA	29	0	6388849	1	monDom5	1
EUA	29	0	6388849	1	panTro3	8
EUA	29	0	6388849	1	ponAbe2	8
EUA	29	0	6388849	1	rheMac3	8
EUA	29	0	6388849	-1	rn4	16
EUA	29	0	6388849	1	susScr2	15
EUA	29	0	927526	-1	bosTau7	27
EUA	29	927526	6388849	1	bosTau7	27
EUA	29	0	6388849	1	calJac3	13
EUA	29	0	1689534	1	canFam2	37
EUA	29	1689534	6388849	1	canFam2	16
EUA	29	0	6388849	1	capHir1	27
EUA	29	0	6388849	-1	equCab2	27
EUA	29	1458431	6388849	-1	galGal3	3
EUA	29	0	6388849	1	gorGor3	8
EUA	29	0	6388849	1	hg19	8
EUA	29	0	6388849	1	mm10	8
EUA	29	0	6388849	1	monDom5	1
EUA	29	0	6388849	1	panTro3	8
EUA	29	0	6388849	1	ponAbe2	8
EUA	29	0	6388849	1	rheMac3	8
EUA	29	0	6388849	-1	rn4	16
EUA	29	0	6388849	1	susScr2	15
EUA	29	0	927526	-1	bosTau7	27
EUA	29	927526	6388849	1	bosTau7	27
EUA	29	0	6388849	1	calJac3	13
EUA	29	0	1689534	1	canFam2	37
EUA	29	1689534	6388849	1	canFam2	16
EUA	29	0	6388849	1	capHir1	27
EUA	29	0	6388849	-1	equCab2	27
EUA	29	1458431	6388849	-1	galGal3	3
EUA	29	0	6388849	1	gorGor3	8
EUA	29	0	6388849	1	hg19	8
EUA	29	0	6388849	1	mm10	8
EUA	29	0	6388849	1	monDom5	1
EUA	29	0	6388849	1	panTro3	8
EUA	29	0	6388849	1	ponAbe2	8
EUA	29	0	6388849	1	rheMac3	8
EUA	29	0	6388849	-1	rn4	16
EUA	29	0	6388849	1	susScr2	15
EUA	29	0	927526	-1	bosTau7	27
EUA	29	927526	6388849	1	bosTau7	27
EUA	29	0	6388849	1	calJac3	13
EUA	29	0	1689534	1	canFam2	37
EUA	29	1689534	6388849	1	canFam2	16
EUA	29	0	6388849	1	capHir1	27
EUA	29	0	6388849	-1	equCab2	27
EUA	29	1458431	6388849	-1	galGal3	3
EUA	29	0	6388849	1	gorGor3	8
EUA	29	0	6388849	1	hg19	8
EUA	29	0	6388849	1	mm10	8
EUA	29	0	6388849	1	monDom5	1
EUA	29	0	6388849	1	panTro3	8
EUA	29	0	6388849	1	ponAbe2	8
EUA	29	0	6388849	1	rheMac3	8
EUA	29	0	6388849	-1	rn4	16
EUA	29	0	6388849	1	susScr2	15
