HOMININI	21	0	3815749	-1	bosTau7	13
HOMININI	21	3815749	9541622	1	bosTau7	13
HOMININI	21	9541622	22472596	1	bosTau7	13
HOMININI	21	22472596	54299970	1	bosTau7	13
HOMININI	21	54299970	62873991	-1	bosTau7	13
HOMININI	21	0	27123989	1	calJac3	5
HOMININI	21	27123989	33615850	-1	calJac3	5
HOMININI	21	33615850	62873991	1	calJac3	5
HOMININI	21	0	26273726	-1	canFam2	24
HOMININI	21	26273726	28532752	1	canFam2	23
HOMININI	21	28532752	62873991	1	canFam2	24
HOMININI	21	0	1621167	-1	capHir1	13
HOMININI	21	1621167	4985206	-1	capHir1	13
HOMININI	21	4985206	9667952	1	capHir1	13
HOMININI	21	9667952	22138147	1	capHir1	13
HOMININI	21	22138147	29013344	1	capHir1	13
HOMININI	21	29013344	55878851	1	capHir1	13
HOMININI	21	55878851	62873991	-1	capHir1	13
HOMININI	21	0	27556684	-1	equCab2	22
HOMININI	21	27556684	62873991	1	equCab2	22
HOMININI	21	0	18205501	-1	galGal3	3
HOMININI	21	18205501	27194340	-1	galGal3	20
HOMININI	21	27194340	47972527	-1	galGal3	20
HOMININI	21	47972527	62873991	1	galGal3	20
HOMININI	21	0	62873991	1	gorGor3	20
HOMININI	21	0	62873991	1	hg19	20
HOMININI	21	0	62873991	1	mm10	2
HOMININI	21	0	1636018	1	monDom5	1
HOMININI	21	1636018	25966030	-1	monDom5	1
HOMININI	21	25966030	29204526	1	monDom5	1
HOMININI	21	29204526	30765042	1	monDom5	1
HOMININI	21	30765042	36921038	-1	monDom5	1
HOMININI	21	36921038	38196138	1	monDom5	1
HOMININI	21	38196138	62873991	-1	monDom5	1
HOMININI	21	0	11476262	1	oryCun2	4
HOMININI	21	11476262	46060505	-1	oryCun2	4
HOMININI	21	46060505	62873991	-1	oryCun2	4
HOMININI	21	0	62873991	1	panTro3	20
HOMININI	21	0	5857111	-1	ponAbe2	20
HOMININI	21	5857111	27430318	1	ponAbe2	20
HOMININI	21	27430318	62873991	1	ponAbe2	20
HOMININI	21	0	27378199	1	rheMac3	10
HOMININI	21	27378199	62873991	-1	rheMac3	10
HOMININI	21	0	62873991	1	rn4	3
HOMININI	21	0	5040396	-1	susScr2	17
HOMININI	21	5040396	29521925	1	susScr2	17
HOMININI	21	29521925	62873991	1	susScr2	17
