HOMININI	12	0	14530759	1	bosTau7	2
HOMININI	12	14530759	18228172	-1	bosTau7	2
HOMININI	12	18228172	79882956	-1	bosTau7	2
HOMININI	12	79882956	121771262	1	bosTau7	2
HOMININI	12	121771262	128700858	1	bosTau7	3
HOMININI	12	0	13242648	1	calJac3	6
HOMININI	12	13242648	16754580	-1	calJac3	6
HOMININI	12	16754580	71576222	-1	calJac3	6
HOMININI	12	71576222	128700858	1	calJac3	6
HOMININI	12	0	17324245	-1	canFam2	19
HOMININI	12	17324245	39350556	1	canFam2	19
HOMININI	12	39350556	76280207	1	canFam2	36
HOMININI	12	76280207	112070561	1	canFam2	37
HOMININI	12	112070561	128700858	1	canFam2	25
HOMININI	12	0	14849007	1	capHir1	2
HOMININI	12	14849007	18197845	-1	capHir1	2
HOMININI	12	18197845	79925997	-1	capHir1	2
HOMININI	12	79925997	120339944	1	capHir1	2
HOMININI	12	120339944	128700858	1	capHir1	3
HOMININI	12	0	18601775	-1	equCab2	18
HOMININI	12	18601775	96730317	1	equCab2	18
HOMININI	12	96730317	128700858	1	equCab2	6
HOMININI	12	0	39473356	1	galGal3	7
HOMININI	12	39473356	87370584	-1	galGal3	7
HOMININI	12	87370584	111162080	1	galGal3	7
HOMININI	12	111162080	128700858	1	galGal3	9
HOMININI	12	0	128700858	1	gorGor3	2B
HOMININI	12	0	128700858	1	hg19	2
HOMININI	12	0	8801364	-1	mm10	1
HOMININI	12	8801364	13098990	1	mm10	1
HOMININI	12	13098990	18738039	1	mm10	1
HOMININI	12	18738039	72480394	1	mm10	2
HOMININI	12	72480394	80305537	-1	mm10	1
HOMININI	12	80305537	128700858	1	mm10	1
HOMININI	12	0	19609993	-1	monDom5	4
HOMININI	12	19609993	100119669	1	monDom5	4
HOMININI	12	100119669	119164464	-1	monDom5	7
HOMININI	12	119164464	128700858	-1	monDom5	7
HOMININI	12	0	7669369	-1	oryCun2	7
HOMININI	12	7669369	15134282	1	oryCun2	7
HOMININI	12	15134282	128700858	1	oryCun2	7
HOMININI	12	0	128700858	1	panTro3	2B
HOMININI	12	0	17713722	-1	ponAbe2	2b
HOMININI	12	17713722	128700858	1	ponAbe2	2b
HOMININI	12	0	17402386	1	rheMac3	13
HOMININI	12	17402386	21692685	-1	rheMac3	13
HOMININI	12	21692685	128700858	1	rheMac3	12
HOMININI	12	0	8451161	-1	rn4	13
HOMININI	12	8451161	14475813	1	rn4	13
HOMININI	12	14475813	70546478	1	rn4	3
HOMININI	12	70546478	128700858	1	rn4	9
HOMININI	12	0	7024986	1	susScr2	15
HOMININI	12	7024986	14008181	-1	susScr2	15
HOMININI	12	14008181	34875597	-1	susScr2	15
HOMININI	12	34875597	128700858	1	susScr2	15
