HOMININI	5	0	30558364	-1	bosTau7	23
HOMININI	5	30558364	52214659	1	bosTau7	23
HOMININI	5	52214659	57857545	1	bosTau7	23
HOMININI	5	57857545	81405551	1	bosTau7	9
HOMININI	5	81405551	124145831	-1	bosTau7	9
HOMININI	5	124145831	170816188	1	bosTau7	9
HOMININI	5	0	26408708	-1	calJac3	4
HOMININI	5	26408708	170816188	1	calJac3	4
HOMININI	5	0	31064388	1	canFam2	35
HOMININI	5	31064388	117245348	1	canFam2	12
HOMININI	5	117245348	132660262	1	canFam2	1
HOMININI	5	132660262	170816188	1	canFam2	1
HOMININI	5	0	29009981	-1	capHir1	23
HOMININI	5	29009981	47393515	1	capHir1	23
HOMININI	5	47393515	53795887	-1	capHir1	23
HOMININI	5	53795887	63486889	-1	capHir1	14
HOMININI	5	63486889	76223198	1	capHir1	9
HOMININI	5	76223198	126028191	-1	capHir1	9
HOMININI	5	126028191	170816188	1	capHir1	9
HOMININI	5	0	73773275	1	equCab2	20
HOMININI	5	73773275	141066982	1	equCab2	10
HOMININI	5	141066982	158369181	-1	equCab2	31
HOMININI	5	158369181	170816188	1	equCab2	31
HOMININI	5	0	13953205	-1	galGal3	2
HOMININI	5	13953205	134201834	-1	galGal3	3
HOMININI	5	134201834	154221258	1	galGal3	3
HOMININI	5	154221258	170816188	-1	galGal3	3
HOMININI	5	0	170816188	1	gorGor3	6
HOMININI	5	0	170816188	1	hg19	6
HOMININI	5	0	21445494	1	mm10	13
HOMININI	5	21445494	32222351	-1	mm10	13
HOMININI	5	32222351	36526024	-1	mm10	17
HOMININI	5	36526024	41344141	1	mm10	17
HOMININI	5	41344141	52287149	-1	mm10	17
HOMININI	5	52287149	67877567	-1	mm10	1
HOMININI	5	67877567	80004189	1	mm10	9
HOMININI	5	80004189	96139157	-1	mm10	4
HOMININI	5	96139157	117003082	-1	mm10	10
HOMININI	5	117003082	124510139	1	mm10	10
HOMININI	5	124510139	155711733	-1	mm10	10
HOMININI	5	155711733	160533428	1	mm10	10
HOMININI	5	160533428	165136119	1	mm10	17
HOMININI	5	165136119	170816188	-1	mm10	17
HOMININI	5	0	2754580	1	monDom5	3
HOMININI	5	2754580	26488345	-1	monDom5	3
HOMININI	5	26488345	170816188	1	monDom5	2
HOMININI	5	0	10663212	1	oryCun2	12
HOMININI	5	10663212	18688412	-1	oryCun2	12
HOMININI	5	18688412	170816188	1	oryCun2	12
HOMININI	5	0	170816188	1	panTro3	6
HOMININI	5	0	170816188	1	ponAbe2	6
HOMININI	5	0	106436088	1	rheMac3	4
HOMININI	5	106436088	158927039	-1	rheMac3	4
HOMININI	5	158927039	170816188	1	rheMac3	4
HOMININI	5	0	19803128	-1	rn4	17
HOMININI	5	19803128	28129703	1	rn4	17
HOMININI	5	28129703	36786085	1	rn4	20
HOMININI	5	36786085	51734092	1	rn4	9
HOMININI	5	51734092	65977590	-1	rn4	9
HOMININI	5	65977590	77292031	1	rn4	8
HOMININI	5	77292031	94212715	-1	rn4	5
HOMININI	5	94212715	112481075	-1	rn4	20
HOMININI	5	112481075	119916753	1	rn4	20
HOMININI	5	119916753	125687475	1	rn4	1
HOMININI	5	125687475	133537710	1	rn4	1
HOMININI	5	133537710	148897534	-1	rn4	1
HOMININI	5	148897534	170816188	1	rn4	1
HOMININI	5	0	52486111	1	susScr2	7
HOMININI	5	52486111	62915829	1	susScr2	1
HOMININI	5	62915829	77368227	-1	susScr2	1
HOMININI	5	77368227	115150974	1	susScr2	1
HOMININI	5	115150974	170816188	-1	susScr2	1
