HOMININI	11	0	2039390	1	bosTau7	5
HOMININI	11	2039390	5526952	-1	bosTau7	5
HOMININI	11	5526952	6304569	-1	bosTau7	5
HOMININI	11	6304569	6781273	1	bosTau7	5
HOMININI	11	6781273	34831792	-1	bosTau7	5
HOMININI	11	34831792	53044816	-1	bosTau7	5
HOMININI	11	53044816	71887348	-1	bosTau7	5
HOMININI	11	71887348	100966656	1	bosTau7	5
HOMININI	11	100966656	113306516	1	bosTau7	5
HOMININI	11	113306516	115187783	-1	bosTau7	17
HOMININI	11	115187783	116847948	1	bosTau7	17
HOMININI	11	116847948	123127040	-1	bosTau7	17
HOMININI	11	123127040	133655423	-1	bosTau7	17
HOMININI	11	0	9638716	1	calJac3	9
HOMININI	11	9638716	20900932	-1	calJac3	9
HOMININI	11	20900932	39231142	-1	calJac3	9
HOMININI	11	39231142	85814799	1	calJac3	9
HOMININI	11	85814799	93250811	-1	calJac3	9
HOMININI	11	93250811	133655423	1	calJac3	9
HOMININI	11	0	3015618	1	canFam2	27
HOMININI	11	3015618	8299324	-1	canFam2	27
HOMININI	11	8299324	8805323	1	canFam2	27
HOMININI	11	8805323	55046470	-1	canFam2	27
HOMININI	11	55046470	75527997	1	canFam2	10
HOMININI	11	75527997	106096313	1	canFam2	15
HOMININI	11	106096313	109902241	-1	canFam2	10
HOMININI	11	109902241	112121454	-1	canFam2	26
HOMININI	11	112121454	123480851	1	canFam2	26
HOMININI	11	123480851	133655423	-1	canFam2	26
HOMININI	11	0	2786448	1	capHir1	5
HOMININI	11	2786448	34827046	-1	capHir1	5
HOMININI	11	34827046	53258630	-1	capHir1	5
HOMININI	11	53258630	71668217	-1	capHir1	5
HOMININI	11	71668217	99276595	1	capHir1	5
HOMININI	11	99276595	111893096	1	capHir1	5
HOMININI	11	111893096	133655423	-1	capHir1	17
HOMININI	11	0	2765220	-1	equCab2	6
HOMININI	11	2765220	70218525	1	equCab2	6
HOMININI	11	70218525	109548824	1	equCab2	28
HOMININI	11	109548824	111723969	-1	equCab2	8
HOMININI	11	111723969	122803710	-1	equCab2	8
HOMININI	11	122803710	133655423	1	equCab2	8
HOMININI	11	0	4340614	1	galGal3	1
HOMININI	11	4340614	6844055	1	galGal3	1
HOMININI	11	6844055	8388511	1	galGal3	1
HOMININI	11	8388511	9618322	1	galGal3	1
HOMININI	11	9618322	11524332	1	galGal3	1
HOMININI	11	11524332	13726113	1	galGal3	1
HOMININI	11	13726113	20900932	1	galGal3	1
HOMININI	11	20900932	28752844	-1	galGal3	1
HOMININI	11	28752844	34167458	1	galGal3	1
HOMININI	11	34167458	39766997	-1	galGal3	1
HOMININI	11	39766997	109117545	1	galGal3	1
HOMININI	11	109117545	116920548	-1	galGal3	1
HOMININI	11	116920548	121495782	-1	galGal3	15
HOMININI	11	121495782	133655423	-1	galGal3	15
HOMININI	11	0	133655423	1	gorGor3	12
HOMININI	11	0	133655423	1	hg19	12
HOMININI	11	0	1851893	-1	mm10	6
HOMININI	11	1851893	8603311	-1	mm10	6
HOMININI	11	8603311	32021483	1	mm10	6
HOMININI	11	32021483	51580256	1	mm10	15
HOMININI	11	51580256	108850289	-1	mm10	10
HOMININI	11	108850289	113068798	1	mm10	10
HOMININI	11	113068798	114909914	1	mm10	5
HOMININI	11	114909914	124760021	-1	mm10	5
HOMININI	11	124760021	133655423	1	mm10	5
HOMININI	11	0	2858229	1	monDom5	8
HOMININI	11	2858229	5359970	-1	monDom5	8
HOMININI	11	5359970	8443358	1	monDom5	8
HOMININI	11	8443358	10490892	-1	monDom5	8
HOMININI	11	10490892	10947385	-1	monDom5	8
HOMININI	11	10947385	15244552	-1	monDom5	8
HOMININI	11	15244552	31065554	-1	monDom5	8
HOMININI	11	31065554	34639231	1	monDom5	8
HOMININI	11	34639231	40490221	-1	monDom5	8
HOMININI	11	40490221	42648845	1	monDom5	8
HOMININI	11	42648845	44914546	1	monDom5	8
HOMININI	11	44914546	48132967	-1	monDom5	8
HOMININI	11	48132967	52590249	1	monDom5	8
HOMININI	11	52590249	63217617	1	monDom5	8
HOMININI	11	63217617	65562559	-1	monDom5	8
HOMININI	11	65562559	68233113	-1	monDom5	8
HOMININI	11	68233113	90145679	1	monDom5	8
HOMININI	11	90145679	108523648	1	monDom5	8
HOMININI	11	108523648	110355522	-1	monDom5	3
HOMININI	11	110355522	116336781	-1	monDom5	3
HOMININI	11	116336781	120107233	1	monDom5	3
HOMININI	11	120107233	123157233	1	monDom5	3
HOMININI	11	123157233	125262788	-1	monDom5	3
HOMININI	11	125262788	126508460	1	monDom5	3
HOMININI	11	126508460	133655423	-1	monDom5	3
HOMININI	11	0	20900932	1	panTro3	12
HOMININI	11	20900932	68233113	-1	panTro3	12
HOMININI	11	68233113	133655423	1	panTro3	12
HOMININI	11	0	133655423	1	ponAbe2	12
HOMININI	11	0	1861413	-1	rn4	4
HOMININI	11	1861413	8960239	-1	rn4	4
HOMININI	11	8960239	31775794	1	rn4	4
HOMININI	11	31775794	52429913	1	rn4	7
HOMININI	11	52429913	53861423	-1	rn4	7
HOMININI	11	53861423	115053980	-1	rn4	7
HOMININI	11	115053980	124905606	1	rn4	12
HOMININI	11	124905606	133655423	-1	rn4	12
HOMININI	11	0	2758544	1	susScr2	5
HOMININI	11	2758544	10904014	-1	susScr2	5
HOMININI	11	10904014	11582765	1	susScr2	5
HOMININI	11	11582765	34073627	-1	susScr2	5
HOMININI	11	34073627	44748023	1	susScr2	5
HOMININI	11	44748023	79286870	1	susScr2	5
HOMININI	11	79286870	81347741	1	susScr2	5
HOMININI	11	81347741	102753951	-1	susScr2	5
HOMININI	11	102753951	106382916	-1	susScr2	5
HOMININI	11	106382916	108868226	-1	susScr2	14
HOMININI	11	108868226	110867983	1	susScr2	14
HOMININI	11	110867983	120593700	-1	susScr2	14
HOMININI	11	120593700	133655423	-1	susScr2	14
HOMININI	11	0	2039390	1	bosTau7	5
HOMININI	11	2039390	5526952	-1	bosTau7	5
HOMININI	11	5526952	6304569	-1	bosTau7	5
HOMININI	11	6304569	6781273	1	bosTau7	5
HOMININI	11	6781273	34831792	-1	bosTau7	5
HOMININI	11	34831792	53044816	-1	bosTau7	5
HOMININI	11	53044816	71887348	-1	bosTau7	5
HOMININI	11	71887348	100966656	1	bosTau7	5
HOMININI	11	100966656	113306516	1	bosTau7	5
HOMININI	11	113306516	115187783	-1	bosTau7	17
HOMININI	11	115187783	116847948	1	bosTau7	17
HOMININI	11	116847948	123127040	-1	bosTau7	17
HOMININI	11	123127040	133655423	-1	bosTau7	17
HOMININI	11	0	9638716	1	calJac3	9
HOMININI	11	9638716	20900932	-1	calJac3	9
HOMININI	11	20900932	39231142	-1	calJac3	9
HOMININI	11	39231142	85814799	1	calJac3	9
HOMININI	11	85814799	93250811	-1	calJac3	9
HOMININI	11	93250811	133655423	1	calJac3	9
HOMININI	11	0	3015618	1	canFam2	27
HOMININI	11	3015618	8299324	-1	canFam2	27
HOMININI	11	8299324	8805323	1	canFam2	27
HOMININI	11	8805323	55046470	-1	canFam2	27
HOMININI	11	55046470	75527997	1	canFam2	10
HOMININI	11	75527997	106096313	1	canFam2	15
HOMININI	11	106096313	109902241	-1	canFam2	10
HOMININI	11	109902241	112121454	-1	canFam2	26
HOMININI	11	112121454	123480851	1	canFam2	26
HOMININI	11	123480851	133655423	-1	canFam2	26
HOMININI	11	0	2786448	1	capHir1	5
HOMININI	11	2786448	34827046	-1	capHir1	5
HOMININI	11	34827046	53258630	-1	capHir1	5
HOMININI	11	53258630	71668217	-1	capHir1	5
HOMININI	11	71668217	99276595	1	capHir1	5
HOMININI	11	99276595	111893096	1	capHir1	5
HOMININI	11	111893096	133655423	-1	capHir1	17
HOMININI	11	0	2765220	-1	equCab2	6
HOMININI	11	2765220	70218525	1	equCab2	6
HOMININI	11	70218525	109548824	1	equCab2	28
HOMININI	11	109548824	111723969	-1	equCab2	8
HOMININI	11	111723969	122803710	-1	equCab2	8
HOMININI	11	122803710	133655423	1	equCab2	8
HOMININI	11	0	4340614	1	galGal3	1
HOMININI	11	4340614	6844055	1	galGal3	1
HOMININI	11	6844055	8388511	1	galGal3	1
HOMININI	11	8388511	9618322	1	galGal3	1
HOMININI	11	9618322	11524332	1	galGal3	1
HOMININI	11	11524332	13726113	1	galGal3	1
HOMININI	11	13726113	20900932	1	galGal3	1
HOMININI	11	20900932	28752844	-1	galGal3	1
HOMININI	11	28752844	34167458	1	galGal3	1
HOMININI	11	34167458	39766997	-1	galGal3	1
HOMININI	11	39766997	109117545	1	galGal3	1
HOMININI	11	109117545	116920548	-1	galGal3	1
HOMININI	11	116920548	121495782	-1	galGal3	15
HOMININI	11	121495782	133655423	-1	galGal3	15
HOMININI	11	0	133655423	1	gorGor3	12
HOMININI	11	0	133655423	1	hg19	12
HOMININI	11	0	1851893	-1	mm10	6
HOMININI	11	1851893	8603311	-1	mm10	6
HOMININI	11	8603311	32021483	1	mm10	6
HOMININI	11	32021483	51580256	1	mm10	15
HOMININI	11	51580256	108850289	-1	mm10	10
HOMININI	11	108850289	113068798	1	mm10	10
HOMININI	11	113068798	114909914	1	mm10	5
HOMININI	11	114909914	124760021	-1	mm10	5
HOMININI	11	124760021	133655423	1	mm10	5
HOMININI	11	0	2858229	1	monDom5	8
HOMININI	11	2858229	5359970	-1	monDom5	8
HOMININI	11	5359970	8443358	1	monDom5	8
HOMININI	11	8443358	10490892	-1	monDom5	8
HOMININI	11	10490892	10947385	-1	monDom5	8
HOMININI	11	10947385	15244552	-1	monDom5	8
HOMININI	11	15244552	31065554	-1	monDom5	8
HOMININI	11	31065554	34639231	1	monDom5	8
HOMININI	11	34639231	40490221	-1	monDom5	8
HOMININI	11	40490221	42648845	1	monDom5	8
HOMININI	11	42648845	44914546	1	monDom5	8
HOMININI	11	44914546	48132967	-1	monDom5	8
HOMININI	11	48132967	52590249	1	monDom5	8
HOMININI	11	52590249	63217617	1	monDom5	8
HOMININI	11	63217617	65562559	-1	monDom5	8
HOMININI	11	65562559	68233113	-1	monDom5	8
HOMININI	11	68233113	90145679	1	monDom5	8
HOMININI	11	90145679	108523648	1	monDom5	8
HOMININI	11	108523648	110355522	-1	monDom5	3
HOMININI	11	110355522	116336781	-1	monDom5	3
HOMININI	11	116336781	120107233	1	monDom5	3
HOMININI	11	120107233	123157233	1	monDom5	3
HOMININI	11	123157233	125262788	-1	monDom5	3
HOMININI	11	125262788	126508460	1	monDom5	3
HOMININI	11	126508460	133655423	-1	monDom5	3
HOMININI	11	0	20900932	1	panTro3	12
HOMININI	11	20900932	68233113	-1	panTro3	12
HOMININI	11	68233113	133655423	1	panTro3	12
HOMININI	11	0	133655423	1	ponAbe2	12
HOMININI	11	0	1861413	-1	rn4	4
HOMININI	11	1861413	8960239	-1	rn4	4
HOMININI	11	8960239	31775794	1	rn4	4
HOMININI	11	31775794	52429913	1	rn4	7
HOMININI	11	52429913	53861423	-1	rn4	7
HOMININI	11	53861423	115053980	-1	rn4	7
HOMININI	11	115053980	124905606	1	rn4	12
HOMININI	11	124905606	133655423	-1	rn4	12
HOMININI	11	0	2758544	1	susScr2	5
HOMININI	11	2758544	10904014	-1	susScr2	5
HOMININI	11	10904014	11582765	1	susScr2	5
HOMININI	11	11582765	34073627	-1	susScr2	5
HOMININI	11	34073627	44748023	1	susScr2	5
HOMININI	11	44748023	79286870	1	susScr2	5
HOMININI	11	79286870	81347741	1	susScr2	5
HOMININI	11	81347741	102753951	-1	susScr2	5
HOMININI	11	102753951	106382916	-1	susScr2	5
HOMININI	11	106382916	108868226	-1	susScr2	14
HOMININI	11	108868226	110867983	1	susScr2	14
HOMININI	11	110867983	120593700	-1	susScr2	14
HOMININI	11	120593700	133655423	-1	susScr2	14
HOMININI	11	0	2039390	1	bosTau7	5
HOMININI	11	2039390	5526952	-1	bosTau7	5
HOMININI	11	5526952	6304569	-1	bosTau7	5
HOMININI	11	6304569	6781273	1	bosTau7	5
HOMININI	11	6781273	34831792	-1	bosTau7	5
HOMININI	11	34831792	53044816	-1	bosTau7	5
HOMININI	11	53044816	71887348	-1	bosTau7	5
HOMININI	11	71887348	100966656	1	bosTau7	5
HOMININI	11	100966656	113306516	1	bosTau7	5
HOMININI	11	113306516	115187783	-1	bosTau7	17
HOMININI	11	115187783	116847948	1	bosTau7	17
HOMININI	11	116847948	123127040	-1	bosTau7	17
HOMININI	11	123127040	133655423	-1	bosTau7	17
HOMININI	11	0	9638716	1	calJac3	9
HOMININI	11	9638716	20900932	-1	calJac3	9
HOMININI	11	20900932	39231142	-1	calJac3	9
HOMININI	11	39231142	85814799	1	calJac3	9
HOMININI	11	85814799	93250811	-1	calJac3	9
HOMININI	11	93250811	133655423	1	calJac3	9
HOMININI	11	0	3015618	1	canFam2	27
HOMININI	11	3015618	8299324	-1	canFam2	27
HOMININI	11	8299324	8805323	1	canFam2	27
HOMININI	11	8805323	55046470	-1	canFam2	27
HOMININI	11	55046470	75527997	1	canFam2	10
HOMININI	11	75527997	106096313	1	canFam2	15
HOMININI	11	106096313	109902241	-1	canFam2	10
HOMININI	11	109902241	112121454	-1	canFam2	26
HOMININI	11	112121454	123480851	1	canFam2	26
HOMININI	11	123480851	133655423	-1	canFam2	26
HOMININI	11	0	2786448	1	capHir1	5
HOMININI	11	2786448	34827046	-1	capHir1	5
HOMININI	11	34827046	53258630	-1	capHir1	5
HOMININI	11	53258630	71668217	-1	capHir1	5
HOMININI	11	71668217	99276595	1	capHir1	5
HOMININI	11	99276595	111893096	1	capHir1	5
HOMININI	11	111893096	133655423	-1	capHir1	17
HOMININI	11	0	2765220	-1	equCab2	6
HOMININI	11	2765220	70218525	1	equCab2	6
HOMININI	11	70218525	109548824	1	equCab2	28
HOMININI	11	109548824	111723969	-1	equCab2	8
HOMININI	11	111723969	122803710	-1	equCab2	8
HOMININI	11	122803710	133655423	1	equCab2	8
HOMININI	11	0	4340614	1	galGal3	1
HOMININI	11	4340614	6844055	1	galGal3	1
HOMININI	11	6844055	8388511	1	galGal3	1
HOMININI	11	8388511	9618322	1	galGal3	1
HOMININI	11	9618322	11524332	1	galGal3	1
HOMININI	11	11524332	13726113	1	galGal3	1
HOMININI	11	13726113	20900932	1	galGal3	1
HOMININI	11	20900932	28752844	-1	galGal3	1
HOMININI	11	28752844	34167458	1	galGal3	1
HOMININI	11	34167458	39766997	-1	galGal3	1
HOMININI	11	39766997	109117545	1	galGal3	1
HOMININI	11	109117545	116920548	-1	galGal3	1
HOMININI	11	116920548	121495782	-1	galGal3	15
HOMININI	11	121495782	133655423	-1	galGal3	15
HOMININI	11	0	133655423	1	gorGor3	12
HOMININI	11	0	133655423	1	hg19	12
HOMININI	11	0	1851893	-1	mm10	6
HOMININI	11	1851893	8603311	-1	mm10	6
HOMININI	11	8603311	32021483	1	mm10	6
HOMININI	11	32021483	51580256	1	mm10	15
HOMININI	11	51580256	108850289	-1	mm10	10
HOMININI	11	108850289	113068798	1	mm10	10
HOMININI	11	113068798	114909914	1	mm10	5
HOMININI	11	114909914	124760021	-1	mm10	5
HOMININI	11	124760021	133655423	1	mm10	5
HOMININI	11	0	2858229	1	monDom5	8
HOMININI	11	2858229	5359970	-1	monDom5	8
HOMININI	11	5359970	8443358	1	monDom5	8
HOMININI	11	8443358	10490892	-1	monDom5	8
HOMININI	11	10490892	10947385	-1	monDom5	8
HOMININI	11	10947385	15244552	-1	monDom5	8
HOMININI	11	15244552	31065554	-1	monDom5	8
HOMININI	11	31065554	34639231	1	monDom5	8
HOMININI	11	34639231	40490221	-1	monDom5	8
HOMININI	11	40490221	42648845	1	monDom5	8
HOMININI	11	42648845	44914546	1	monDom5	8
HOMININI	11	44914546	48132967	-1	monDom5	8
HOMININI	11	48132967	52590249	1	monDom5	8
HOMININI	11	52590249	63217617	1	monDom5	8
HOMININI	11	63217617	65562559	-1	monDom5	8
HOMININI	11	65562559	68233113	-1	monDom5	8
HOMININI	11	68233113	90145679	1	monDom5	8
HOMININI	11	90145679	108523648	1	monDom5	8
HOMININI	11	108523648	110355522	-1	monDom5	3
HOMININI	11	110355522	116336781	-1	monDom5	3
HOMININI	11	116336781	120107233	1	monDom5	3
HOMININI	11	120107233	123157233	1	monDom5	3
HOMININI	11	123157233	125262788	-1	monDom5	3
HOMININI	11	125262788	126508460	1	monDom5	3
HOMININI	11	126508460	133655423	-1	monDom5	3
HOMININI	11	0	20900932	1	panTro3	12
HOMININI	11	20900932	68233113	-1	panTro3	12
HOMININI	11	68233113	133655423	1	panTro3	12
HOMININI	11	0	133655423	1	ponAbe2	12
HOMININI	11	0	1861413	-1	rn4	4
HOMININI	11	1861413	8960239	-1	rn4	4
HOMININI	11	8960239	31775794	1	rn4	4
HOMININI	11	31775794	52429913	1	rn4	7
HOMININI	11	52429913	53861423	-1	rn4	7
HOMININI	11	53861423	115053980	-1	rn4	7
HOMININI	11	115053980	124905606	1	rn4	12
HOMININI	11	124905606	133655423	-1	rn4	12
HOMININI	11	0	2758544	1	susScr2	5
HOMININI	11	2758544	10904014	-1	susScr2	5
HOMININI	11	10904014	11582765	1	susScr2	5
HOMININI	11	11582765	34073627	-1	susScr2	5
HOMININI	11	34073627	44748023	1	susScr2	5
HOMININI	11	44748023	79286870	1	susScr2	5
HOMININI	11	79286870	81347741	1	susScr2	5
HOMININI	11	81347741	102753951	-1	susScr2	5
HOMININI	11	102753951	106382916	-1	susScr2	5
HOMININI	11	106382916	108868226	-1	susScr2	14
HOMININI	11	108868226	110867983	1	susScr2	14
HOMININI	11	110867983	120593700	-1	susScr2	14
HOMININI	11	120593700	133655423	-1	susScr2	14
