HOMININI	2	0	76124765	1	bosTau7	1
HOMININI	2	76124765	124555318	-1	bosTau7	1
HOMININI	2	124555318	156301503	1	bosTau7	22
HOMININI	2	156301503	173460558	-1	bosTau7	22
HOMININI	2	173460558	180647995	-1	bosTau7	27
HOMININI	2	180647995	186661978	-1	bosTau7	1
HOMININI	2	186661978	197897994	1	bosTau7	22
HOMININI	2	0	18547680	-1	calJac3	15
HOMININI	2	18547680	67971676	1	calJac3	17
HOMININI	2	67971676	100040330	1	calJac3	15
HOMININI	2	100040330	118914751	1	calJac3	21
HOMININI	2	118914751	154540393	-1	calJac3	15
HOMININI	2	154540393	183771776	-1	calJac3	17
HOMININI	2	183771776	197897994	-1	calJac3	15
HOMININI	2	0	15956582	-1	canFam2	34
HOMININI	2	15956582	37696119	-1	canFam2	34
HOMININI	2	37696119	69056708	-1	canFam2	23
HOMININI	2	69056708	105604855	-1	canFam2	33
HOMININI	2	105604855	119668654	1	canFam2	31
HOMININI	2	119668654	153395554	1	canFam2	20
HOMININI	2	153395554	163704591	-1	canFam2	23
HOMININI	2	163704591	183230368	1	canFam2	23
HOMININI	2	183230368	197897994	1	canFam2	20
HOMININI	2	0	75493454	1	capHir1	1
HOMININI	2	75493454	126125825	-1	capHir1	1
HOMININI	2	126125825	157784187	1	capHir1	22
HOMININI	2	157784187	173300021	-1	capHir1	22
HOMININI	2	173300021	180650933	1	capHir1	27
HOMININI	2	180650933	186684393	-1	capHir1	1
HOMININI	2	186684393	197897994	1	capHir1	22
HOMININI	2	0	38868179	-1	equCab2	19
HOMININI	2	38868179	66430347	-1	equCab2	16
HOMININI	2	66430347	100315785	1	equCab2	19
HOMININI	2	100315785	116892411	1	equCab2	26
HOMININI	2	116892411	183333949	1	equCab2	16
HOMININI	2	183333949	197897994	1	equCab2	16
HOMININI	2	0	51353359	1	galGal3	9
HOMININI	2	51353359	94442238	1	galGal3	1
HOMININI	2	94442238	142186697	-1	galGal3	12
HOMININI	2	142186697	197897994	-1	galGal3	2
HOMININI	2	0	197897994	-1	gorGor3	3
HOMININI	2	0	197897994	-1	hg19	3
HOMININI	2	0	14597478	-1	mm10	16
HOMININI	2	14597478	19925434	-1	mm10	3
HOMININI	2	19925434	30251701	1	mm10	3
HOMININI	2	30251701	53669918	-1	mm10	3
HOMININI	2	53669918	73344509	1	mm10	9
HOMININI	2	73344509	126335077	1	mm10	16
HOMININI	2	126335077	140115353	-1	mm10	6
HOMININI	2	140115353	148011224	-1	mm10	14
HOMININI	2	148011224	154165299	1	mm10	14
HOMININI	2	154165299	160343933	1	mm10	9
HOMININI	2	160343933	167387602	-1	mm10	9
HOMININI	2	167387602	176643689	1	mm10	9
HOMININI	2	176643689	182243562	1	mm10	14
HOMININI	2	182243562	197897994	-1	mm10	6
HOMININI	2	0	5671585	1	monDom5	7
HOMININI	2	5671585	18877989	-1	monDom5	7
HOMININI	2	18877989	41472929	1	monDom5	7
HOMININI	2	41472929	54448325	1	monDom5	7
HOMININI	2	54448325	94060709	-1	monDom5	4
HOMININI	2	94060709	107810392	1	monDom5	4
HOMININI	2	107810392	128937335	-1	monDom5	7
HOMININI	2	128937335	153382042	-1	monDom5	6
HOMININI	2	153382042	158118542	1	monDom5	6
HOMININI	2	158118542	163675869	-1	monDom5	6
HOMININI	2	163675869	183267070	-1	monDom5	8
HOMININI	2	183267070	197897994	-1	monDom5	6
HOMININI	2	0	72110446	-1	oryCun2	14
HOMININI	2	72110446	130398456	1	oryCun2	14
HOMININI	2	130398456	164963296	-1	oryCun2	9
HOMININI	2	164963296	170156376	1	oryCun2	9
HOMININI	2	170156376	197897994	-1	oryCun2	14
HOMININI	2	0	197897994	-1	panTro3	3
HOMININI	2	0	70076512	-1	ponAbe2	3
HOMININI	2	70076512	107022358	1	ponAbe2	3
HOMININI	2	107022358	122229753	-1	ponAbe2	3
HOMININI	2	122229753	184901860	1	ponAbe2	3
HOMININI	2	184901860	197897994	1	ponAbe2	3
HOMININI	2	0	6467185	-1	rheMac3	2
HOMININI	2	6467185	68060798	1	rheMac3	2
HOMININI	2	68060798	118051103	-1	rheMac3	2
HOMININI	2	118051103	159061537	1	rheMac3	2
HOMININI	2	159061537	181542197	-1	rheMac3	2
HOMININI	2	181542197	197897994	1	rheMac3	2
HOMININI	2	0	14617496	1	rn4	11
HOMININI	2	14617496	20125452	-1	rn4	2
HOMININI	2	20125452	29299570	1	rn4	2
HOMININI	2	29299570	53782260	-1	rn4	2
HOMININI	2	53782260	72707020	1	rn4	8
HOMININI	2	72707020	110277679	-1	rn4	11
HOMININI	2	110277679	127464565	1	rn4	11
HOMININI	2	127464565	141844278	-1	rn4	4
HOMININI	2	141844278	149589049	1	rn4	15
HOMININI	2	149589049	155669140	1	rn4	16
HOMININI	2	155669140	168284813	1	rn4	8
HOMININI	2	168284813	175157439	-1	rn4	15
HOMININI	2	175157439	181634935	1	rn4	9
HOMININI	2	181634935	197897994	-1	rn4	4
HOMININI	2	0	63709337	-1	susScr2	13
HOMININI	2	63709337	106624453	1	susScr2	13
HOMININI	2	106624453	181774233	-1	susScr2	13
HOMININI	2	181774233	197897994	-1	susScr2	13
