HOMININI	13	0	35727669	-1	bosTau7	8
HOMININI	13	35727669	37280674	1	bosTau7	8
HOMININI	13	37280674	40827072	1	bosTau7	8
HOMININI	13	43915106	61206801	1	bosTau7	8
HOMININI	13	61206801	66867086	1	bosTau7	8
HOMININI	13	66867086	72413848	-1	bosTau7	8
HOMININI	13	72413848	74436656	1	bosTau7	8
HOMININI	13	74436656	77172092	1	bosTau7	8
HOMININI	13	77172092	79777222	1	bosTau7	8
HOMININI	13	79777222	103875560	1	bosTau7	8
HOMININI	13	103875560	117110246	1	bosTau7	11
HOMININI	13	0	39140672	1	calJac3	1
HOMININI	13	39140672	40827072	1	calJac3	1
HOMININI	13	41212725	43915106	-1	calJac3	1
HOMININI	13	43915106	64797648	-1	calJac3	1
HOMININI	13	64797648	69294119	1	calJac3	1
HOMININI	13	69294119	117110246	1	calJac3	1
HOMININI	13	0	6137130	1	canFam2	1
HOMININI	13	6137130	40827072	1	canFam2	11
HOMININI	13	43915106	67167031	-1	canFam2	1
HOMININI	13	67167031	70852758	-1	canFam2	1
HOMININI	13	70852758	73939982	-1	canFam2	1
HOMININI	13	73939982	101046141	1	canFam2	11
HOMININI	13	101046141	117110246	-1	canFam2	9
HOMININI	13	0	35662766	-1	capHir1	8
HOMININI	13	35662766	37286558	1	capHir1	8
HOMININI	13	37286558	40827072	1	capHir1	8
HOMININI	13	43915106	61920849	1	capHir1	8
HOMININI	13	61920849	67818790	1	capHir1	8
HOMININI	13	67818790	73117034	-1	capHir1	8
HOMININI	13	73117034	75161245	1	capHir1	8
HOMININI	13	75161245	78170397	1	capHir1	8
HOMININI	13	78170397	103658246	1	capHir1	8
HOMININI	13	103658246	117110246	1	capHir1	11
HOMININI	13	0	36715709	1	equCab2	23
HOMININI	13	36715709	40827072	1	equCab2	25
HOMININI	13	43915106	63220363	-1	equCab2	23
HOMININI	13	63220363	67300400	-1	equCab2	23
HOMININI	13	67300400	69326992	-1	equCab2	23
HOMININI	13	69326992	72565855	-1	equCab2	23
HOMININI	13	72565855	117110246	1	equCab2	25
HOMININI	13	0	28225248	1	galGal3	Z
HOMININI	13	28225248	34506874	1	galGal3	Z
HOMININI	13	34506874	40827072	1	galGal3	Z
HOMININI	13	43915106	79102512	1	galGal3	Z
HOMININI	13	79102512	91614806	1	galGal3	17
HOMININI	13	91614806	103153024	1	galGal3	17
HOMININI	13	103153024	117110246	1	galGal3	17
HOMININI	13	0	41070165	1	gorGor3	9
HOMININI	13	41070165	41078306	-1	gorGor3	9
HOMININI	13	41078306	41094310	-1	gorGor3	9
HOMININI	13	41094310	41182782	1	gorGor3	9
HOMININI	13	41182782	41197846	-1	gorGor3	9
HOMININI	13	41197846	42106091	1	gorGor3	9
HOMININI	13	42106091	42641673	1	gorGor3	9
HOMININI	13	42641673	43184794	1	gorGor3	9
HOMININI	13	43184794	43915106	-1	gorGor3	9
HOMININI	13	43915106	117110246	1	gorGor3	9
HOMININI	13	0	117110246	1	hg19	9
HOMININI	13	0	5921909	1	mm10	19
HOMININI	13	5921909	28748455	1	mm10	4
HOMININI	13	28748455	40827072	1	mm10	4
HOMININI	13	43915106	58849796	-1	mm10	19
HOMININI	13	58849796	63149506	1	mm10	4
HOMININI	13	63149506	66685798	1	mm10	13
HOMININI	13	66685798	69785098	1	mm10	13
HOMININI	13	69785098	71799490	1	mm10	13
HOMININI	13	71799490	105461057	1	mm10	4
HOMININI	13	105461057	111495885	1	mm10	2
HOMININI	13	111495885	114957245	-1	mm10	2
HOMININI	13	114957245	117110246	1	mm10	2
HOMININI	13	0	2868116	1	monDom5	6
HOMININI	13	2868116	19470096	1	monDom5	6
HOMININI	13	19470096	33686185	1	monDom5	6
HOMININI	13	33686185	34703441	1	monDom5	6
HOMININI	13	34703441	37021549	-1	monDom5	6
HOMININI	13	37021549	40827072	1	monDom5	6
HOMININI	13	40827072	41212725	-1	monDom5	5
HOMININI	13	41212725	43915106	-1	monDom5	6
HOMININI	13	43915106	54318374	-1	monDom5	6
HOMININI	13	54318374	56398859	1	monDom5	6
HOMININI	13	56398859	64801630	-1	monDom5	6
HOMININI	13	64801630	66703068	1	monDom5	6
HOMININI	13	66703068	68093832	-1	monDom5	6
HOMININI	13	68093832	70392073	1	monDom5	6
HOMININI	13	70392073	72834983	-1	monDom5	6
HOMININI	13	72834983	77421930	-1	monDom5	6
HOMININI	13	77421930	78855484	1	monDom5	6
HOMININI	13	78855484	82763039	1	monDom5	6
HOMININI	13	82763039	84262980	1	monDom5	6
HOMININI	13	84262980	86422691	-1	monDom5	6
HOMININI	13	86422691	87892372	-1	monDom5	1
HOMININI	13	87892372	104800600	1	monDom5	1
HOMININI	13	104800600	115135069	1	monDom5	1
HOMININI	13	115135069	117110246	-1	monDom5	1
HOMININI	13	0	40827072	-1	oryCun2	1
HOMININI	13	41212725	43915106	1	oryCun2	9
HOMININI	13	43915106	76358944	1	oryCun2	1
HOMININI	13	76358944	82781517	-1	oryCun2	1
HOMININI	13	82781517	87029022	1	oryCun2	1
HOMININI	13	87029022	117110246	-1	oryCun2	1
HOMININI	13	0	40827072	1	panTro3	9
HOMININI	13	40827072	41212725	1	panTro3	9
HOMININI	13	41212725	43915106	1	panTro3	9
HOMININI	13	43915106	117110246	1	panTro3	9
HOMININI	13	0	40827072	-1	ponAbe2	9
HOMININI	13	40827072	41212725	-1	ponAbe2	9
HOMININI	13	41212725	43915106	-1	ponAbe2	9
HOMININI	13	43915106	117110246	1	ponAbe2	9
HOMININI	13	0	40827072	-1	rheMac3	15
HOMININI	13	41212725	43915106	1	rheMac3	15
HOMININI	13	43915106	65251816	1	rheMac3	15
HOMININI	13	65251816	72740941	1	rheMac3	15
HOMININI	13	72740941	101521822	-1	rheMac3	15
HOMININI	13	101521822	105783707	-1	rheMac3	15
HOMININI	13	105783707	117110246	-1	rheMac3	15
HOMININI	13	0	5838687	1	rn4	1
HOMININI	13	5838687	29722530	1	rn4	5
HOMININI	13	29722530	40827072	1	rn4	5
HOMININI	13	41212725	43915106	1	rn4	17
HOMININI	13	43915106	58658035	-1	rn4	1
HOMININI	13	58658035	63210093	1	rn4	5
HOMININI	13	63210093	67124335	-1	rn4	17
HOMININI	13	67124335	69634156	-1	rn4	17
HOMININI	13	69634156	71603156	-1	rn4	17
HOMININI	13	71603156	104971611	1	rn4	5
HOMININI	13	104971611	111752230	1	rn4	3
HOMININI	13	111752230	114928115	-1	rn4	3
HOMININI	13	114928115	117110246	1	rn4	3
HOMININI	13	0	28549234	-1	susScr2	1
HOMININI	13	28549234	36397766	-1	susScr2	10
HOMININI	13	36397766	40827072	1	susScr2	1
HOMININI	13	40827072	41212725	1	susScr2	7
HOMININI	13	43915106	60903380	1	susScr2	1
HOMININI	13	60903380	65088586	-1	susScr2	10
HOMININI	13	65088586	69386885	1	susScr2	14
HOMININI	13	69386885	71525951	-1	susScr2	10
HOMININI	13	71525951	117110246	1	susScr2	1
HOMININI	13	0	35727669	-1	bosTau7	8
HOMININI	13	35727669	37280674	1	bosTau7	8
HOMININI	13	37280674	40827072	1	bosTau7	8
HOMININI	13	43915106	61206801	1	bosTau7	8
HOMININI	13	61206801	66867086	1	bosTau7	8
HOMININI	13	66867086	72413848	-1	bosTau7	8
HOMININI	13	72413848	74436656	1	bosTau7	8
HOMININI	13	74436656	77172092	1	bosTau7	8
HOMININI	13	77172092	79777222	1	bosTau7	8
HOMININI	13	79777222	103875560	1	bosTau7	8
HOMININI	13	103875560	117110246	1	bosTau7	11
HOMININI	13	0	39140672	1	calJac3	1
HOMININI	13	39140672	40827072	1	calJac3	1
HOMININI	13	41212725	43915106	-1	calJac3	1
HOMININI	13	43915106	64797648	-1	calJac3	1
HOMININI	13	64797648	69294119	1	calJac3	1
HOMININI	13	69294119	117110246	1	calJac3	1
HOMININI	13	0	6137130	1	canFam2	1
HOMININI	13	6137130	40827072	1	canFam2	11
HOMININI	13	43915106	67167031	-1	canFam2	1
HOMININI	13	67167031	70852758	-1	canFam2	1
HOMININI	13	70852758	73939982	-1	canFam2	1
HOMININI	13	73939982	101046141	1	canFam2	11
HOMININI	13	101046141	117110246	-1	canFam2	9
HOMININI	13	0	35662766	-1	capHir1	8
HOMININI	13	35662766	37286558	1	capHir1	8
HOMININI	13	37286558	40827072	1	capHir1	8
HOMININI	13	43915106	61920849	1	capHir1	8
HOMININI	13	61920849	67818790	1	capHir1	8
HOMININI	13	67818790	73117034	-1	capHir1	8
HOMININI	13	73117034	75161245	1	capHir1	8
HOMININI	13	75161245	78170397	1	capHir1	8
HOMININI	13	78170397	103658246	1	capHir1	8
HOMININI	13	103658246	117110246	1	capHir1	11
HOMININI	13	0	36715709	1	equCab2	23
HOMININI	13	36715709	40827072	1	equCab2	25
HOMININI	13	43915106	63220363	-1	equCab2	23
HOMININI	13	63220363	67300400	-1	equCab2	23
HOMININI	13	67300400	69326992	-1	equCab2	23
HOMININI	13	69326992	72565855	-1	equCab2	23
HOMININI	13	72565855	117110246	1	equCab2	25
HOMININI	13	0	28225248	1	galGal3	Z
HOMININI	13	28225248	34506874	1	galGal3	Z
HOMININI	13	34506874	40827072	1	galGal3	Z
HOMININI	13	43915106	79102512	1	galGal3	Z
HOMININI	13	79102512	91614806	1	galGal3	17
HOMININI	13	91614806	103153024	1	galGal3	17
HOMININI	13	103153024	117110246	1	galGal3	17
HOMININI	13	0	41070165	1	gorGor3	9
HOMININI	13	41070165	41078306	-1	gorGor3	9
HOMININI	13	41078306	41094310	-1	gorGor3	9
HOMININI	13	41094310	41182782	1	gorGor3	9
HOMININI	13	41182782	41197846	-1	gorGor3	9
HOMININI	13	41197846	42106091	1	gorGor3	9
HOMININI	13	42106091	42641673	1	gorGor3	9
HOMININI	13	42641673	43184794	1	gorGor3	9
HOMININI	13	43184794	43915106	-1	gorGor3	9
HOMININI	13	43915106	117110246	1	gorGor3	9
HOMININI	13	0	117110246	1	hg19	9
HOMININI	13	0	5921909	1	mm10	19
HOMININI	13	5921909	28748455	1	mm10	4
HOMININI	13	28748455	40827072	1	mm10	4
HOMININI	13	43915106	58849796	-1	mm10	19
HOMININI	13	58849796	63149506	1	mm10	4
HOMININI	13	63149506	66685798	1	mm10	13
HOMININI	13	66685798	69785098	1	mm10	13
HOMININI	13	69785098	71799490	1	mm10	13
HOMININI	13	71799490	105461057	1	mm10	4
HOMININI	13	105461057	111495885	1	mm10	2
HOMININI	13	111495885	114957245	-1	mm10	2
HOMININI	13	114957245	117110246	1	mm10	2
HOMININI	13	0	2868116	1	monDom5	6
HOMININI	13	2868116	19470096	1	monDom5	6
HOMININI	13	19470096	33686185	1	monDom5	6
HOMININI	13	33686185	34703441	1	monDom5	6
HOMININI	13	34703441	37021549	-1	monDom5	6
HOMININI	13	37021549	40827072	1	monDom5	6
HOMININI	13	40827072	41212725	-1	monDom5	5
HOMININI	13	41212725	43915106	-1	monDom5	6
HOMININI	13	43915106	54318374	-1	monDom5	6
HOMININI	13	54318374	56398859	1	monDom5	6
HOMININI	13	56398859	64801630	-1	monDom5	6
HOMININI	13	64801630	66703068	1	monDom5	6
HOMININI	13	66703068	68093832	-1	monDom5	6
HOMININI	13	68093832	70392073	1	monDom5	6
HOMININI	13	70392073	72834983	-1	monDom5	6
HOMININI	13	72834983	77421930	-1	monDom5	6
HOMININI	13	77421930	78855484	1	monDom5	6
HOMININI	13	78855484	82763039	1	monDom5	6
HOMININI	13	82763039	84262980	1	monDom5	6
HOMININI	13	84262980	86422691	-1	monDom5	6
HOMININI	13	86422691	87892372	-1	monDom5	1
HOMININI	13	87892372	104800600	1	monDom5	1
HOMININI	13	104800600	115135069	1	monDom5	1
HOMININI	13	115135069	117110246	-1	monDom5	1
HOMININI	13	0	40827072	-1	oryCun2	1
HOMININI	13	41212725	43915106	1	oryCun2	9
HOMININI	13	43915106	76358944	1	oryCun2	1
HOMININI	13	76358944	82781517	-1	oryCun2	1
HOMININI	13	82781517	87029022	1	oryCun2	1
HOMININI	13	87029022	117110246	-1	oryCun2	1
HOMININI	13	0	40827072	1	panTro3	9
HOMININI	13	40827072	41212725	1	panTro3	9
HOMININI	13	41212725	43915106	1	panTro3	9
HOMININI	13	43915106	117110246	1	panTro3	9
HOMININI	13	0	40827072	-1	ponAbe2	9
HOMININI	13	40827072	41212725	-1	ponAbe2	9
HOMININI	13	41212725	43915106	-1	ponAbe2	9
HOMININI	13	43915106	117110246	1	ponAbe2	9
HOMININI	13	0	40827072	-1	rheMac3	15
HOMININI	13	41212725	43915106	1	rheMac3	15
HOMININI	13	43915106	65251816	1	rheMac3	15
HOMININI	13	65251816	72740941	1	rheMac3	15
HOMININI	13	72740941	101521822	-1	rheMac3	15
HOMININI	13	101521822	105783707	-1	rheMac3	15
HOMININI	13	105783707	117110246	-1	rheMac3	15
HOMININI	13	0	5838687	1	rn4	1
HOMININI	13	5838687	29722530	1	rn4	5
HOMININI	13	29722530	40827072	1	rn4	5
HOMININI	13	41212725	43915106	1	rn4	17
HOMININI	13	43915106	58658035	-1	rn4	1
HOMININI	13	58658035	63210093	1	rn4	5
HOMININI	13	63210093	67124335	-1	rn4	17
HOMININI	13	67124335	69634156	-1	rn4	17
HOMININI	13	69634156	71603156	-1	rn4	17
HOMININI	13	71603156	104971611	1	rn4	5
HOMININI	13	104971611	111752230	1	rn4	3
HOMININI	13	111752230	114928115	-1	rn4	3
HOMININI	13	114928115	117110246	1	rn4	3
HOMININI	13	0	28549234	-1	susScr2	1
HOMININI	13	28549234	36397766	-1	susScr2	10
HOMININI	13	36397766	40827072	1	susScr2	1
HOMININI	13	40827072	41212725	1	susScr2	7
HOMININI	13	43915106	60903380	1	susScr2	1
HOMININI	13	60903380	65088586	-1	susScr2	10
HOMININI	13	65088586	69386885	1	susScr2	14
HOMININI	13	69386885	71525951	-1	susScr2	10
HOMININI	13	71525951	117110246	1	susScr2	1
HOMININI	13	0	35727669	-1	bosTau7	8
HOMININI	13	35727669	37280674	1	bosTau7	8
HOMININI	13	37280674	40827072	1	bosTau7	8
HOMININI	13	43915106	61206801	1	bosTau7	8
HOMININI	13	61206801	66867086	1	bosTau7	8
HOMININI	13	66867086	72413848	-1	bosTau7	8
HOMININI	13	72413848	74436656	1	bosTau7	8
HOMININI	13	74436656	77172092	1	bosTau7	8
HOMININI	13	77172092	79777222	1	bosTau7	8
HOMININI	13	79777222	103875560	1	bosTau7	8
HOMININI	13	103875560	117110246	1	bosTau7	11
HOMININI	13	0	39140672	1	calJac3	1
HOMININI	13	39140672	40827072	1	calJac3	1
HOMININI	13	41212725	43915106	-1	calJac3	1
HOMININI	13	43915106	64797648	-1	calJac3	1
HOMININI	13	64797648	69294119	1	calJac3	1
HOMININI	13	69294119	117110246	1	calJac3	1
HOMININI	13	0	6137130	1	canFam2	1
HOMININI	13	6137130	40827072	1	canFam2	11
HOMININI	13	43915106	67167031	-1	canFam2	1
HOMININI	13	67167031	70852758	-1	canFam2	1
HOMININI	13	70852758	73939982	-1	canFam2	1
HOMININI	13	73939982	101046141	1	canFam2	11
HOMININI	13	101046141	117110246	-1	canFam2	9
HOMININI	13	0	35662766	-1	capHir1	8
HOMININI	13	35662766	37286558	1	capHir1	8
HOMININI	13	37286558	40827072	1	capHir1	8
HOMININI	13	43915106	61920849	1	capHir1	8
HOMININI	13	61920849	67818790	1	capHir1	8
HOMININI	13	67818790	73117034	-1	capHir1	8
HOMININI	13	73117034	75161245	1	capHir1	8
HOMININI	13	75161245	78170397	1	capHir1	8
HOMININI	13	78170397	103658246	1	capHir1	8
HOMININI	13	103658246	117110246	1	capHir1	11
HOMININI	13	0	36715709	1	equCab2	23
HOMININI	13	36715709	40827072	1	equCab2	25
HOMININI	13	43915106	63220363	-1	equCab2	23
HOMININI	13	63220363	67300400	-1	equCab2	23
HOMININI	13	67300400	69326992	-1	equCab2	23
HOMININI	13	69326992	72565855	-1	equCab2	23
HOMININI	13	72565855	117110246	1	equCab2	25
HOMININI	13	0	28225248	1	galGal3	Z
HOMININI	13	28225248	34506874	1	galGal3	Z
HOMININI	13	34506874	40827072	1	galGal3	Z
HOMININI	13	43915106	79102512	1	galGal3	Z
HOMININI	13	79102512	91614806	1	galGal3	17
HOMININI	13	91614806	103153024	1	galGal3	17
HOMININI	13	103153024	117110246	1	galGal3	17
HOMININI	13	0	41070165	1	gorGor3	9
HOMININI	13	41070165	41078306	-1	gorGor3	9
HOMININI	13	41078306	41094310	-1	gorGor3	9
HOMININI	13	41094310	41182782	1	gorGor3	9
HOMININI	13	41182782	41197846	-1	gorGor3	9
HOMININI	13	41197846	42106091	1	gorGor3	9
HOMININI	13	42106091	42641673	1	gorGor3	9
HOMININI	13	42641673	43184794	1	gorGor3	9
HOMININI	13	43184794	43915106	-1	gorGor3	9
HOMININI	13	43915106	117110246	1	gorGor3	9
HOMININI	13	0	117110246	1	hg19	9
HOMININI	13	0	5921909	1	mm10	19
HOMININI	13	5921909	28748455	1	mm10	4
HOMININI	13	28748455	40827072	1	mm10	4
HOMININI	13	43915106	58849796	-1	mm10	19
HOMININI	13	58849796	63149506	1	mm10	4
HOMININI	13	63149506	66685798	1	mm10	13
HOMININI	13	66685798	69785098	1	mm10	13
HOMININI	13	69785098	71799490	1	mm10	13
HOMININI	13	71799490	105461057	1	mm10	4
HOMININI	13	105461057	111495885	1	mm10	2
HOMININI	13	111495885	114957245	-1	mm10	2
HOMININI	13	114957245	117110246	1	mm10	2
HOMININI	13	0	2868116	1	monDom5	6
HOMININI	13	2868116	19470096	1	monDom5	6
HOMININI	13	19470096	33686185	1	monDom5	6
HOMININI	13	33686185	34703441	1	monDom5	6
HOMININI	13	34703441	37021549	-1	monDom5	6
HOMININI	13	37021549	40827072	1	monDom5	6
HOMININI	13	40827072	41212725	-1	monDom5	5
HOMININI	13	41212725	43915106	-1	monDom5	6
HOMININI	13	43915106	54318374	-1	monDom5	6
HOMININI	13	54318374	56398859	1	monDom5	6
HOMININI	13	56398859	64801630	-1	monDom5	6
HOMININI	13	64801630	66703068	1	monDom5	6
HOMININI	13	66703068	68093832	-1	monDom5	6
HOMININI	13	68093832	70392073	1	monDom5	6
HOMININI	13	70392073	72834983	-1	monDom5	6
HOMININI	13	72834983	77421930	-1	monDom5	6
HOMININI	13	77421930	78855484	1	monDom5	6
HOMININI	13	78855484	82763039	1	monDom5	6
HOMININI	13	82763039	84262980	1	monDom5	6
HOMININI	13	84262980	86422691	-1	monDom5	6
HOMININI	13	86422691	87892372	-1	monDom5	1
HOMININI	13	87892372	104800600	1	monDom5	1
HOMININI	13	104800600	115135069	1	monDom5	1
HOMININI	13	115135069	117110246	-1	monDom5	1
HOMININI	13	0	40827072	-1	oryCun2	1
HOMININI	13	41212725	43915106	1	oryCun2	9
HOMININI	13	43915106	76358944	1	oryCun2	1
HOMININI	13	76358944	82781517	-1	oryCun2	1
HOMININI	13	82781517	87029022	1	oryCun2	1
HOMININI	13	87029022	117110246	-1	oryCun2	1
HOMININI	13	0	40827072	1	panTro3	9
HOMININI	13	40827072	41212725	1	panTro3	9
HOMININI	13	41212725	43915106	1	panTro3	9
HOMININI	13	43915106	117110246	1	panTro3	9
HOMININI	13	0	40827072	-1	ponAbe2	9
HOMININI	13	40827072	41212725	-1	ponAbe2	9
HOMININI	13	41212725	43915106	-1	ponAbe2	9
HOMININI	13	43915106	117110246	1	ponAbe2	9
HOMININI	13	0	40827072	-1	rheMac3	15
HOMININI	13	41212725	43915106	1	rheMac3	15
HOMININI	13	43915106	65251816	1	rheMac3	15
HOMININI	13	65251816	72740941	1	rheMac3	15
HOMININI	13	72740941	101521822	-1	rheMac3	15
HOMININI	13	101521822	105783707	-1	rheMac3	15
HOMININI	13	105783707	117110246	-1	rheMac3	15
HOMININI	13	0	5838687	1	rn4	1
HOMININI	13	5838687	29722530	1	rn4	5
HOMININI	13	29722530	40827072	1	rn4	5
HOMININI	13	41212725	43915106	1	rn4	17
HOMININI	13	43915106	58658035	-1	rn4	1
HOMININI	13	58658035	63210093	1	rn4	5
HOMININI	13	63210093	67124335	-1	rn4	17
HOMININI	13	67124335	69634156	-1	rn4	17
HOMININI	13	69634156	71603156	-1	rn4	17
HOMININI	13	71603156	104971611	1	rn4	5
HOMININI	13	104971611	111752230	1	rn4	3
HOMININI	13	111752230	114928115	-1	rn4	3
HOMININI	13	114928115	117110246	1	rn4	3
HOMININI	13	0	28549234	-1	susScr2	1
HOMININI	13	28549234	36397766	-1	susScr2	10
HOMININI	13	36397766	40827072	1	susScr2	1
HOMININI	13	40827072	41212725	1	susScr2	7
HOMININI	13	43915106	60903380	1	susScr2	1
HOMININI	13	60903380	65088586	-1	susScr2	10
HOMININI	13	65088586	69386885	1	susScr2	14
HOMININI	13	69386885	71525951	-1	susScr2	10
HOMININI	13	71525951	117110246	1	susScr2	1
HOMININI	13	0	35727669	-1	bosTau7	8
HOMININI	13	35727669	37280674	1	bosTau7	8
HOMININI	13	37280674	40827072	1	bosTau7	8
HOMININI	13	43915106	61206801	1	bosTau7	8
HOMININI	13	61206801	66867086	1	bosTau7	8
HOMININI	13	66867086	72413848	-1	bosTau7	8
HOMININI	13	72413848	74436656	1	bosTau7	8
HOMININI	13	74436656	77172092	1	bosTau7	8
HOMININI	13	77172092	79777222	1	bosTau7	8
HOMININI	13	79777222	103875560	1	bosTau7	8
HOMININI	13	103875560	117110246	1	bosTau7	11
HOMININI	13	0	39140672	1	calJac3	1
HOMININI	13	39140672	40827072	1	calJac3	1
HOMININI	13	41212725	43915106	-1	calJac3	1
HOMININI	13	43915106	64797648	-1	calJac3	1
HOMININI	13	64797648	69294119	1	calJac3	1
HOMININI	13	69294119	117110246	1	calJac3	1
HOMININI	13	0	6137130	1	canFam2	1
HOMININI	13	6137130	40827072	1	canFam2	11
HOMININI	13	43915106	67167031	-1	canFam2	1
HOMININI	13	67167031	70852758	-1	canFam2	1
HOMININI	13	70852758	73939982	-1	canFam2	1
HOMININI	13	73939982	101046141	1	canFam2	11
HOMININI	13	101046141	117110246	-1	canFam2	9
HOMININI	13	0	35662766	-1	capHir1	8
HOMININI	13	35662766	37286558	1	capHir1	8
HOMININI	13	37286558	40827072	1	capHir1	8
HOMININI	13	43915106	61920849	1	capHir1	8
HOMININI	13	61920849	67818790	1	capHir1	8
HOMININI	13	67818790	73117034	-1	capHir1	8
HOMININI	13	73117034	75161245	1	capHir1	8
HOMININI	13	75161245	78170397	1	capHir1	8
HOMININI	13	78170397	103658246	1	capHir1	8
HOMININI	13	103658246	117110246	1	capHir1	11
HOMININI	13	0	36715709	1	equCab2	23
HOMININI	13	36715709	40827072	1	equCab2	25
HOMININI	13	43915106	63220363	-1	equCab2	23
HOMININI	13	63220363	67300400	-1	equCab2	23
HOMININI	13	67300400	69326992	-1	equCab2	23
HOMININI	13	69326992	72565855	-1	equCab2	23
HOMININI	13	72565855	117110246	1	equCab2	25
HOMININI	13	0	28225248	1	galGal3	Z
HOMININI	13	28225248	34506874	1	galGal3	Z
HOMININI	13	34506874	40827072	1	galGal3	Z
HOMININI	13	43915106	79102512	1	galGal3	Z
HOMININI	13	79102512	91614806	1	galGal3	17
HOMININI	13	91614806	103153024	1	galGal3	17
HOMININI	13	103153024	117110246	1	galGal3	17
HOMININI	13	0	41070165	1	gorGor3	9
HOMININI	13	41070165	41078306	-1	gorGor3	9
HOMININI	13	41078306	41094310	-1	gorGor3	9
HOMININI	13	41094310	41182782	1	gorGor3	9
HOMININI	13	41182782	41197846	-1	gorGor3	9
HOMININI	13	41197846	42106091	1	gorGor3	9
HOMININI	13	42106091	42641673	1	gorGor3	9
HOMININI	13	42641673	43184794	1	gorGor3	9
HOMININI	13	43184794	43915106	-1	gorGor3	9
HOMININI	13	43915106	117110246	1	gorGor3	9
HOMININI	13	0	117110246	1	hg19	9
HOMININI	13	0	5921909	1	mm10	19
HOMININI	13	5921909	28748455	1	mm10	4
HOMININI	13	28748455	40827072	1	mm10	4
HOMININI	13	43915106	58849796	-1	mm10	19
HOMININI	13	58849796	63149506	1	mm10	4
HOMININI	13	63149506	66685798	1	mm10	13
HOMININI	13	66685798	69785098	1	mm10	13
HOMININI	13	69785098	71799490	1	mm10	13
HOMININI	13	71799490	105461057	1	mm10	4
HOMININI	13	105461057	111495885	1	mm10	2
HOMININI	13	111495885	114957245	-1	mm10	2
HOMININI	13	114957245	117110246	1	mm10	2
HOMININI	13	0	2868116	1	monDom5	6
HOMININI	13	2868116	19470096	1	monDom5	6
HOMININI	13	19470096	33686185	1	monDom5	6
HOMININI	13	33686185	34703441	1	monDom5	6
HOMININI	13	34703441	37021549	-1	monDom5	6
HOMININI	13	37021549	40827072	1	monDom5	6
HOMININI	13	40827072	41212725	-1	monDom5	5
HOMININI	13	41212725	43915106	-1	monDom5	6
HOMININI	13	43915106	54318374	-1	monDom5	6
HOMININI	13	54318374	56398859	1	monDom5	6
HOMININI	13	56398859	64801630	-1	monDom5	6
HOMININI	13	64801630	66703068	1	monDom5	6
HOMININI	13	66703068	68093832	-1	monDom5	6
HOMININI	13	68093832	70392073	1	monDom5	6
HOMININI	13	70392073	72834983	-1	monDom5	6
HOMININI	13	72834983	77421930	-1	monDom5	6
HOMININI	13	77421930	78855484	1	monDom5	6
HOMININI	13	78855484	82763039	1	monDom5	6
HOMININI	13	82763039	84262980	1	monDom5	6
HOMININI	13	84262980	86422691	-1	monDom5	6
HOMININI	13	86422691	87892372	-1	monDom5	1
HOMININI	13	87892372	104800600	1	monDom5	1
HOMININI	13	104800600	115135069	1	monDom5	1
HOMININI	13	115135069	117110246	-1	monDom5	1
HOMININI	13	0	40827072	-1	oryCun2	1
HOMININI	13	41212725	43915106	1	oryCun2	9
HOMININI	13	43915106	76358944	1	oryCun2	1
HOMININI	13	76358944	82781517	-1	oryCun2	1
HOMININI	13	82781517	87029022	1	oryCun2	1
HOMININI	13	87029022	117110246	-1	oryCun2	1
HOMININI	13	0	40827072	1	panTro3	9
HOMININI	13	40827072	41212725	1	panTro3	9
HOMININI	13	41212725	43915106	1	panTro3	9
HOMININI	13	43915106	117110246	1	panTro3	9
HOMININI	13	0	40827072	-1	ponAbe2	9
HOMININI	13	40827072	41212725	-1	ponAbe2	9
HOMININI	13	41212725	43915106	-1	ponAbe2	9
HOMININI	13	43915106	117110246	1	ponAbe2	9
HOMININI	13	0	40827072	-1	rheMac3	15
HOMININI	13	41212725	43915106	1	rheMac3	15
HOMININI	13	43915106	65251816	1	rheMac3	15
HOMININI	13	65251816	72740941	1	rheMac3	15
HOMININI	13	72740941	101521822	-1	rheMac3	15
HOMININI	13	101521822	105783707	-1	rheMac3	15
HOMININI	13	105783707	117110246	-1	rheMac3	15
HOMININI	13	0	5838687	1	rn4	1
HOMININI	13	5838687	29722530	1	rn4	5
HOMININI	13	29722530	40827072	1	rn4	5
HOMININI	13	41212725	43915106	1	rn4	17
HOMININI	13	43915106	58658035	-1	rn4	1
HOMININI	13	58658035	63210093	1	rn4	5
HOMININI	13	63210093	67124335	-1	rn4	17
HOMININI	13	67124335	69634156	-1	rn4	17
HOMININI	13	69634156	71603156	-1	rn4	17
HOMININI	13	71603156	104971611	1	rn4	5
HOMININI	13	104971611	111752230	1	rn4	3
HOMININI	13	111752230	114928115	-1	rn4	3
HOMININI	13	114928115	117110246	1	rn4	3
HOMININI	13	0	28549234	-1	susScr2	1
HOMININI	13	28549234	36397766	-1	susScr2	10
HOMININI	13	36397766	40827072	1	susScr2	1
HOMININI	13	40827072	41212725	1	susScr2	7
HOMININI	13	43915106	60903380	1	susScr2	1
HOMININI	13	60903380	65088586	-1	susScr2	10
HOMININI	13	65088586	69386885	1	susScr2	14
HOMININI	13	69386885	71525951	-1	susScr2	10
HOMININI	13	71525951	117110246	1	susScr2	1
