HOMININI	3	0	3128635	1	bosTau7	6
HOMININI	3	3128635	5002647	-1	bosTau7	6
HOMININI	3	5002647	6371380	1	bosTau7	6
HOMININI	3	6371380	14858811	1	bosTau7	6
HOMININI	3	14858811	88746117	1	bosTau7	6
HOMININI	3	88746117	123595707	-1	bosTau7	6
HOMININI	3	123595707	158683954	-1	bosTau7	17
HOMININI	3	158683954	167526262	-1	bosTau7	17
HOMININI	3	167526262	170770286	-1	bosTau7	6
HOMININI	3	170770286	177961971	1	bosTau7	8
HOMININI	3	177961971	190983215	1	bosTau7	27
HOMININI	3	0	4055215	-1	calJac3	3
HOMININI	3	4055215	8585630	1	calJac3	3
HOMININI	3	8585630	190983215	-1	calJac3	3
HOMININI	3	0	2757583	-1	canFam2	3
HOMININI	3	2757583	4950484	1	canFam2	3
HOMININI	3	4950484	7001328	1	canFam2	3
HOMININI	3	7001328	15776462	-1	canFam2	3
HOMININI	3	15776462	41362237	-1	canFam2	3
HOMININI	3	41362237	75125449	1	canFam2	13
HOMININI	3	75125449	75655776	-1	canFam2	15
HOMININI	3	75655776	120843926	1	canFam2	32
HOMININI	3	120843926	143994366	-1	canFam2	19
HOMININI	3	143994366	168502705	1	canFam2	15
HOMININI	3	168502705	176364179	1	canFam2	25
HOMININI	3	176364179	190983215	-1	canFam2	16
HOMININI	3	0	2560571	-1	capHir1	6
HOMININI	3	2560571	5154314	-1	capHir1	6
HOMININI	3	5154314	6822828	1	capHir1	6
HOMININI	3	6822828	15549270	1	capHir1	6
HOMININI	3	15549270	88843828	1	capHir1	6
HOMININI	3	88843828	123462536	-1	capHir1	6
HOMININI	3	123462536	159560225	-1	capHir1	17
HOMININI	3	159560225	167887960	-1	capHir1	17
HOMININI	3	167887960	170613167	-1	capHir1	6
HOMININI	3	170613167	177950653	1	capHir1	8
HOMININI	3	177950653	190983215	1	capHir1	27
HOMININI	3	0	3834516	-1	equCab2	3
HOMININI	3	3834516	8251313	1	equCab2	3
HOMININI	3	8251313	104996858	-1	equCab2	3
HOMININI	3	104996858	179231881	-1	equCab2	2
HOMININI	3	179231881	190983215	-1	equCab2	27
HOMININI	3	0	190983215	1	gorGor3	4
HOMININI	3	0	190983215	1	hg19	4
HOMININI	3	0	2680176	1	mm10	5
HOMININI	3	2680176	5976864	-1	mm10	5
HOMININI	3	5976864	88736677	1	mm10	5
HOMININI	3	88736677	96187222	1	mm10	6
HOMININI	3	96187222	119398921	-1	mm10	3
HOMININI	3	119398921	138185623	1	mm10	3
HOMININI	3	138185623	147764895	-1	mm10	8
HOMININI	3	147764895	160536711	-1	mm10	3
HOMININI	3	160536711	190983215	-1	mm10	8
HOMININI	3	0	10126694	-1	monDom5	5
HOMININI	3	10126694	14420904	1	monDom5	5
HOMININI	3	14420904	70342669	-1	monDom5	5
HOMININI	3	70342669	70730065	1	monDom5	5
HOMININI	3	70730065	75134086	1	monDom5	5
HOMININI	3	75134086	75729348	1	monDom5	5
HOMININI	3	75729348	76982672	-1	monDom5	5
HOMININI	3	76982672	81438953	-1	monDom5	5
HOMININI	3	81438953	83614685	1	monDom5	5
HOMININI	3	83614685	83992636	-1	monDom5	5
HOMININI	3	83992636	85939186	1	monDom5	5
HOMININI	3	85939186	92663221	-1	monDom5	5
HOMININI	3	92663221	105692246	-1	monDom5	5
HOMININI	3	105692246	113332882	1	monDom5	5
HOMININI	3	113332882	121036106	-1	monDom5	5
HOMININI	3	121036106	123425454	-1	monDom5	5
HOMININI	3	123425454	190983215	-1	monDom5	5
HOMININI	3	0	50942137	1	oryCun2	2
HOMININI	3	50942137	84077524	-1	oryCun2	15
HOMININI	3	84077524	88481475	1	oryCun2	15
HOMININI	3	88481475	123814419	-1	oryCun2	15
HOMININI	3	123814419	140691423	1	oryCun2	15
HOMININI	3	140691423	167327316	-1	oryCun2	15
HOMININI	3	167327316	190983215	1	oryCun2	2
HOMININI	3	0	44792603	1	panTro3	4
HOMININI	3	44792603	69662653	-1	panTro3	4
HOMININI	3	69662653	70342669	1	panTro3	4
HOMININI	3	70342669	85939186	-1	panTro3	4
HOMININI	3	85939186	190983215	1	panTro3	4
HOMININI	3	0	3989707	1	ponAbe2	4
HOMININI	3	3989707	8799480	-1	ponAbe2	4
HOMININI	3	8799480	49909845	1	ponAbe2	4
HOMININI	3	49909845	69662653	-1	ponAbe2	4
HOMININI	3	69662653	69670388	1	ponAbe2	4
HOMININI	3	69670388	69940400	-1	ponAbe2	4
HOMININI	3	69940400	190983215	1	ponAbe2	4
HOMININI	3	0	4070926	-1	rheMac3	1
HOMININI	3	4070926	8417548	-1	rheMac3	5
HOMININI	3	8417548	50067881	1	rheMac3	5
HOMININI	3	50067881	69662653	-1	rheMac3	5
HOMININI	3	69662653	70342669	1	rheMac3	5
HOMININI	3	70342669	85939186	-1	rheMac3	5
HOMININI	3	85939186	190983215	1	rheMac3	5
HOMININI	3	0	2042313	-1	rn4	14
HOMININI	3	2042313	5314986	1	rn4	14
HOMININI	3	5314986	88498840	-1	rn4	14
HOMININI	3	88498840	95843108	1	rn4	4
HOMININI	3	95843108	118085601	-1	rn4	2
HOMININI	3	118085601	137516225	1	rn4	2
HOMININI	3	137516225	146339266	1	rn4	19
HOMININI	3	146339266	159019578	-1	rn4	2
HOMININI	3	159019578	190983215	1	rn4	16
HOMININI	3	0	5323732	1	susScr2	8
HOMININI	3	5323732	7770149	-1	susScr2	8
HOMININI	3	7770149	54619053	1	susScr2	8
HOMININI	3	54619053	55784601	-1	susScr2	8
HOMININI	3	55784601	79090977	1	susScr2	8
HOMININI	3	79090977	154488370	-1	susScr2	8
HOMININI	3	154488370	165401952	1	susScr2	8
HOMININI	3	165401952	175188709	-1	susScr2	14
HOMININI	3	175188709	187596016	1	susScr2	15
HOMININI	3	187596016	190983215	-1	susScr2	17
HOMININI	3	0	3128635	1	bosTau7	6
HOMININI	3	3128635	5002647	-1	bosTau7	6
HOMININI	3	5002647	6371380	1	bosTau7	6
HOMININI	3	6371380	14858811	1	bosTau7	6
HOMININI	3	14858811	88746117	1	bosTau7	6
HOMININI	3	88746117	123595707	-1	bosTau7	6
HOMININI	3	123595707	158683954	-1	bosTau7	17
HOMININI	3	158683954	167526262	-1	bosTau7	17
HOMININI	3	167526262	170770286	-1	bosTau7	6
HOMININI	3	170770286	177961971	1	bosTau7	8
HOMININI	3	177961971	190983215	1	bosTau7	27
HOMININI	3	0	4055215	-1	calJac3	3
HOMININI	3	4055215	8585630	1	calJac3	3
HOMININI	3	8585630	190983215	-1	calJac3	3
HOMININI	3	0	2757583	-1	canFam2	3
HOMININI	3	2757583	4950484	1	canFam2	3
HOMININI	3	4950484	7001328	1	canFam2	3
HOMININI	3	7001328	15776462	-1	canFam2	3
HOMININI	3	15776462	41362237	-1	canFam2	3
HOMININI	3	41362237	75125449	1	canFam2	13
HOMININI	3	75125449	75655776	-1	canFam2	15
HOMININI	3	75655776	120843926	1	canFam2	32
HOMININI	3	120843926	143994366	-1	canFam2	19
HOMININI	3	143994366	168502705	1	canFam2	15
HOMININI	3	168502705	176364179	1	canFam2	25
HOMININI	3	176364179	190983215	-1	canFam2	16
HOMININI	3	0	2560571	-1	capHir1	6
HOMININI	3	2560571	5154314	-1	capHir1	6
HOMININI	3	5154314	6822828	1	capHir1	6
HOMININI	3	6822828	15549270	1	capHir1	6
HOMININI	3	15549270	88843828	1	capHir1	6
HOMININI	3	88843828	123462536	-1	capHir1	6
HOMININI	3	123462536	159560225	-1	capHir1	17
HOMININI	3	159560225	167887960	-1	capHir1	17
HOMININI	3	167887960	170613167	-1	capHir1	6
HOMININI	3	170613167	177950653	1	capHir1	8
HOMININI	3	177950653	190983215	1	capHir1	27
HOMININI	3	0	3834516	-1	equCab2	3
HOMININI	3	3834516	8251313	1	equCab2	3
HOMININI	3	8251313	104996858	-1	equCab2	3
HOMININI	3	104996858	179231881	-1	equCab2	2
HOMININI	3	179231881	190983215	-1	equCab2	27
HOMININI	3	0	190983215	1	gorGor3	4
HOMININI	3	0	190983215	1	hg19	4
HOMININI	3	0	2680176	1	mm10	5
HOMININI	3	2680176	5976864	-1	mm10	5
HOMININI	3	5976864	88736677	1	mm10	5
HOMININI	3	88736677	96187222	1	mm10	6
HOMININI	3	96187222	119398921	-1	mm10	3
HOMININI	3	119398921	138185623	1	mm10	3
HOMININI	3	138185623	147764895	-1	mm10	8
HOMININI	3	147764895	160536711	-1	mm10	3
HOMININI	3	160536711	190983215	-1	mm10	8
HOMININI	3	0	10126694	-1	monDom5	5
HOMININI	3	10126694	14420904	1	monDom5	5
HOMININI	3	14420904	70342669	-1	monDom5	5
HOMININI	3	70342669	70730065	1	monDom5	5
HOMININI	3	70730065	75134086	1	monDom5	5
HOMININI	3	75134086	75729348	1	monDom5	5
HOMININI	3	75729348	76982672	-1	monDom5	5
HOMININI	3	76982672	81438953	-1	monDom5	5
HOMININI	3	81438953	83614685	1	monDom5	5
HOMININI	3	83614685	83992636	-1	monDom5	5
HOMININI	3	83992636	85939186	1	monDom5	5
HOMININI	3	85939186	92663221	-1	monDom5	5
HOMININI	3	92663221	105692246	-1	monDom5	5
HOMININI	3	105692246	113332882	1	monDom5	5
HOMININI	3	113332882	121036106	-1	monDom5	5
HOMININI	3	121036106	123425454	-1	monDom5	5
HOMININI	3	123425454	190983215	-1	monDom5	5
HOMININI	3	0	50942137	1	oryCun2	2
HOMININI	3	50942137	84077524	-1	oryCun2	15
HOMININI	3	84077524	88481475	1	oryCun2	15
HOMININI	3	88481475	123814419	-1	oryCun2	15
HOMININI	3	123814419	140691423	1	oryCun2	15
HOMININI	3	140691423	167327316	-1	oryCun2	15
HOMININI	3	167327316	190983215	1	oryCun2	2
HOMININI	3	0	44792603	1	panTro3	4
HOMININI	3	44792603	69662653	-1	panTro3	4
HOMININI	3	69662653	70342669	1	panTro3	4
HOMININI	3	70342669	85939186	-1	panTro3	4
HOMININI	3	85939186	190983215	1	panTro3	4
HOMININI	3	0	3989707	1	ponAbe2	4
HOMININI	3	3989707	8799480	-1	ponAbe2	4
HOMININI	3	8799480	49909845	1	ponAbe2	4
HOMININI	3	49909845	69662653	-1	ponAbe2	4
HOMININI	3	69662653	69670388	1	ponAbe2	4
HOMININI	3	69670388	69940400	-1	ponAbe2	4
HOMININI	3	69940400	190983215	1	ponAbe2	4
HOMININI	3	0	4070926	-1	rheMac3	1
HOMININI	3	4070926	8417548	-1	rheMac3	5
HOMININI	3	8417548	50067881	1	rheMac3	5
HOMININI	3	50067881	69662653	-1	rheMac3	5
HOMININI	3	69662653	70342669	1	rheMac3	5
HOMININI	3	70342669	85939186	-1	rheMac3	5
HOMININI	3	85939186	190983215	1	rheMac3	5
HOMININI	3	0	2042313	-1	rn4	14
HOMININI	3	2042313	5314986	1	rn4	14
HOMININI	3	5314986	88498840	-1	rn4	14
HOMININI	3	88498840	95843108	1	rn4	4
HOMININI	3	95843108	118085601	-1	rn4	2
HOMININI	3	118085601	137516225	1	rn4	2
HOMININI	3	137516225	146339266	1	rn4	19
HOMININI	3	146339266	159019578	-1	rn4	2
HOMININI	3	159019578	190983215	1	rn4	16
HOMININI	3	0	5323732	1	susScr2	8
HOMININI	3	5323732	7770149	-1	susScr2	8
HOMININI	3	7770149	54619053	1	susScr2	8
HOMININI	3	54619053	55784601	-1	susScr2	8
HOMININI	3	55784601	79090977	1	susScr2	8
HOMININI	3	79090977	154488370	-1	susScr2	8
HOMININI	3	154488370	165401952	1	susScr2	8
HOMININI	3	165401952	175188709	-1	susScr2	14
HOMININI	3	175188709	187596016	1	susScr2	15
HOMININI	3	187596016	190983215	-1	susScr2	17
HOMININI	3	0	3128635	1	bosTau7	6
HOMININI	3	3128635	5002647	-1	bosTau7	6
HOMININI	3	5002647	6371380	1	bosTau7	6
HOMININI	3	6371380	14858811	1	bosTau7	6
HOMININI	3	14858811	88746117	1	bosTau7	6
HOMININI	3	88746117	123595707	-1	bosTau7	6
HOMININI	3	123595707	158683954	-1	bosTau7	17
HOMININI	3	158683954	167526262	-1	bosTau7	17
HOMININI	3	167526262	170770286	-1	bosTau7	6
HOMININI	3	170770286	177961971	1	bosTau7	8
HOMININI	3	177961971	190983215	1	bosTau7	27
HOMININI	3	0	4055215	-1	calJac3	3
HOMININI	3	4055215	8585630	1	calJac3	3
HOMININI	3	8585630	190983215	-1	calJac3	3
HOMININI	3	0	2757583	-1	canFam2	3
HOMININI	3	2757583	4950484	1	canFam2	3
HOMININI	3	4950484	7001328	1	canFam2	3
HOMININI	3	7001328	15776462	-1	canFam2	3
HOMININI	3	15776462	41362237	-1	canFam2	3
HOMININI	3	41362237	75125449	1	canFam2	13
HOMININI	3	75125449	75655776	-1	canFam2	15
HOMININI	3	75655776	120843926	1	canFam2	32
HOMININI	3	120843926	143994366	-1	canFam2	19
HOMININI	3	143994366	168502705	1	canFam2	15
HOMININI	3	168502705	176364179	1	canFam2	25
HOMININI	3	176364179	190983215	-1	canFam2	16
HOMININI	3	0	2560571	-1	capHir1	6
HOMININI	3	2560571	5154314	-1	capHir1	6
HOMININI	3	5154314	6822828	1	capHir1	6
HOMININI	3	6822828	15549270	1	capHir1	6
HOMININI	3	15549270	88843828	1	capHir1	6
HOMININI	3	88843828	123462536	-1	capHir1	6
HOMININI	3	123462536	159560225	-1	capHir1	17
HOMININI	3	159560225	167887960	-1	capHir1	17
HOMININI	3	167887960	170613167	-1	capHir1	6
HOMININI	3	170613167	177950653	1	capHir1	8
HOMININI	3	177950653	190983215	1	capHir1	27
HOMININI	3	0	3834516	-1	equCab2	3
HOMININI	3	3834516	8251313	1	equCab2	3
HOMININI	3	8251313	104996858	-1	equCab2	3
HOMININI	3	104996858	179231881	-1	equCab2	2
HOMININI	3	179231881	190983215	-1	equCab2	27
HOMININI	3	0	190983215	1	gorGor3	4
HOMININI	3	0	190983215	1	hg19	4
HOMININI	3	0	2680176	1	mm10	5
HOMININI	3	2680176	5976864	-1	mm10	5
HOMININI	3	5976864	88736677	1	mm10	5
HOMININI	3	88736677	96187222	1	mm10	6
HOMININI	3	96187222	119398921	-1	mm10	3
HOMININI	3	119398921	138185623	1	mm10	3
HOMININI	3	138185623	147764895	-1	mm10	8
HOMININI	3	147764895	160536711	-1	mm10	3
HOMININI	3	160536711	190983215	-1	mm10	8
HOMININI	3	0	10126694	-1	monDom5	5
HOMININI	3	10126694	14420904	1	monDom5	5
HOMININI	3	14420904	70342669	-1	monDom5	5
HOMININI	3	70342669	70730065	1	monDom5	5
HOMININI	3	70730065	75134086	1	monDom5	5
HOMININI	3	75134086	75729348	1	monDom5	5
HOMININI	3	75729348	76982672	-1	monDom5	5
HOMININI	3	76982672	81438953	-1	monDom5	5
HOMININI	3	81438953	83614685	1	monDom5	5
HOMININI	3	83614685	83992636	-1	monDom5	5
HOMININI	3	83992636	85939186	1	monDom5	5
HOMININI	3	85939186	92663221	-1	monDom5	5
HOMININI	3	92663221	105692246	-1	monDom5	5
HOMININI	3	105692246	113332882	1	monDom5	5
HOMININI	3	113332882	121036106	-1	monDom5	5
HOMININI	3	121036106	123425454	-1	monDom5	5
HOMININI	3	123425454	190983215	-1	monDom5	5
HOMININI	3	0	50942137	1	oryCun2	2
HOMININI	3	50942137	84077524	-1	oryCun2	15
HOMININI	3	84077524	88481475	1	oryCun2	15
HOMININI	3	88481475	123814419	-1	oryCun2	15
HOMININI	3	123814419	140691423	1	oryCun2	15
HOMININI	3	140691423	167327316	-1	oryCun2	15
HOMININI	3	167327316	190983215	1	oryCun2	2
HOMININI	3	0	44792603	1	panTro3	4
HOMININI	3	44792603	69662653	-1	panTro3	4
HOMININI	3	69662653	70342669	1	panTro3	4
HOMININI	3	70342669	85939186	-1	panTro3	4
HOMININI	3	85939186	190983215	1	panTro3	4
HOMININI	3	0	3989707	1	ponAbe2	4
HOMININI	3	3989707	8799480	-1	ponAbe2	4
HOMININI	3	8799480	49909845	1	ponAbe2	4
HOMININI	3	49909845	69662653	-1	ponAbe2	4
HOMININI	3	69662653	69670388	1	ponAbe2	4
HOMININI	3	69670388	69940400	-1	ponAbe2	4
HOMININI	3	69940400	190983215	1	ponAbe2	4
HOMININI	3	0	4070926	-1	rheMac3	1
HOMININI	3	4070926	8417548	-1	rheMac3	5
HOMININI	3	8417548	50067881	1	rheMac3	5
HOMININI	3	50067881	69662653	-1	rheMac3	5
HOMININI	3	69662653	70342669	1	rheMac3	5
HOMININI	3	70342669	85939186	-1	rheMac3	5
HOMININI	3	85939186	190983215	1	rheMac3	5
HOMININI	3	0	2042313	-1	rn4	14
HOMININI	3	2042313	5314986	1	rn4	14
HOMININI	3	5314986	88498840	-1	rn4	14
HOMININI	3	88498840	95843108	1	rn4	4
HOMININI	3	95843108	118085601	-1	rn4	2
HOMININI	3	118085601	137516225	1	rn4	2
HOMININI	3	137516225	146339266	1	rn4	19
HOMININI	3	146339266	159019578	-1	rn4	2
HOMININI	3	159019578	190983215	1	rn4	16
HOMININI	3	0	5323732	1	susScr2	8
HOMININI	3	5323732	7770149	-1	susScr2	8
HOMININI	3	7770149	54619053	1	susScr2	8
HOMININI	3	54619053	55784601	-1	susScr2	8
HOMININI	3	55784601	79090977	1	susScr2	8
HOMININI	3	79090977	154488370	-1	susScr2	8
HOMININI	3	154488370	165401952	1	susScr2	8
HOMININI	3	165401952	175188709	-1	susScr2	14
HOMININI	3	175188709	187596016	1	susScr2	15
HOMININI	3	187596016	190983215	-1	susScr2	17
HOMININI	3	0	3128635	1	bosTau7	6
HOMININI	3	3128635	5002647	-1	bosTau7	6
HOMININI	3	5002647	6371380	1	bosTau7	6
HOMININI	3	6371380	14858811	1	bosTau7	6
HOMININI	3	14858811	88746117	1	bosTau7	6
HOMININI	3	88746117	123595707	-1	bosTau7	6
HOMININI	3	123595707	158683954	-1	bosTau7	17
HOMININI	3	158683954	167526262	-1	bosTau7	17
HOMININI	3	167526262	170770286	-1	bosTau7	6
HOMININI	3	170770286	177961971	1	bosTau7	8
HOMININI	3	177961971	190983215	1	bosTau7	27
HOMININI	3	0	4055215	-1	calJac3	3
HOMININI	3	4055215	8585630	1	calJac3	3
HOMININI	3	8585630	190983215	-1	calJac3	3
HOMININI	3	0	2757583	-1	canFam2	3
HOMININI	3	2757583	4950484	1	canFam2	3
HOMININI	3	4950484	7001328	1	canFam2	3
HOMININI	3	7001328	15776462	-1	canFam2	3
HOMININI	3	15776462	41362237	-1	canFam2	3
HOMININI	3	41362237	75125449	1	canFam2	13
HOMININI	3	75125449	75655776	-1	canFam2	15
HOMININI	3	75655776	120843926	1	canFam2	32
HOMININI	3	120843926	143994366	-1	canFam2	19
HOMININI	3	143994366	168502705	1	canFam2	15
HOMININI	3	168502705	176364179	1	canFam2	25
HOMININI	3	176364179	190983215	-1	canFam2	16
HOMININI	3	0	2560571	-1	capHir1	6
HOMININI	3	2560571	5154314	-1	capHir1	6
HOMININI	3	5154314	6822828	1	capHir1	6
HOMININI	3	6822828	15549270	1	capHir1	6
HOMININI	3	15549270	88843828	1	capHir1	6
HOMININI	3	88843828	123462536	-1	capHir1	6
HOMININI	3	123462536	159560225	-1	capHir1	17
HOMININI	3	159560225	167887960	-1	capHir1	17
HOMININI	3	167887960	170613167	-1	capHir1	6
HOMININI	3	170613167	177950653	1	capHir1	8
HOMININI	3	177950653	190983215	1	capHir1	27
HOMININI	3	0	3834516	-1	equCab2	3
HOMININI	3	3834516	8251313	1	equCab2	3
HOMININI	3	8251313	104996858	-1	equCab2	3
HOMININI	3	104996858	179231881	-1	equCab2	2
HOMININI	3	179231881	190983215	-1	equCab2	27
HOMININI	3	0	190983215	1	gorGor3	4
HOMININI	3	0	190983215	1	hg19	4
HOMININI	3	0	2680176	1	mm10	5
HOMININI	3	2680176	5976864	-1	mm10	5
HOMININI	3	5976864	88736677	1	mm10	5
HOMININI	3	88736677	96187222	1	mm10	6
HOMININI	3	96187222	119398921	-1	mm10	3
HOMININI	3	119398921	138185623	1	mm10	3
HOMININI	3	138185623	147764895	-1	mm10	8
HOMININI	3	147764895	160536711	-1	mm10	3
HOMININI	3	160536711	190983215	-1	mm10	8
HOMININI	3	0	10126694	-1	monDom5	5
HOMININI	3	10126694	14420904	1	monDom5	5
HOMININI	3	14420904	70342669	-1	monDom5	5
HOMININI	3	70342669	70730065	1	monDom5	5
HOMININI	3	70730065	75134086	1	monDom5	5
HOMININI	3	75134086	75729348	1	monDom5	5
HOMININI	3	75729348	76982672	-1	monDom5	5
HOMININI	3	76982672	81438953	-1	monDom5	5
HOMININI	3	81438953	83614685	1	monDom5	5
HOMININI	3	83614685	83992636	-1	monDom5	5
HOMININI	3	83992636	85939186	1	monDom5	5
HOMININI	3	85939186	92663221	-1	monDom5	5
HOMININI	3	92663221	105692246	-1	monDom5	5
HOMININI	3	105692246	113332882	1	monDom5	5
HOMININI	3	113332882	121036106	-1	monDom5	5
HOMININI	3	121036106	123425454	-1	monDom5	5
HOMININI	3	123425454	190983215	-1	monDom5	5
HOMININI	3	0	50942137	1	oryCun2	2
HOMININI	3	50942137	84077524	-1	oryCun2	15
HOMININI	3	84077524	88481475	1	oryCun2	15
HOMININI	3	88481475	123814419	-1	oryCun2	15
HOMININI	3	123814419	140691423	1	oryCun2	15
HOMININI	3	140691423	167327316	-1	oryCun2	15
HOMININI	3	167327316	190983215	1	oryCun2	2
HOMININI	3	0	44792603	1	panTro3	4
HOMININI	3	44792603	69662653	-1	panTro3	4
HOMININI	3	69662653	70342669	1	panTro3	4
HOMININI	3	70342669	85939186	-1	panTro3	4
HOMININI	3	85939186	190983215	1	panTro3	4
HOMININI	3	0	3989707	1	ponAbe2	4
HOMININI	3	3989707	8799480	-1	ponAbe2	4
HOMININI	3	8799480	49909845	1	ponAbe2	4
HOMININI	3	49909845	69662653	-1	ponAbe2	4
HOMININI	3	69662653	69670388	1	ponAbe2	4
HOMININI	3	69670388	69940400	-1	ponAbe2	4
HOMININI	3	69940400	190983215	1	ponAbe2	4
HOMININI	3	0	4070926	-1	rheMac3	1
HOMININI	3	4070926	8417548	-1	rheMac3	5
HOMININI	3	8417548	50067881	1	rheMac3	5
HOMININI	3	50067881	69662653	-1	rheMac3	5
HOMININI	3	69662653	70342669	1	rheMac3	5
HOMININI	3	70342669	85939186	-1	rheMac3	5
HOMININI	3	85939186	190983215	1	rheMac3	5
HOMININI	3	0	2042313	-1	rn4	14
HOMININI	3	2042313	5314986	1	rn4	14
HOMININI	3	5314986	88498840	-1	rn4	14
HOMININI	3	88498840	95843108	1	rn4	4
HOMININI	3	95843108	118085601	-1	rn4	2
HOMININI	3	118085601	137516225	1	rn4	2
HOMININI	3	137516225	146339266	1	rn4	19
HOMININI	3	146339266	159019578	-1	rn4	2
HOMININI	3	159019578	190983215	1	rn4	16
HOMININI	3	0	5323732	1	susScr2	8
HOMININI	3	5323732	7770149	-1	susScr2	8
HOMININI	3	7770149	54619053	1	susScr2	8
HOMININI	3	54619053	55784601	-1	susScr2	8
HOMININI	3	55784601	79090977	1	susScr2	8
HOMININI	3	79090977	154488370	-1	susScr2	8
HOMININI	3	154488370	165401952	1	susScr2	8
HOMININI	3	165401952	175188709	-1	susScr2	14
HOMININI	3	175188709	187596016	1	susScr2	15
HOMININI	3	187596016	190983215	-1	susScr2	17
HOMININI	3	0	3128635	1	bosTau7	6
HOMININI	3	3128635	5002647	-1	bosTau7	6
HOMININI	3	5002647	6371380	1	bosTau7	6
HOMININI	3	6371380	14858811	1	bosTau7	6
HOMININI	3	14858811	88746117	1	bosTau7	6
HOMININI	3	88746117	123595707	-1	bosTau7	6
HOMININI	3	123595707	158683954	-1	bosTau7	17
HOMININI	3	158683954	167526262	-1	bosTau7	17
HOMININI	3	167526262	170770286	-1	bosTau7	6
HOMININI	3	170770286	177961971	1	bosTau7	8
HOMININI	3	177961971	190983215	1	bosTau7	27
HOMININI	3	0	4055215	-1	calJac3	3
HOMININI	3	4055215	8585630	1	calJac3	3
HOMININI	3	8585630	190983215	-1	calJac3	3
HOMININI	3	0	2757583	-1	canFam2	3
HOMININI	3	2757583	4950484	1	canFam2	3
HOMININI	3	4950484	7001328	1	canFam2	3
HOMININI	3	7001328	15776462	-1	canFam2	3
HOMININI	3	15776462	41362237	-1	canFam2	3
HOMININI	3	41362237	75125449	1	canFam2	13
HOMININI	3	75125449	75655776	-1	canFam2	15
HOMININI	3	75655776	120843926	1	canFam2	32
HOMININI	3	120843926	143994366	-1	canFam2	19
HOMININI	3	143994366	168502705	1	canFam2	15
HOMININI	3	168502705	176364179	1	canFam2	25
HOMININI	3	176364179	190983215	-1	canFam2	16
HOMININI	3	0	2560571	-1	capHir1	6
HOMININI	3	2560571	5154314	-1	capHir1	6
HOMININI	3	5154314	6822828	1	capHir1	6
HOMININI	3	6822828	15549270	1	capHir1	6
HOMININI	3	15549270	88843828	1	capHir1	6
HOMININI	3	88843828	123462536	-1	capHir1	6
HOMININI	3	123462536	159560225	-1	capHir1	17
HOMININI	3	159560225	167887960	-1	capHir1	17
HOMININI	3	167887960	170613167	-1	capHir1	6
HOMININI	3	170613167	177950653	1	capHir1	8
HOMININI	3	177950653	190983215	1	capHir1	27
HOMININI	3	0	3834516	-1	equCab2	3
HOMININI	3	3834516	8251313	1	equCab2	3
HOMININI	3	8251313	104996858	-1	equCab2	3
HOMININI	3	104996858	179231881	-1	equCab2	2
HOMININI	3	179231881	190983215	-1	equCab2	27
HOMININI	3	0	190983215	1	gorGor3	4
HOMININI	3	0	190983215	1	hg19	4
HOMININI	3	0	2680176	1	mm10	5
HOMININI	3	2680176	5976864	-1	mm10	5
HOMININI	3	5976864	88736677	1	mm10	5
HOMININI	3	88736677	96187222	1	mm10	6
HOMININI	3	96187222	119398921	-1	mm10	3
HOMININI	3	119398921	138185623	1	mm10	3
HOMININI	3	138185623	147764895	-1	mm10	8
HOMININI	3	147764895	160536711	-1	mm10	3
HOMININI	3	160536711	190983215	-1	mm10	8
HOMININI	3	0	10126694	-1	monDom5	5
HOMININI	3	10126694	14420904	1	monDom5	5
HOMININI	3	14420904	70342669	-1	monDom5	5
HOMININI	3	70342669	70730065	1	monDom5	5
HOMININI	3	70730065	75134086	1	monDom5	5
HOMININI	3	75134086	75729348	1	monDom5	5
HOMININI	3	75729348	76982672	-1	monDom5	5
HOMININI	3	76982672	81438953	-1	monDom5	5
HOMININI	3	81438953	83614685	1	monDom5	5
HOMININI	3	83614685	83992636	-1	monDom5	5
HOMININI	3	83992636	85939186	1	monDom5	5
HOMININI	3	85939186	92663221	-1	monDom5	5
HOMININI	3	92663221	105692246	-1	monDom5	5
HOMININI	3	105692246	113332882	1	monDom5	5
HOMININI	3	113332882	121036106	-1	monDom5	5
HOMININI	3	121036106	123425454	-1	monDom5	5
HOMININI	3	123425454	190983215	-1	monDom5	5
HOMININI	3	0	50942137	1	oryCun2	2
HOMININI	3	50942137	84077524	-1	oryCun2	15
HOMININI	3	84077524	88481475	1	oryCun2	15
HOMININI	3	88481475	123814419	-1	oryCun2	15
HOMININI	3	123814419	140691423	1	oryCun2	15
HOMININI	3	140691423	167327316	-1	oryCun2	15
HOMININI	3	167327316	190983215	1	oryCun2	2
HOMININI	3	0	44792603	1	panTro3	4
HOMININI	3	44792603	69662653	-1	panTro3	4
HOMININI	3	69662653	70342669	1	panTro3	4
HOMININI	3	70342669	85939186	-1	panTro3	4
HOMININI	3	85939186	190983215	1	panTro3	4
HOMININI	3	0	3989707	1	ponAbe2	4
HOMININI	3	3989707	8799480	-1	ponAbe2	4
HOMININI	3	8799480	49909845	1	ponAbe2	4
HOMININI	3	49909845	69662653	-1	ponAbe2	4
HOMININI	3	69662653	69670388	1	ponAbe2	4
HOMININI	3	69670388	69940400	-1	ponAbe2	4
HOMININI	3	69940400	190983215	1	ponAbe2	4
HOMININI	3	0	4070926	-1	rheMac3	1
HOMININI	3	4070926	8417548	-1	rheMac3	5
HOMININI	3	8417548	50067881	1	rheMac3	5
HOMININI	3	50067881	69662653	-1	rheMac3	5
HOMININI	3	69662653	70342669	1	rheMac3	5
HOMININI	3	70342669	85939186	-1	rheMac3	5
HOMININI	3	85939186	190983215	1	rheMac3	5
HOMININI	3	0	2042313	-1	rn4	14
HOMININI	3	2042313	5314986	1	rn4	14
HOMININI	3	5314986	88498840	-1	rn4	14
HOMININI	3	88498840	95843108	1	rn4	4
HOMININI	3	95843108	118085601	-1	rn4	2
HOMININI	3	118085601	137516225	1	rn4	2
HOMININI	3	137516225	146339266	1	rn4	19
HOMININI	3	146339266	159019578	-1	rn4	2
HOMININI	3	159019578	190983215	1	rn4	16
HOMININI	3	0	5323732	1	susScr2	8
HOMININI	3	5323732	7770149	-1	susScr2	8
HOMININI	3	7770149	54619053	1	susScr2	8
HOMININI	3	54619053	55784601	-1	susScr2	8
HOMININI	3	55784601	79090977	1	susScr2	8
HOMININI	3	79090977	154488370	-1	susScr2	8
HOMININI	3	154488370	165401952	1	susScr2	8
HOMININI	3	165401952	175188709	-1	susScr2	14
HOMININI	3	175188709	187596016	1	susScr2	15
HOMININI	3	187596016	190983215	-1	susScr2	17
