HOMININI	15	0	17091364	-1	bosTau7	12
HOMININI	15	17091364	24407562	1	bosTau7	12
HOMININI	15	24407562	36662667	-1	bosTau7	12
HOMININI	15	36662667	95309591	1	bosTau7	12
HOMININI	15	0	20893331	1	calJac3	5
HOMININI	15	20893331	63534271	-1	calJac3	1
HOMININI	15	63534271	93199868	1	calJac3	1
HOMININI	15	93199868	95309591	1	calJac3	1
HOMININI	15	0	21252500	-1	canFam2	25
HOMININI	15	21252500	27513756	-1	canFam2	22
HOMININI	15	27513756	95309591	1	canFam2	22
HOMININI	15	0	16995706	-1	capHir1	12
HOMININI	15	16995706	23799218	1	capHir1	12
HOMININI	15	23799218	34768065	-1	capHir1	12
HOMININI	15	34768065	95309591	1	capHir1	12
HOMININI	15	0	21696940	1	equCab2	17
HOMININI	15	21696940	28409632	-1	equCab2	17
HOMININI	15	28409632	95309591	1	equCab2	17
HOMININI	15	0	19344282	-1	galGal3	1
HOMININI	15	19344282	24974737	1	galGal3	1
HOMININI	15	24974737	90335071	-1	galGal3	1
HOMININI	15	90335071	95309591	1	galGal3	1
HOMININI	15	0	95309591	1	gorGor3	13
HOMININI	15	0	95309591	1	hg19	13
HOMININI	15	0	3439040	1	mm10	14
HOMININI	15	3439040	10803776	1	mm10	5
HOMININI	15	10803776	15962879	-1	mm10	3
HOMININI	15	15962879	19451414	-1	mm10	14
HOMININI	15	19451414	83035260	1	mm10	14
HOMININI	15	83035260	95309591	1	mm10	8
HOMININI	15	0	19376656	1	monDom5	4
HOMININI	15	19376656	25665624	-1	monDom5	4
HOMININI	15	25665624	39585508	-1	monDom5	7
HOMININI	15	39585508	57396034	1	monDom5	7
HOMININI	15	57396034	95309591	-1	monDom5	7
HOMININI	15	0	9411129	-1	oryCun2	8
HOMININI	15	9411129	95309591	1	oryCun2	8
HOMININI	15	0	95309591	1	panTro3	13
HOMININI	15	0	95309591	1	ponAbe2	13
HOMININI	15	0	95309591	1	rheMac3	17
HOMININI	15	0	3312401	1	rn4	15
HOMININI	15	3312401	10007549	-1	rn4	12
HOMININI	15	10007549	15195328	-1	rn4	2
HOMININI	15	15195328	18779471	-1	rn4	15
HOMININI	15	18779471	83341305	1	rn4	15
HOMININI	15	83341305	95309591	-1	rn4	16
HOMININI	15	0	19005722	1	susScr2	11
HOMININI	15	19005722	23743417	-1	susScr2	11
HOMININI	15	23743417	95309591	1	susScr2	11
