HOMININI	17	0	7785530	1	bosTau7	21
HOMININI	17	7785530	8884231	1	bosTau7	2
HOMININI	17	8884231	10629076	1	bosTau7	21
HOMININI	17	10629076	12785687	-1	bosTau7	10
HOMININI	17	12785687	22704352	1	bosTau7	10
HOMININI	17	22704352	45239808	-1	bosTau7	10
HOMININI	17	45239808	55352430	1	bosTau7	10
HOMININI	17	55352430	57175248	-1	bosTau7	21
HOMININI	17	57175248	59467221	1	bosTau7	21
HOMININI	17	59467221	61698718	1	bosTau7	21
HOMININI	17	61698718	68430446	1	bosTau7	21
HOMININI	17	68430446	81394824	-1	bosTau7	21
HOMININI	17	0	8884231	1	calJac3	6
HOMININI	17	8884231	8953507	1	calJac3	1
HOMININI	17	8953507	10629076	1	calJac3	6
HOMININI	17	10629076	12731480	1	calJac3	10
HOMININI	17	12731480	22075019	-1	calJac3	10
HOMININI	17	22075019	38349959	1	calJac3	10
HOMININI	17	38349959	59525037	1	calJac3	10
HOMININI	17	59525037	81394824	-1	calJac3	6
HOMININI	17	0	634483	-1	canFam2	3
HOMININI	17	634483	8272853	-1	canFam2	3
HOMININI	17	8272853	8884231	1	canFam2	3
HOMININI	17	8884231	10629076	1	canFam2	3
HOMININI	17	10629076	12669397	-1	canFam2	30
HOMININI	17	12669397	58825090	1	canFam2	30
HOMININI	17	58825090	61030067	-1	canFam2	30
HOMININI	17	61030067	64261166	-1	canFam2	3
HOMININI	17	64261166	69754866	1	canFam2	3
HOMININI	17	69754866	81394824	-1	canFam2	3
HOMININI	17	0	7057556	1	capHir1	21
HOMININI	17	7057556	8884231	1	capHir1	2
HOMININI	17	8884231	10629076	1	capHir1	21
HOMININI	17	10629076	12730778	-1	capHir1	10
HOMININI	17	12730778	22688677	1	capHir1	10
HOMININI	17	22688677	45923763	-1	capHir1	10
HOMININI	17	45923763	55962516	1	capHir1	10
HOMININI	17	55962516	57774285	-1	capHir1	21
HOMININI	17	57774285	59804237	1	capHir1	21
HOMININI	17	59804237	61450233	1	capHir1	21
HOMININI	17	61450233	67652341	1	capHir1	21
HOMININI	17	67652341	81394824	-1	capHir1	21
HOMININI	17	0	8884231	1	equCab2	1
HOMININI	17	8884231	10629076	-1	equCab2	1
HOMININI	17	10629076	12746635	1	equCab2	1
HOMININI	17	12746635	60949160	-1	equCab2	1
HOMININI	17	60949160	63072684	-1	equCab2	1
HOMININI	17	63072684	69037817	-1	equCab2	1
HOMININI	17	69037817	81394824	1	equCab2	1
HOMININI	17	0	81394824	1	gorGor3	15
HOMININI	17	0	81394824	1	hg19	15
HOMININI	17	0	8884231	-1	mm10	7
HOMININI	17	8884231	10629076	1	mm10	7
HOMININI	17	10629076	12836555	-1	mm10	2
HOMININI	17	12836555	30843288	1	mm10	2
HOMININI	17	30843288	56635259	-1	mm10	9
HOMININI	17	56635259	59080669	1	mm10	9
HOMININI	17	59080669	61992562	-1	mm10	7
HOMININI	17	61992562	68700726	1	mm10	7
HOMININI	17	68700726	81394824	-1	mm10	7
HOMININI	17	0	534891	1	monDom5	7
HOMININI	17	534891	8884231	-1	monDom5	7
HOMININI	17	8884231	10629076	-1	monDom5	1
HOMININI	17	10629076	12517104	-1	monDom5	1
HOMININI	17	12517104	24555662	1	monDom5	1
HOMININI	17	24555662	35021400	1	monDom5	1
HOMININI	17	35021400	39170082	-1	monDom5	1
HOMININI	17	39170082	52866514	1	monDom5	1
HOMININI	17	52866514	57378960	1	monDom5	1
HOMININI	17	57378960	59542249	-1	monDom5	1
HOMININI	17	59542249	64788338	-1	monDom5	1
HOMININI	17	64788338	66489231	1	monDom5	1
HOMININI	17	66489231	71434000	-1	monDom5	1
HOMININI	17	71434000	81394824	1	monDom5	1
HOMININI	17	0	8884231	-1	oryCun2	17
HOMININI	17	8884231	10629076	1	oryCun2	17
HOMININI	17	10629076	13939630	1	oryCun2	17
HOMININI	17	13939630	81394824	-1	oryCun2	17
HOMININI	17	0	8884231	1	panTro3	15
HOMININI	17	8884231	10629076	-1	panTro3	15
HOMININI	17	10629076	81394824	1	panTro3	15
HOMININI	17	0	61541837	1	ponAbe2	15
HOMININI	17	61541837	62991114	1	ponAbe2	15
HOMININI	17	62991114	81394824	1	ponAbe2	15
HOMININI	17	0	60695799	1	rheMac3	7
HOMININI	17	60695799	62349136	-1	rheMac3	7
HOMININI	17	62349136	64318788	1	rheMac3	7
HOMININI	17	64318788	81394824	1	rheMac3	7
HOMININI	17	0	8884231	-1	rn4	1
HOMININI	17	8884231	10629076	1	rn4	1
HOMININI	17	10629076	12668269	-1	rn4	3
HOMININI	17	12668269	31421567	1	rn4	3
HOMININI	17	31421567	56564138	-1	rn4	8
HOMININI	17	56564138	59070372	1	rn4	8
HOMININI	17	59070372	61737318	-1	rn4	1
HOMININI	17	61737318	68217430	1	rn4	1
HOMININI	17	68217430	81394824	-1	rn4	1
HOMININI	17	0	7595001	-1	susScr2	1
HOMININI	17	7595001	8884231	-1	susScr2	15
HOMININI	17	8884231	10629076	1	susScr2	1
HOMININI	17	10629076	12406178	-1	susScr2	7
HOMININI	17	12406178	51229869	-1	susScr2	1
HOMININI	17	51229869	59492068	1	susScr2	1
HOMININI	17	59492068	63301224	-1	susScr2	7
HOMININI	17	63301224	66763502	1	susScr2	7
HOMININI	17	66763502	69599828	-1	susScr2	1
HOMININI	17	69599828	71620367	1	susScr2	7
HOMININI	17	71620367	74110051	1	susScr2	7
HOMININI	17	74110051	79087122	-1	susScr2	7
HOMININI	17	79087122	81394824	1	susScr2	1
HOMININI	17	0	7785530	1	bosTau7	21
HOMININI	17	7785530	8884231	1	bosTau7	2
HOMININI	17	8884231	10629076	1	bosTau7	21
HOMININI	17	10629076	12785687	-1	bosTau7	10
HOMININI	17	12785687	22704352	1	bosTau7	10
HOMININI	17	22704352	45239808	-1	bosTau7	10
HOMININI	17	45239808	55352430	1	bosTau7	10
HOMININI	17	55352430	57175248	-1	bosTau7	21
HOMININI	17	57175248	59467221	1	bosTau7	21
HOMININI	17	59467221	61698718	1	bosTau7	21
HOMININI	17	61698718	68430446	1	bosTau7	21
HOMININI	17	68430446	81394824	-1	bosTau7	21
HOMININI	17	0	8884231	1	calJac3	6
HOMININI	17	8884231	8953507	1	calJac3	1
HOMININI	17	8953507	10629076	1	calJac3	6
HOMININI	17	10629076	12731480	1	calJac3	10
HOMININI	17	12731480	22075019	-1	calJac3	10
HOMININI	17	22075019	38349959	1	calJac3	10
HOMININI	17	38349959	59525037	1	calJac3	10
HOMININI	17	59525037	81394824	-1	calJac3	6
HOMININI	17	0	634483	-1	canFam2	3
HOMININI	17	634483	8272853	-1	canFam2	3
HOMININI	17	8272853	8884231	1	canFam2	3
HOMININI	17	8884231	10629076	1	canFam2	3
HOMININI	17	10629076	12669397	-1	canFam2	30
HOMININI	17	12669397	58825090	1	canFam2	30
HOMININI	17	58825090	61030067	-1	canFam2	30
HOMININI	17	61030067	64261166	-1	canFam2	3
HOMININI	17	64261166	69754866	1	canFam2	3
HOMININI	17	69754866	81394824	-1	canFam2	3
HOMININI	17	0	7057556	1	capHir1	21
HOMININI	17	7057556	8884231	1	capHir1	2
HOMININI	17	8884231	10629076	1	capHir1	21
HOMININI	17	10629076	12730778	-1	capHir1	10
HOMININI	17	12730778	22688677	1	capHir1	10
HOMININI	17	22688677	45923763	-1	capHir1	10
HOMININI	17	45923763	55962516	1	capHir1	10
HOMININI	17	55962516	57774285	-1	capHir1	21
HOMININI	17	57774285	59804237	1	capHir1	21
HOMININI	17	59804237	61450233	1	capHir1	21
HOMININI	17	61450233	67652341	1	capHir1	21
HOMININI	17	67652341	81394824	-1	capHir1	21
HOMININI	17	0	8884231	1	equCab2	1
HOMININI	17	8884231	10629076	-1	equCab2	1
HOMININI	17	10629076	12746635	1	equCab2	1
HOMININI	17	12746635	60949160	-1	equCab2	1
HOMININI	17	60949160	63072684	-1	equCab2	1
HOMININI	17	63072684	69037817	-1	equCab2	1
HOMININI	17	69037817	81394824	1	equCab2	1
HOMININI	17	0	81394824	1	gorGor3	15
HOMININI	17	0	81394824	1	hg19	15
HOMININI	17	0	8884231	-1	mm10	7
HOMININI	17	8884231	10629076	1	mm10	7
HOMININI	17	10629076	12836555	-1	mm10	2
HOMININI	17	12836555	30843288	1	mm10	2
HOMININI	17	30843288	56635259	-1	mm10	9
HOMININI	17	56635259	59080669	1	mm10	9
HOMININI	17	59080669	61992562	-1	mm10	7
HOMININI	17	61992562	68700726	1	mm10	7
HOMININI	17	68700726	81394824	-1	mm10	7
HOMININI	17	0	534891	1	monDom5	7
HOMININI	17	534891	8884231	-1	monDom5	7
HOMININI	17	8884231	10629076	-1	monDom5	1
HOMININI	17	10629076	12517104	-1	monDom5	1
HOMININI	17	12517104	24555662	1	monDom5	1
HOMININI	17	24555662	35021400	1	monDom5	1
HOMININI	17	35021400	39170082	-1	monDom5	1
HOMININI	17	39170082	52866514	1	monDom5	1
HOMININI	17	52866514	57378960	1	monDom5	1
HOMININI	17	57378960	59542249	-1	monDom5	1
HOMININI	17	59542249	64788338	-1	monDom5	1
HOMININI	17	64788338	66489231	1	monDom5	1
HOMININI	17	66489231	71434000	-1	monDom5	1
HOMININI	17	71434000	81394824	1	monDom5	1
HOMININI	17	0	8884231	-1	oryCun2	17
HOMININI	17	8884231	10629076	1	oryCun2	17
HOMININI	17	10629076	13939630	1	oryCun2	17
HOMININI	17	13939630	81394824	-1	oryCun2	17
HOMININI	17	0	8884231	1	panTro3	15
HOMININI	17	8884231	10629076	-1	panTro3	15
HOMININI	17	10629076	81394824	1	panTro3	15
HOMININI	17	0	61541837	1	ponAbe2	15
HOMININI	17	61541837	62991114	1	ponAbe2	15
HOMININI	17	62991114	81394824	1	ponAbe2	15
HOMININI	17	0	60695799	1	rheMac3	7
HOMININI	17	60695799	62349136	-1	rheMac3	7
HOMININI	17	62349136	64318788	1	rheMac3	7
HOMININI	17	64318788	81394824	1	rheMac3	7
HOMININI	17	0	8884231	-1	rn4	1
HOMININI	17	8884231	10629076	1	rn4	1
HOMININI	17	10629076	12668269	-1	rn4	3
HOMININI	17	12668269	31421567	1	rn4	3
HOMININI	17	31421567	56564138	-1	rn4	8
HOMININI	17	56564138	59070372	1	rn4	8
HOMININI	17	59070372	61737318	-1	rn4	1
HOMININI	17	61737318	68217430	1	rn4	1
HOMININI	17	68217430	81394824	-1	rn4	1
HOMININI	17	0	7595001	-1	susScr2	1
HOMININI	17	7595001	8884231	-1	susScr2	15
HOMININI	17	8884231	10629076	1	susScr2	1
HOMININI	17	10629076	12406178	-1	susScr2	7
HOMININI	17	12406178	51229869	-1	susScr2	1
HOMININI	17	51229869	59492068	1	susScr2	1
HOMININI	17	59492068	63301224	-1	susScr2	7
HOMININI	17	63301224	66763502	1	susScr2	7
HOMININI	17	66763502	69599828	-1	susScr2	1
HOMININI	17	69599828	71620367	1	susScr2	7
HOMININI	17	71620367	74110051	1	susScr2	7
HOMININI	17	74110051	79087122	-1	susScr2	7
HOMININI	17	79087122	81394824	1	susScr2	1
HOMININI	17	0	7785530	1	bosTau7	21
HOMININI	17	7785530	8884231	1	bosTau7	2
HOMININI	17	8884231	10629076	1	bosTau7	21
HOMININI	17	10629076	12785687	-1	bosTau7	10
HOMININI	17	12785687	22704352	1	bosTau7	10
HOMININI	17	22704352	45239808	-1	bosTau7	10
HOMININI	17	45239808	55352430	1	bosTau7	10
HOMININI	17	55352430	57175248	-1	bosTau7	21
HOMININI	17	57175248	59467221	1	bosTau7	21
HOMININI	17	59467221	61698718	1	bosTau7	21
HOMININI	17	61698718	68430446	1	bosTau7	21
HOMININI	17	68430446	81394824	-1	bosTau7	21
HOMININI	17	0	8884231	1	calJac3	6
HOMININI	17	8884231	8953507	1	calJac3	1
HOMININI	17	8953507	10629076	1	calJac3	6
HOMININI	17	10629076	12731480	1	calJac3	10
HOMININI	17	12731480	22075019	-1	calJac3	10
HOMININI	17	22075019	38349959	1	calJac3	10
HOMININI	17	38349959	59525037	1	calJac3	10
HOMININI	17	59525037	81394824	-1	calJac3	6
HOMININI	17	0	634483	-1	canFam2	3
HOMININI	17	634483	8272853	-1	canFam2	3
HOMININI	17	8272853	8884231	1	canFam2	3
HOMININI	17	8884231	10629076	1	canFam2	3
HOMININI	17	10629076	12669397	-1	canFam2	30
HOMININI	17	12669397	58825090	1	canFam2	30
HOMININI	17	58825090	61030067	-1	canFam2	30
HOMININI	17	61030067	64261166	-1	canFam2	3
HOMININI	17	64261166	69754866	1	canFam2	3
HOMININI	17	69754866	81394824	-1	canFam2	3
HOMININI	17	0	7057556	1	capHir1	21
HOMININI	17	7057556	8884231	1	capHir1	2
HOMININI	17	8884231	10629076	1	capHir1	21
HOMININI	17	10629076	12730778	-1	capHir1	10
HOMININI	17	12730778	22688677	1	capHir1	10
HOMININI	17	22688677	45923763	-1	capHir1	10
HOMININI	17	45923763	55962516	1	capHir1	10
HOMININI	17	55962516	57774285	-1	capHir1	21
HOMININI	17	57774285	59804237	1	capHir1	21
HOMININI	17	59804237	61450233	1	capHir1	21
HOMININI	17	61450233	67652341	1	capHir1	21
HOMININI	17	67652341	81394824	-1	capHir1	21
HOMININI	17	0	8884231	1	equCab2	1
HOMININI	17	8884231	10629076	-1	equCab2	1
HOMININI	17	10629076	12746635	1	equCab2	1
HOMININI	17	12746635	60949160	-1	equCab2	1
HOMININI	17	60949160	63072684	-1	equCab2	1
HOMININI	17	63072684	69037817	-1	equCab2	1
HOMININI	17	69037817	81394824	1	equCab2	1
HOMININI	17	0	81394824	1	gorGor3	15
HOMININI	17	0	81394824	1	hg19	15
HOMININI	17	0	8884231	-1	mm10	7
HOMININI	17	8884231	10629076	1	mm10	7
HOMININI	17	10629076	12836555	-1	mm10	2
HOMININI	17	12836555	30843288	1	mm10	2
HOMININI	17	30843288	56635259	-1	mm10	9
HOMININI	17	56635259	59080669	1	mm10	9
HOMININI	17	59080669	61992562	-1	mm10	7
HOMININI	17	61992562	68700726	1	mm10	7
HOMININI	17	68700726	81394824	-1	mm10	7
HOMININI	17	0	534891	1	monDom5	7
HOMININI	17	534891	8884231	-1	monDom5	7
HOMININI	17	8884231	10629076	-1	monDom5	1
HOMININI	17	10629076	12517104	-1	monDom5	1
HOMININI	17	12517104	24555662	1	monDom5	1
HOMININI	17	24555662	35021400	1	monDom5	1
HOMININI	17	35021400	39170082	-1	monDom5	1
HOMININI	17	39170082	52866514	1	monDom5	1
HOMININI	17	52866514	57378960	1	monDom5	1
HOMININI	17	57378960	59542249	-1	monDom5	1
HOMININI	17	59542249	64788338	-1	monDom5	1
HOMININI	17	64788338	66489231	1	monDom5	1
HOMININI	17	66489231	71434000	-1	monDom5	1
HOMININI	17	71434000	81394824	1	monDom5	1
HOMININI	17	0	8884231	-1	oryCun2	17
HOMININI	17	8884231	10629076	1	oryCun2	17
HOMININI	17	10629076	13939630	1	oryCun2	17
HOMININI	17	13939630	81394824	-1	oryCun2	17
HOMININI	17	0	8884231	1	panTro3	15
HOMININI	17	8884231	10629076	-1	panTro3	15
HOMININI	17	10629076	81394824	1	panTro3	15
HOMININI	17	0	61541837	1	ponAbe2	15
HOMININI	17	61541837	62991114	1	ponAbe2	15
HOMININI	17	62991114	81394824	1	ponAbe2	15
HOMININI	17	0	60695799	1	rheMac3	7
HOMININI	17	60695799	62349136	-1	rheMac3	7
HOMININI	17	62349136	64318788	1	rheMac3	7
HOMININI	17	64318788	81394824	1	rheMac3	7
HOMININI	17	0	8884231	-1	rn4	1
HOMININI	17	8884231	10629076	1	rn4	1
HOMININI	17	10629076	12668269	-1	rn4	3
HOMININI	17	12668269	31421567	1	rn4	3
HOMININI	17	31421567	56564138	-1	rn4	8
HOMININI	17	56564138	59070372	1	rn4	8
HOMININI	17	59070372	61737318	-1	rn4	1
HOMININI	17	61737318	68217430	1	rn4	1
HOMININI	17	68217430	81394824	-1	rn4	1
HOMININI	17	0	7595001	-1	susScr2	1
HOMININI	17	7595001	8884231	-1	susScr2	15
HOMININI	17	8884231	10629076	1	susScr2	1
HOMININI	17	10629076	12406178	-1	susScr2	7
HOMININI	17	12406178	51229869	-1	susScr2	1
HOMININI	17	51229869	59492068	1	susScr2	1
HOMININI	17	59492068	63301224	-1	susScr2	7
HOMININI	17	63301224	66763502	1	susScr2	7
HOMININI	17	66763502	69599828	-1	susScr2	1
HOMININI	17	69599828	71620367	1	susScr2	7
HOMININI	17	71620367	74110051	1	susScr2	7
HOMININI	17	74110051	79087122	-1	susScr2	7
HOMININI	17	79087122	81394824	1	susScr2	1
