HOMININI	23	0	15700455	-1	bosTau7	5
HOMININI	23	15700455	24630432	-1	bosTau7	5
HOMININI	23	24630432	33987312	-1	bosTau7	17
HOMININI	23	33987312	35169623	1	bosTau7	17
HOMININI	23	0	35169623	-1	calJac3	1
HOMININI	23	0	22496378	1	canFam2	10
HOMININI	23	22496378	31810532	-1	canFam2	26
HOMININI	23	31810532	33570325	1	canFam2	26
HOMININI	23	33570325	35169623	-1	canFam2	27
HOMININI	23	0	17463886	-1	capHir1	5
HOMININI	23	17463886	25564078	-1	capHir1	5
HOMININI	23	25564078	35169623	-1	capHir1	17
HOMININI	23	0	22847342	-1	equCab2	28
HOMININI	23	22847342	31643725	1	equCab2	8
HOMININI	23	31643725	33806064	1	equCab2	8
HOMININI	23	33806064	35169623	1	equCab2	6
HOMININI	23	0	35169623	-1	gorGor3	22
HOMININI	23	0	35169623	-1	hg19	22
HOMININI	23	0	20064591	-1	mm10	15
HOMININI	23	20064591	23923722	-1	mm10	8
HOMININI	23	23923722	27772312	1	mm10	11
HOMININI	23	27772312	31730699	1	mm10	5
HOMININI	23	31730699	33880122	1	mm10	16
HOMININI	23	33880122	35169623	-1	mm10	6
HOMININI	23	0	1843794	-1	monDom5	8
HOMININI	23	1843794	7498943	-1	monDom5	8
HOMININI	23	7498943	9395760	-1	monDom5	8
HOMININI	23	9395760	11814593	1	monDom5	8
HOMININI	23	11814593	19092901	-1	monDom5	8
HOMININI	23	19092901	20561297	-1	monDom5	3
HOMININI	23	20561297	27687711	-1	monDom5	3
HOMININI	23	27687711	30057305	-1	monDom5	3
HOMININI	23	30057305	31473686	-1	monDom5	3
HOMININI	23	31473686	32768122	1	monDom5	3
HOMININI	23	32768122	33691666	-1	monDom5	3
HOMININI	23	33691666	35169623	-1	monDom5	8
HOMININI	23	0	26639729	1	oryCun2	4
HOMININI	23	26639729	35169623	-1	oryCun2	21
HOMININI	23	0	35169623	-1	panTro3	22
HOMININI	23	0	35169623	-1	ponAbe2	22
HOMININI	23	0	35169623	-1	rheMac3	10
HOMININI	23	0	20900291	-1	rn4	7
HOMININI	23	20900291	24264835	-1	rn4	19
HOMININI	23	24264835	28916221	1	rn4	14
HOMININI	23	28916221	31134933	-1	rn4	12
HOMININI	23	31134933	33970769	-1	rn4	11
HOMININI	23	33970769	35169623	-1	rn4	4
HOMININI	23	0	20708172	1	susScr2	5
HOMININI	23	20708172	33729945	-1	susScr2	14
HOMININI	23	33729945	35169623	-1	susScr2	5
