HOMININI	22	0	2716165	-1	bosTau7	18
HOMININI	22	2716165	3336725	1	bosTau7	18
HOMININI	22	3336725	16003488	-1	bosTau7	18
HOMININI	22	16003488	16686396	1	bosTau7	18
HOMININI	22	16686396	21346310	-1	bosTau7	18
HOMININI	22	21346310	21735225	1	bosTau7	18
HOMININI	22	21735225	21822344	-1	bosTau7	18
HOMININI	22	21822344	33401403	-1	bosTau7	18
HOMININI	22	33401403	46525607	1	bosTau7	7
HOMININI	22	46525607	49470903	-1	bosTau7	7
HOMININI	22	49470903	56915565	1	bosTau7	7
HOMININI	22	56915565	58468897	-1	bosTau7	7
HOMININI	22	0	21346310	-1	calJac3	22
HOMININI	22	21346310	21822344	1	calJac3	22
HOMININI	22	21822344	58468897	-1	calJac3	22
HOMININI	22	0	20513489	1	canFam2	1
HOMININI	22	20513489	21346310	-1	canFam2	1
HOMININI	22	21346310	33482315	1	canFam2	1
HOMININI	22	33482315	58468897	1	canFam2	20
HOMININI	22	0	3659596	-1	capHir1	18
HOMININI	22	3659596	4516031	1	capHir1	18
HOMININI	22	4516031	32987457	-1	capHir1	18
HOMININI	22	32987457	46755194	1	capHir1	7
HOMININI	22	46755194	48863020	-1	capHir1	7
HOMININI	22	48863020	55917414	1	capHir1	7
HOMININI	22	55917414	58468897	-1	capHir1	7
HOMININI	22	0	16325063	-1	equCab2	10
HOMININI	22	16325063	16910322	1	equCab2	10
HOMININI	22	16910322	32003433	-1	equCab2	10
HOMININI	22	32003433	37983982	-1	equCab2	21
HOMININI	22	37983982	51589037	1	equCab2	7
HOMININI	22	51589037	58468897	-1	equCab2	7
HOMININI	22	21822344	42427181	-1	galGal3	11
HOMININI	22	42427181	51657567	1	galGal3	28
HOMININI	22	51657567	58468897	1	galGal3	28
HOMININI	22	0	58468897	-1	gorGor3	19
HOMININI	22	0	58468897	-1	hg19	19
HOMININI	22	0	7968387	-1	mm10	7
HOMININI	22	7968387	10029090	1	mm10	7
HOMININI	22	10029090	17303548	1	mm10	7
HOMININI	22	17303548	17789141	-1	mm10	7
HOMININI	22	17789141	39368246	1	mm10	7
HOMININI	22	39368246	40974900	-1	mm10	7
HOMININI	22	40974900	43365182	1	mm10	8
HOMININI	22	43365182	46671408	1	mm10	8
HOMININI	22	46671408	49900002	-1	mm10	9
HOMININI	22	49900002	52442261	-1	mm10	8
HOMININI	22	52442261	55412847	-1	mm10	17
HOMININI	22	55412847	58468897	-1	mm10	10
HOMININI	22	0	1027409	-1	monDom5	3
HOMININI	22	1027409	1684867	-1	monDom5	4
HOMININI	22	1684867	3167603	-1	monDom5	3
HOMININI	22	3167603	7662616	-1	monDom5	4
HOMININI	22	7662616	8511954	-1	monDom5	3
HOMININI	22	8511954	11892281	-1	monDom5	3
HOMININI	22	11892281	12535934	-1	monDom5	4
HOMININI	22	12535934	14097010	1	monDom5	4
HOMININI	22	14097010	14822026	-1	monDom5	4
HOMININI	22	14822026	16466465	-1	monDom5	3
HOMININI	22	16466465	18098845	-1	monDom5	4
HOMININI	22	18098845	19863737	-1	monDom5	4
HOMININI	22	19863737	21346310	-1	monDom5	3
HOMININI	22	21346310	21700951	-1	monDom5	3
HOMININI	22	21700951	21822344	-1	monDom5	4
HOMININI	22	21822344	22651573	-1	monDom5	4
HOMININI	22	22651573	30453954	1	monDom5	1
HOMININI	22	30453954	34200044	-1	monDom5	4
HOMININI	22	34200044	34896618	-1	monDom5	3
HOMININI	22	34896618	36708073	-1	monDom5	3
HOMININI	22	36708073	40634142	-1	monDom5	3
HOMININI	22	40634142	42870308	1	monDom5	3
HOMININI	22	42870308	44940065	1	monDom5	3
HOMININI	22	44940065	47308139	1	monDom5	3
HOMININI	22	47308139	52418539	-1	monDom5	3
HOMININI	22	52418539	55620470	-1	monDom5	3
HOMININI	22	55620470	58468897	1	monDom5	3
HOMININI	22	0	6966551	1	oryCun2	5
HOMININI	22	6966551	21346310	-1	oryCun2	5
HOMININI	22	21822344	58468897	-1	oryCun2	5
HOMININI	22	0	21346310	-1	panTro3	19
HOMININI	22	21346310	21822344	1	panTro3	19
HOMININI	22	21822344	58468897	-1	panTro3	19
HOMININI	22	0	58468897	-1	ponAbe2	19
HOMININI	22	0	58468897	-1	rheMac3	19
HOMININI	22	0	4984472	1	rn4	1
HOMININI	22	4984472	5676145	1	rn4	1
HOMININI	22	5676145	8677577	1	rn4	1
HOMININI	22	8677577	15990068	1	rn4	1
HOMININI	22	15990068	16661039	-1	rn4	1
HOMININI	22	16661039	35288065	1	rn4	1
HOMININI	22	35288065	37160589	-1	rn4	1
HOMININI	22	37160589	41282239	-1	rn4	16
HOMININI	22	41282239	43446028	-1	rn4	7
HOMININI	22	43446028	47220594	-1	rn4	19
HOMININI	22	47220594	51037069	-1	rn4	8
HOMININI	22	51037069	55008801	1	rn4	12
HOMININI	22	55008801	58468897	1	rn4	7
HOMININI	22	0	1863594	-1	susScr2	6
HOMININI	22	1863594	30457811	-1	susScr2	6
HOMININI	22	30457811	45539211	-1	susScr2	2
HOMININI	22	45539211	47271526	1	susScr2	2
HOMININI	22	47271526	58468897	-1	susScr2	2
HOMININI	22	0	2716165	-1	bosTau7	18
HOMININI	22	2716165	3336725	1	bosTau7	18
HOMININI	22	3336725	16003488	-1	bosTau7	18
HOMININI	22	16003488	16686396	1	bosTau7	18
HOMININI	22	16686396	21346310	-1	bosTau7	18
HOMININI	22	21346310	21735225	1	bosTau7	18
HOMININI	22	21735225	21822344	-1	bosTau7	18
HOMININI	22	21822344	33401403	-1	bosTau7	18
HOMININI	22	33401403	46525607	1	bosTau7	7
HOMININI	22	46525607	49470903	-1	bosTau7	7
HOMININI	22	49470903	56915565	1	bosTau7	7
HOMININI	22	56915565	58468897	-1	bosTau7	7
HOMININI	22	0	21346310	-1	calJac3	22
HOMININI	22	21346310	21822344	1	calJac3	22
HOMININI	22	21822344	58468897	-1	calJac3	22
HOMININI	22	0	20513489	1	canFam2	1
HOMININI	22	20513489	21346310	-1	canFam2	1
HOMININI	22	21346310	33482315	1	canFam2	1
HOMININI	22	33482315	58468897	1	canFam2	20
HOMININI	22	0	3659596	-1	capHir1	18
HOMININI	22	3659596	4516031	1	capHir1	18
HOMININI	22	4516031	32987457	-1	capHir1	18
HOMININI	22	32987457	46755194	1	capHir1	7
HOMININI	22	46755194	48863020	-1	capHir1	7
HOMININI	22	48863020	55917414	1	capHir1	7
HOMININI	22	55917414	58468897	-1	capHir1	7
HOMININI	22	0	16325063	-1	equCab2	10
HOMININI	22	16325063	16910322	1	equCab2	10
HOMININI	22	16910322	32003433	-1	equCab2	10
HOMININI	22	32003433	37983982	-1	equCab2	21
HOMININI	22	37983982	51589037	1	equCab2	7
HOMININI	22	51589037	58468897	-1	equCab2	7
HOMININI	22	21822344	42427181	-1	galGal3	11
HOMININI	22	42427181	51657567	1	galGal3	28
HOMININI	22	51657567	58468897	1	galGal3	28
HOMININI	22	0	58468897	-1	gorGor3	19
HOMININI	22	0	58468897	-1	hg19	19
HOMININI	22	0	7968387	-1	mm10	7
HOMININI	22	7968387	10029090	1	mm10	7
HOMININI	22	10029090	17303548	1	mm10	7
HOMININI	22	17303548	17789141	-1	mm10	7
HOMININI	22	17789141	39368246	1	mm10	7
HOMININI	22	39368246	40974900	-1	mm10	7
HOMININI	22	40974900	43365182	1	mm10	8
HOMININI	22	43365182	46671408	1	mm10	8
HOMININI	22	46671408	49900002	-1	mm10	9
HOMININI	22	49900002	52442261	-1	mm10	8
HOMININI	22	52442261	55412847	-1	mm10	17
HOMININI	22	55412847	58468897	-1	mm10	10
HOMININI	22	0	1027409	-1	monDom5	3
HOMININI	22	1027409	1684867	-1	monDom5	4
HOMININI	22	1684867	3167603	-1	monDom5	3
HOMININI	22	3167603	7662616	-1	monDom5	4
HOMININI	22	7662616	8511954	-1	monDom5	3
HOMININI	22	8511954	11892281	-1	monDom5	3
HOMININI	22	11892281	12535934	-1	monDom5	4
HOMININI	22	12535934	14097010	1	monDom5	4
HOMININI	22	14097010	14822026	-1	monDom5	4
HOMININI	22	14822026	16466465	-1	monDom5	3
HOMININI	22	16466465	18098845	-1	monDom5	4
HOMININI	22	18098845	19863737	-1	monDom5	4
HOMININI	22	19863737	21346310	-1	monDom5	3
HOMININI	22	21346310	21700951	-1	monDom5	3
HOMININI	22	21700951	21822344	-1	monDom5	4
HOMININI	22	21822344	22651573	-1	monDom5	4
HOMININI	22	22651573	30453954	1	monDom5	1
HOMININI	22	30453954	34200044	-1	monDom5	4
HOMININI	22	34200044	34896618	-1	monDom5	3
HOMININI	22	34896618	36708073	-1	monDom5	3
HOMININI	22	36708073	40634142	-1	monDom5	3
HOMININI	22	40634142	42870308	1	monDom5	3
HOMININI	22	42870308	44940065	1	monDom5	3
HOMININI	22	44940065	47308139	1	monDom5	3
HOMININI	22	47308139	52418539	-1	monDom5	3
HOMININI	22	52418539	55620470	-1	monDom5	3
HOMININI	22	55620470	58468897	1	monDom5	3
HOMININI	22	0	6966551	1	oryCun2	5
HOMININI	22	6966551	21346310	-1	oryCun2	5
HOMININI	22	21822344	58468897	-1	oryCun2	5
HOMININI	22	0	21346310	-1	panTro3	19
HOMININI	22	21346310	21822344	1	panTro3	19
HOMININI	22	21822344	58468897	-1	panTro3	19
HOMININI	22	0	58468897	-1	ponAbe2	19
HOMININI	22	0	58468897	-1	rheMac3	19
HOMININI	22	0	4984472	1	rn4	1
HOMININI	22	4984472	5676145	1	rn4	1
HOMININI	22	5676145	8677577	1	rn4	1
HOMININI	22	8677577	15990068	1	rn4	1
HOMININI	22	15990068	16661039	-1	rn4	1
HOMININI	22	16661039	35288065	1	rn4	1
HOMININI	22	35288065	37160589	-1	rn4	1
HOMININI	22	37160589	41282239	-1	rn4	16
HOMININI	22	41282239	43446028	-1	rn4	7
HOMININI	22	43446028	47220594	-1	rn4	19
HOMININI	22	47220594	51037069	-1	rn4	8
HOMININI	22	51037069	55008801	1	rn4	12
HOMININI	22	55008801	58468897	1	rn4	7
HOMININI	22	0	1863594	-1	susScr2	6
HOMININI	22	1863594	30457811	-1	susScr2	6
HOMININI	22	30457811	45539211	-1	susScr2	2
HOMININI	22	45539211	47271526	1	susScr2	2
HOMININI	22	47271526	58468897	-1	susScr2	2
HOMININI	22	0	2716165	-1	bosTau7	18
HOMININI	22	2716165	3336725	1	bosTau7	18
HOMININI	22	3336725	16003488	-1	bosTau7	18
HOMININI	22	16003488	16686396	1	bosTau7	18
HOMININI	22	16686396	21346310	-1	bosTau7	18
HOMININI	22	21346310	21735225	1	bosTau7	18
HOMININI	22	21735225	21822344	-1	bosTau7	18
HOMININI	22	21822344	33401403	-1	bosTau7	18
HOMININI	22	33401403	46525607	1	bosTau7	7
HOMININI	22	46525607	49470903	-1	bosTau7	7
HOMININI	22	49470903	56915565	1	bosTau7	7
HOMININI	22	56915565	58468897	-1	bosTau7	7
HOMININI	22	0	21346310	-1	calJac3	22
HOMININI	22	21346310	21822344	1	calJac3	22
HOMININI	22	21822344	58468897	-1	calJac3	22
HOMININI	22	0	20513489	1	canFam2	1
HOMININI	22	20513489	21346310	-1	canFam2	1
HOMININI	22	21346310	33482315	1	canFam2	1
HOMININI	22	33482315	58468897	1	canFam2	20
HOMININI	22	0	3659596	-1	capHir1	18
HOMININI	22	3659596	4516031	1	capHir1	18
HOMININI	22	4516031	32987457	-1	capHir1	18
HOMININI	22	32987457	46755194	1	capHir1	7
HOMININI	22	46755194	48863020	-1	capHir1	7
HOMININI	22	48863020	55917414	1	capHir1	7
HOMININI	22	55917414	58468897	-1	capHir1	7
HOMININI	22	0	16325063	-1	equCab2	10
HOMININI	22	16325063	16910322	1	equCab2	10
HOMININI	22	16910322	32003433	-1	equCab2	10
HOMININI	22	32003433	37983982	-1	equCab2	21
HOMININI	22	37983982	51589037	1	equCab2	7
HOMININI	22	51589037	58468897	-1	equCab2	7
HOMININI	22	21822344	42427181	-1	galGal3	11
HOMININI	22	42427181	51657567	1	galGal3	28
HOMININI	22	51657567	58468897	1	galGal3	28
HOMININI	22	0	58468897	-1	gorGor3	19
HOMININI	22	0	58468897	-1	hg19	19
HOMININI	22	0	7968387	-1	mm10	7
HOMININI	22	7968387	10029090	1	mm10	7
HOMININI	22	10029090	17303548	1	mm10	7
HOMININI	22	17303548	17789141	-1	mm10	7
HOMININI	22	17789141	39368246	1	mm10	7
HOMININI	22	39368246	40974900	-1	mm10	7
HOMININI	22	40974900	43365182	1	mm10	8
HOMININI	22	43365182	46671408	1	mm10	8
HOMININI	22	46671408	49900002	-1	mm10	9
HOMININI	22	49900002	52442261	-1	mm10	8
HOMININI	22	52442261	55412847	-1	mm10	17
HOMININI	22	55412847	58468897	-1	mm10	10
HOMININI	22	0	1027409	-1	monDom5	3
HOMININI	22	1027409	1684867	-1	monDom5	4
HOMININI	22	1684867	3167603	-1	monDom5	3
HOMININI	22	3167603	7662616	-1	monDom5	4
HOMININI	22	7662616	8511954	-1	monDom5	3
HOMININI	22	8511954	11892281	-1	monDom5	3
HOMININI	22	11892281	12535934	-1	monDom5	4
HOMININI	22	12535934	14097010	1	monDom5	4
HOMININI	22	14097010	14822026	-1	monDom5	4
HOMININI	22	14822026	16466465	-1	monDom5	3
HOMININI	22	16466465	18098845	-1	monDom5	4
HOMININI	22	18098845	19863737	-1	monDom5	4
HOMININI	22	19863737	21346310	-1	monDom5	3
HOMININI	22	21346310	21700951	-1	monDom5	3
HOMININI	22	21700951	21822344	-1	monDom5	4
HOMININI	22	21822344	22651573	-1	monDom5	4
HOMININI	22	22651573	30453954	1	monDom5	1
HOMININI	22	30453954	34200044	-1	monDom5	4
HOMININI	22	34200044	34896618	-1	monDom5	3
HOMININI	22	34896618	36708073	-1	monDom5	3
HOMININI	22	36708073	40634142	-1	monDom5	3
HOMININI	22	40634142	42870308	1	monDom5	3
HOMININI	22	42870308	44940065	1	monDom5	3
HOMININI	22	44940065	47308139	1	monDom5	3
HOMININI	22	47308139	52418539	-1	monDom5	3
HOMININI	22	52418539	55620470	-1	monDom5	3
HOMININI	22	55620470	58468897	1	monDom5	3
HOMININI	22	0	6966551	1	oryCun2	5
HOMININI	22	6966551	21346310	-1	oryCun2	5
HOMININI	22	21822344	58468897	-1	oryCun2	5
HOMININI	22	0	21346310	-1	panTro3	19
HOMININI	22	21346310	21822344	1	panTro3	19
HOMININI	22	21822344	58468897	-1	panTro3	19
HOMININI	22	0	58468897	-1	ponAbe2	19
HOMININI	22	0	58468897	-1	rheMac3	19
HOMININI	22	0	4984472	1	rn4	1
HOMININI	22	4984472	5676145	1	rn4	1
HOMININI	22	5676145	8677577	1	rn4	1
HOMININI	22	8677577	15990068	1	rn4	1
HOMININI	22	15990068	16661039	-1	rn4	1
HOMININI	22	16661039	35288065	1	rn4	1
HOMININI	22	35288065	37160589	-1	rn4	1
HOMININI	22	37160589	41282239	-1	rn4	16
HOMININI	22	41282239	43446028	-1	rn4	7
HOMININI	22	43446028	47220594	-1	rn4	19
HOMININI	22	47220594	51037069	-1	rn4	8
HOMININI	22	51037069	55008801	1	rn4	12
HOMININI	22	55008801	58468897	1	rn4	7
HOMININI	22	0	1863594	-1	susScr2	6
HOMININI	22	1863594	30457811	-1	susScr2	6
HOMININI	22	30457811	45539211	-1	susScr2	2
HOMININI	22	45539211	47271526	1	susScr2	2
HOMININI	22	47271526	58468897	-1	susScr2	2
