HOMININI	4	0	2066642	1	bosTau7	7
HOMININI	4	2066642	6110051	-1	bosTau7	20
HOMININI	4	6110051	9220851	1	bosTau7	20
HOMININI	4	9220851	48093615	-1	bosTau7	7
HOMININI	4	48093615	66434716	1	bosTau7	7
HOMININI	4	66434716	69323244	-1	bosTau7	10
HOMININI	4	69323244	71343982	1	bosTau7	10
HOMININI	4	71343982	76659760	-1	bosTau7	7
HOMININI	4	76659760	79040432	1	bosTau7	7
HOMININI	4	79040432	81447875	-1	bosTau7	7
HOMININI	4	81447875	81765092	1	bosTau7	7
HOMININI	4	81765092	101895678	-1	bosTau7	7
HOMININI	4	101895678	107283262	-1	bosTau7	10
HOMININI	4	107283262	180575546	1	bosTau7	20
HOMININI	4	0	2897684	1	canFam2	11
HOMININI	4	2897684	33417859	1	canFam2	4
HOMININI	4	33417859	43041049	-1	canFam2	2
HOMININI	4	43041049	69142564	-1	canFam2	11
HOMININI	4	69142564	81447875	1	canFam2	3
HOMININI	4	81447875	81765092	-1	canFam2	3
HOMININI	4	81765092	108959292	1	canFam2	3
HOMININI	4	108959292	128843973	-1	canFam2	2
HOMININI	4	128843973	165499825	1	canFam2	4
HOMININI	4	165499825	180575546	1	canFam2	34
HOMININI	4	0	1941246	1	capHir1	7
HOMININI	4	1941246	3993781	-1	capHir1	7
HOMININI	4	3993781	10473858	-1	capHir1	20
HOMININI	4	10473858	48178838	-1	capHir1	7
HOMININI	4	48178838	65047659	1	capHir1	7
HOMININI	4	65047659	67754464	-1	capHir1	10
HOMININI	4	67754464	69754371	1	capHir1	10
HOMININI	4	69754371	102229392	-1	capHir1	7
HOMININI	4	102229392	107649992	-1	capHir1	10
HOMININI	4	107649992	179338494	1	capHir1	20
HOMININI	4	179338494	179778361	1	capHir1	20
HOMININI	4	179778361	180575546	-1	capHir1	20
HOMININI	4	0	81447875	1	equCab2	14
HOMININI	4	81447875	81765092	-1	equCab2	14
HOMININI	4	81765092	111791556	1	equCab2	14
HOMININI	4	111791556	180575546	1	equCab2	21
HOMININI	4	0	101265112	-1	gorGor3	5
HOMININI	4	101265112	180575546	1	gorGor3	17
HOMININI	4	0	180575546	-1	hg19	5
HOMININI	4	0	81447875	-1	panTro3	5
HOMININI	4	81447875	81765092	1	panTro3	5
HOMININI	4	81765092	84721845	-1	panTro3	5
HOMININI	4	84721845	162089944	1	panTro3	5
HOMININI	4	162089944	180575546	-1	panTro3	5
HOMININI	4	0	81447875	-1	ponAbe2	5
HOMININI	4	81447875	81765092	1	ponAbe2	5
HOMININI	4	81765092	180575546	-1	ponAbe2	5
HOMININI	4	0	81447875	-1	rheMac3	6
HOMININI	4	81447875	81765092	1	rheMac3	6
HOMININI	4	81765092	179327073	-1	rheMac3	6
HOMININI	4	179327073	179878077	1	rheMac3	14
HOMININI	4	179878077	180575546	-1	rheMac3	6
HOMININI	4	0	2066642	1	bosTau7	7
HOMININI	4	2066642	6110051	-1	bosTau7	20
HOMININI	4	6110051	9220851	1	bosTau7	20
HOMININI	4	9220851	48093615	-1	bosTau7	7
HOMININI	4	48093615	66434716	1	bosTau7	7
HOMININI	4	66434716	69323244	-1	bosTau7	10
HOMININI	4	69323244	71343982	1	bosTau7	10
HOMININI	4	71343982	76659760	-1	bosTau7	7
HOMININI	4	76659760	79040432	1	bosTau7	7
HOMININI	4	79040432	81447875	-1	bosTau7	7
HOMININI	4	81447875	81765092	1	bosTau7	7
HOMININI	4	81765092	101895678	-1	bosTau7	7
HOMININI	4	101895678	107283262	-1	bosTau7	10
HOMININI	4	107283262	180575546	1	bosTau7	20
HOMININI	4	0	2897684	1	canFam2	11
HOMININI	4	2897684	33417859	1	canFam2	4
HOMININI	4	33417859	43041049	-1	canFam2	2
HOMININI	4	43041049	69142564	-1	canFam2	11
HOMININI	4	69142564	81447875	1	canFam2	3
HOMININI	4	81447875	81765092	-1	canFam2	3
HOMININI	4	81765092	108959292	1	canFam2	3
HOMININI	4	108959292	128843973	-1	canFam2	2
HOMININI	4	128843973	165499825	1	canFam2	4
HOMININI	4	165499825	180575546	1	canFam2	34
HOMININI	4	0	1941246	1	capHir1	7
HOMININI	4	1941246	3993781	-1	capHir1	7
HOMININI	4	3993781	10473858	-1	capHir1	20
HOMININI	4	10473858	48178838	-1	capHir1	7
HOMININI	4	48178838	65047659	1	capHir1	7
HOMININI	4	65047659	67754464	-1	capHir1	10
HOMININI	4	67754464	69754371	1	capHir1	10
HOMININI	4	69754371	102229392	-1	capHir1	7
HOMININI	4	102229392	107649992	-1	capHir1	10
HOMININI	4	107649992	179338494	1	capHir1	20
HOMININI	4	179338494	179778361	1	capHir1	20
HOMININI	4	179778361	180575546	-1	capHir1	20
HOMININI	4	0	81447875	1	equCab2	14
HOMININI	4	81447875	81765092	-1	equCab2	14
HOMININI	4	81765092	111791556	1	equCab2	14
HOMININI	4	111791556	180575546	1	equCab2	21
HOMININI	4	0	101265112	-1	gorGor3	5
HOMININI	4	101265112	180575546	1	gorGor3	17
HOMININI	4	0	180575546	-1	hg19	5
HOMININI	4	0	81447875	-1	panTro3	5
HOMININI	4	81447875	81765092	1	panTro3	5
HOMININI	4	81765092	84721845	-1	panTro3	5
HOMININI	4	84721845	162089944	1	panTro3	5
HOMININI	4	162089944	180575546	-1	panTro3	5
HOMININI	4	0	81447875	-1	ponAbe2	5
HOMININI	4	81447875	81765092	1	ponAbe2	5
HOMININI	4	81765092	180575546	-1	ponAbe2	5
HOMININI	4	0	81447875	-1	rheMac3	6
HOMININI	4	81447875	81765092	1	rheMac3	6
HOMININI	4	81765092	179327073	-1	rheMac3	6
HOMININI	4	179327073	179878077	1	rheMac3	14
HOMININI	4	179878077	180575546	-1	rheMac3	6
HOMININI	4	0	2066642	1	bosTau7	7
HOMININI	4	2066642	6110051	-1	bosTau7	20
HOMININI	4	6110051	9220851	1	bosTau7	20
HOMININI	4	9220851	48093615	-1	bosTau7	7
HOMININI	4	48093615	66434716	1	bosTau7	7
HOMININI	4	66434716	69323244	-1	bosTau7	10
HOMININI	4	69323244	71343982	1	bosTau7	10
HOMININI	4	71343982	76659760	-1	bosTau7	7
HOMININI	4	76659760	79040432	1	bosTau7	7
HOMININI	4	79040432	81447875	-1	bosTau7	7
HOMININI	4	81447875	81765092	1	bosTau7	7
HOMININI	4	81765092	101895678	-1	bosTau7	7
HOMININI	4	101895678	107283262	-1	bosTau7	10
HOMININI	4	107283262	180575546	1	bosTau7	20
HOMININI	4	0	2897684	1	canFam2	11
HOMININI	4	2897684	33417859	1	canFam2	4
HOMININI	4	33417859	43041049	-1	canFam2	2
HOMININI	4	43041049	69142564	-1	canFam2	11
HOMININI	4	69142564	81447875	1	canFam2	3
HOMININI	4	81447875	81765092	-1	canFam2	3
HOMININI	4	81765092	108959292	1	canFam2	3
HOMININI	4	108959292	128843973	-1	canFam2	2
HOMININI	4	128843973	165499825	1	canFam2	4
HOMININI	4	165499825	180575546	1	canFam2	34
HOMININI	4	0	1941246	1	capHir1	7
HOMININI	4	1941246	3993781	-1	capHir1	7
HOMININI	4	3993781	10473858	-1	capHir1	20
HOMININI	4	10473858	48178838	-1	capHir1	7
HOMININI	4	48178838	65047659	1	capHir1	7
HOMININI	4	65047659	67754464	-1	capHir1	10
HOMININI	4	67754464	69754371	1	capHir1	10
HOMININI	4	69754371	102229392	-1	capHir1	7
HOMININI	4	102229392	107649992	-1	capHir1	10
HOMININI	4	107649992	179338494	1	capHir1	20
HOMININI	4	179338494	179778361	1	capHir1	20
HOMININI	4	179778361	180575546	-1	capHir1	20
HOMININI	4	0	81447875	1	equCab2	14
HOMININI	4	81447875	81765092	-1	equCab2	14
HOMININI	4	81765092	111791556	1	equCab2	14
HOMININI	4	111791556	180575546	1	equCab2	21
HOMININI	4	0	101265112	-1	gorGor3	5
HOMININI	4	101265112	180575546	1	gorGor3	17
HOMININI	4	0	180575546	-1	hg19	5
HOMININI	4	0	81447875	-1	panTro3	5
HOMININI	4	81447875	81765092	1	panTro3	5
HOMININI	4	81765092	84721845	-1	panTro3	5
HOMININI	4	84721845	162089944	1	panTro3	5
HOMININI	4	162089944	180575546	-1	panTro3	5
HOMININI	4	0	81447875	-1	ponAbe2	5
HOMININI	4	81447875	81765092	1	ponAbe2	5
HOMININI	4	81765092	180575546	-1	ponAbe2	5
HOMININI	4	0	81447875	-1	rheMac3	6
HOMININI	4	81447875	81765092	1	rheMac3	6
HOMININI	4	81765092	179327073	-1	rheMac3	6
HOMININI	4	179327073	179878077	1	rheMac3	14
HOMININI	4	179878077	180575546	-1	rheMac3	6
HOMININI	4	0	2066642	1	bosTau7	7
HOMININI	4	2066642	6110051	-1	bosTau7	20
HOMININI	4	6110051	9220851	1	bosTau7	20
HOMININI	4	9220851	48093615	-1	bosTau7	7
HOMININI	4	48093615	66434716	1	bosTau7	7
HOMININI	4	66434716	69323244	-1	bosTau7	10
HOMININI	4	69323244	71343982	1	bosTau7	10
HOMININI	4	71343982	76659760	-1	bosTau7	7
HOMININI	4	76659760	79040432	1	bosTau7	7
HOMININI	4	79040432	81447875	-1	bosTau7	7
HOMININI	4	81447875	81765092	1	bosTau7	7
HOMININI	4	81765092	101895678	-1	bosTau7	7
HOMININI	4	101895678	107283262	-1	bosTau7	10
HOMININI	4	107283262	180575546	1	bosTau7	20
HOMININI	4	0	2897684	1	canFam2	11
HOMININI	4	2897684	33417859	1	canFam2	4
HOMININI	4	33417859	43041049	-1	canFam2	2
HOMININI	4	43041049	69142564	-1	canFam2	11
HOMININI	4	69142564	81447875	1	canFam2	3
HOMININI	4	81447875	81765092	-1	canFam2	3
HOMININI	4	81765092	108959292	1	canFam2	3
HOMININI	4	108959292	128843973	-1	canFam2	2
HOMININI	4	128843973	165499825	1	canFam2	4
HOMININI	4	165499825	180575546	1	canFam2	34
HOMININI	4	0	1941246	1	capHir1	7
HOMININI	4	1941246	3993781	-1	capHir1	7
HOMININI	4	3993781	10473858	-1	capHir1	20
HOMININI	4	10473858	48178838	-1	capHir1	7
HOMININI	4	48178838	65047659	1	capHir1	7
HOMININI	4	65047659	67754464	-1	capHir1	10
HOMININI	4	67754464	69754371	1	capHir1	10
HOMININI	4	69754371	102229392	-1	capHir1	7
HOMININI	4	102229392	107649992	-1	capHir1	10
HOMININI	4	107649992	179338494	1	capHir1	20
HOMININI	4	179338494	179778361	1	capHir1	20
HOMININI	4	179778361	180575546	-1	capHir1	20
HOMININI	4	0	81447875	1	equCab2	14
HOMININI	4	81447875	81765092	-1	equCab2	14
HOMININI	4	81765092	111791556	1	equCab2	14
HOMININI	4	111791556	180575546	1	equCab2	21
HOMININI	4	0	101265112	-1	gorGor3	5
HOMININI	4	101265112	180575546	1	gorGor3	17
HOMININI	4	0	180575546	-1	hg19	5
HOMININI	4	0	81447875	-1	panTro3	5
HOMININI	4	81447875	81765092	1	panTro3	5
HOMININI	4	81765092	84721845	-1	panTro3	5
HOMININI	4	84721845	162089944	1	panTro3	5
HOMININI	4	162089944	180575546	-1	panTro3	5
HOMININI	4	0	81447875	-1	ponAbe2	5
HOMININI	4	81447875	81765092	1	ponAbe2	5
HOMININI	4	81765092	180575546	-1	ponAbe2	5
HOMININI	4	0	81447875	-1	rheMac3	6
HOMININI	4	81447875	81765092	1	rheMac3	6
HOMININI	4	81765092	179327073	-1	rheMac3	6
HOMININI	4	179327073	179878077	1	rheMac3	14
HOMININI	4	179878077	180575546	-1	rheMac3	6
HOMININI	4	0	2066642	1	bosTau7	7
HOMININI	4	2066642	6110051	-1	bosTau7	20
HOMININI	4	6110051	9220851	1	bosTau7	20
HOMININI	4	9220851	48093615	-1	bosTau7	7
HOMININI	4	48093615	66434716	1	bosTau7	7
HOMININI	4	66434716	69323244	-1	bosTau7	10
HOMININI	4	69323244	71343982	1	bosTau7	10
HOMININI	4	71343982	76659760	-1	bosTau7	7
HOMININI	4	76659760	79040432	1	bosTau7	7
HOMININI	4	79040432	81447875	-1	bosTau7	7
HOMININI	4	81447875	81765092	1	bosTau7	7
HOMININI	4	81765092	101895678	-1	bosTau7	7
HOMININI	4	101895678	107283262	-1	bosTau7	10
HOMININI	4	107283262	180575546	1	bosTau7	20
HOMININI	4	0	2897684	1	canFam2	11
HOMININI	4	2897684	33417859	1	canFam2	4
HOMININI	4	33417859	43041049	-1	canFam2	2
HOMININI	4	43041049	69142564	-1	canFam2	11
HOMININI	4	69142564	81447875	1	canFam2	3
HOMININI	4	81447875	81765092	-1	canFam2	3
HOMININI	4	81765092	108959292	1	canFam2	3
HOMININI	4	108959292	128843973	-1	canFam2	2
HOMININI	4	128843973	165499825	1	canFam2	4
HOMININI	4	165499825	180575546	1	canFam2	34
HOMININI	4	0	1941246	1	capHir1	7
HOMININI	4	1941246	3993781	-1	capHir1	7
HOMININI	4	3993781	10473858	-1	capHir1	20
HOMININI	4	10473858	48178838	-1	capHir1	7
HOMININI	4	48178838	65047659	1	capHir1	7
HOMININI	4	65047659	67754464	-1	capHir1	10
HOMININI	4	67754464	69754371	1	capHir1	10
HOMININI	4	69754371	102229392	-1	capHir1	7
HOMININI	4	102229392	107649992	-1	capHir1	10
HOMININI	4	107649992	179338494	1	capHir1	20
HOMININI	4	179338494	179778361	1	capHir1	20
HOMININI	4	179778361	180575546	-1	capHir1	20
HOMININI	4	0	81447875	1	equCab2	14
HOMININI	4	81447875	81765092	-1	equCab2	14
HOMININI	4	81765092	111791556	1	equCab2	14
HOMININI	4	111791556	180575546	1	equCab2	21
HOMININI	4	0	101265112	-1	gorGor3	5
HOMININI	4	101265112	180575546	1	gorGor3	17
HOMININI	4	0	180575546	-1	hg19	5
HOMININI	4	0	81447875	-1	panTro3	5
HOMININI	4	81447875	81765092	1	panTro3	5
HOMININI	4	81765092	84721845	-1	panTro3	5
HOMININI	4	84721845	162089944	1	panTro3	5
HOMININI	4	162089944	180575546	-1	panTro3	5
HOMININI	4	0	81447875	-1	ponAbe2	5
HOMININI	4	81447875	81765092	1	ponAbe2	5
HOMININI	4	81765092	180575546	-1	ponAbe2	5
HOMININI	4	0	81447875	-1	rheMac3	6
HOMININI	4	81447875	81765092	1	rheMac3	6
HOMININI	4	81765092	179327073	-1	rheMac3	6
HOMININI	4	179327073	179878077	1	rheMac3	14
HOMININI	4	179878077	180575546	-1	rheMac3	6
