HOMININI	24	0	1290892	-1	bosTau7	1
HOMININI	24	1290892	2206390	1	bosTau7	1
HOMININI	24	2206390	6846257	-1	bosTau7	1
HOMININI	24	6846257	11592927	-1	bosTau7	1
HOMININI	24	11592927	33174843	1	bosTau7	1
HOMININI	24	0	33174843	-1	calJac3	21
HOMININI	24	0	33174843	-1	canFam2	31
HOMININI	24	0	7146670	-1	capHir1	1
HOMININI	24	7146670	11652570	-1	capHir1	1
HOMININI	24	11652570	33174843	1	capHir1	1
HOMININI	24	0	33174843	-1	equCab2	26
HOMININI	24	0	33174843	-1	galGal3	1
HOMININI	24	0	33174843	-1	gorGor3	21
HOMININI	24	0	33174843	-1	hg19	21
HOMININI	24	0	2904945	1	mm10	10
HOMININI	24	2904945	4334621	-1	mm10	17
HOMININI	24	4334621	33174843	-1	mm10	16
HOMININI	24	0	1467395	-1	monDom5	2
HOMININI	24	1467395	6574182	-1	monDom5	4
HOMININI	24	6574182	15075615	1	monDom5	4
HOMININI	24	15075615	16604987	-1	monDom5	4
HOMININI	24	16604987	27770601	1	monDom5	4
HOMININI	24	27770601	29452036	1	monDom5	4
HOMININI	24	29452036	31088599	-1	monDom5	4
HOMININI	24	31088599	33174843	-1	monDom5	4
HOMININI	24	0	33174843	-1	oryCun2	14
HOMININI	24	0	33174843	-1	panTro3	21
HOMININI	24	0	33174843	-1	ponAbe2	21
HOMININI	24	0	33174843	1	rheMac3	3
HOMININI	24	0	4343892	-1	rn4	20
HOMININI	24	4343892	13513244	-1	rn4	11
HOMININI	24	13513244	14578354	1	rn4	11
HOMININI	24	14578354	33174843	-1	rn4	11
HOMININI	24	0	33174843	-1	susScr2	13
