HOMININI	16	0	5640438	-1	bosTau7	10
HOMININI	16	5640438	26721033	1	bosTau7	21
HOMININI	16	26721033	34052169	1	bosTau7	10
HOMININI	16	34052169	74308294	1	bosTau7	10
HOMININI	16	74308294	87559075	1	bosTau7	21
HOMININI	16	0	87559075	1	calJac3	10
HOMININI	16	0	87559075	1	canFam2	8
HOMININI	16	0	3996713	-1	capHir1	10
HOMININI	16	3996713	24233851	1	capHir1	21
HOMININI	16	24233851	31263090	1	capHir1	10
HOMININI	16	31263090	73219085	1	capHir1	10
HOMININI	16	73219085	87559075	1	capHir1	21
HOMININI	16	0	35094387	1	equCab2	1
HOMININI	16	35094387	87559075	1	equCab2	24
HOMININI	16	0	15551449	1	galGal3	5
HOMININI	16	15551449	22254984	1	galGal3	5
HOMININI	16	22254984	33264072	-1	galGal3	5
HOMININI	16	33264072	43491700	-1	galGal3	5
HOMININI	16	43491700	87559075	1	galGal3	5
HOMININI	16	0	87559075	1	gorGor3	14
HOMININI	16	0	87559075	1	hg19	14
HOMININI	16	0	6284612	1	mm10	14
HOMININI	16	6284612	35315159	1	mm10	12
HOMININI	16	35315159	40636065	1	mm10	14
HOMININI	16	40636065	87559075	1	mm10	12
HOMININI	16	0	5982548	1	monDom5	1
HOMININI	16	5982548	17594300	-1	monDom5	1
HOMININI	16	17594300	19592854	-1	monDom5	1
HOMININI	16	19592854	36232936	1	monDom5	1
HOMININI	16	36232936	63523695	-1	monDom5	1
HOMININI	16	63523695	67108407	1	monDom5	1
HOMININI	16	67108407	84337040	-1	monDom5	1
HOMININI	16	84337040	87559075	1	monDom5	1
HOMININI	16	0	47997605	1	oryCun2	17
HOMININI	16	47997605	54794564	1	oryCun2	20
HOMININI	16	54794564	60203155	-1	oryCun2	20
HOMININI	16	60203155	87559075	-1	oryCun2	20
HOMININI	16	0	87559075	1	panTro3	14
HOMININI	16	0	87559075	1	ponAbe2	14
HOMININI	16	0	87559075	1	rheMac3	7
HOMININI	16	0	7464284	1	rn4	15
HOMININI	16	7464284	36511209	1	rn4	6
HOMININI	16	36511209	41500349	1	rn4	15
HOMININI	16	41500349	87559075	1	rn4	6
HOMININI	16	0	2236671	-1	susScr2	7
HOMININI	16	2236671	21685572	-1	susScr2	7
HOMININI	16	21685572	46710272	1	susScr2	1
HOMININI	16	46710272	85340822	1	susScr2	7
HOMININI	16	85340822	87559075	-1	susScr2	7
