HOMININI	1	0	10906328	-1	bosTau7	16
HOMININI	1	10906328	13736256	-1	bosTau7	16
HOMININI	1	13736256	29637218	-1	bosTau7	2
HOMININI	1	29637218	120608348	-1	bosTau7	3
HOMININI	1	120608348	121109134	1	bosTau7	3
HOMININI	1	121109134	121505709	1	bosTau7	3
HOMININI	1	121505709	122679726	-1	bosTau7	3
HOMININI	1	122679726	146395867	-1	bosTau7	3
HOMININI	1	146395867	151019574	1	bosTau7	16
HOMININI	1	151019574	165692217	1	bosTau7	16
HOMININI	1	165692217	180010045	-1	bosTau7	16
HOMININI	1	180010045	183887548	1	bosTau7	16
HOMININI	1	183887548	188040643	1	bosTau7	16
HOMININI	1	188040643	196561970	-1	bosTau7	16
HOMININI	1	196561970	206874385	1	bosTau7	16
HOMININI	1	206874385	214902324	1	bosTau7	28
HOMININI	1	214902324	221058205	-1	bosTau7	16
HOMININI	1	221058205	223310748	1	bosTau7	7
HOMININI	1	0	120064953	1	calJac3	7
HOMININI	1	120064953	120608348	1	calJac3	18
HOMININI	1	120608348	121021029	-1	calJac3	18
HOMININI	1	121021029	121505709	1	calJac3	18
HOMININI	1	121895067	122679726	-1	calJac3	18
HOMININI	1	122679726	137346192	1	calJac3	18
HOMININI	1	137346192	165857956	-1	calJac3	18
HOMININI	1	165857956	171508419	1	calJac3	18
HOMININI	1	171508419	186718485	1	calJac3	19
HOMININI	1	186718485	203393095	-1	calJac3	19
HOMININI	1	203393095	205673307	-1	calJac3	19
HOMININI	1	205673307	223310748	-1	calJac3	19
HOMININI	1	0	9085106	1	canFam2	5
HOMININI	1	9085106	30712219	-1	canFam2	2
HOMININI	1	30712219	40345380	-1	canFam2	15
HOMININI	1	40345380	50690428	-1	canFam2	15
HOMININI	1	50690428	66606116	-1	canFam2	5
HOMININI	1	66606116	111977672	-1	canFam2	6
HOMININI	1	111977672	114157921	-1	canFam2	17
HOMININI	1	114157921	120608348	1	canFam2	17
HOMININI	1	120608348	121026454	-1	canFam2	17
HOMININI	1	121026454	121505709	-1	canFam2	17
HOMININI	1	121505709	122679726	1	canFam2	17
HOMININI	1	123522048	127571622	1	canFam2	17
HOMININI	1	127571622	131553441	-1	canFam2	7
HOMININI	1	131553441	139966276	-1	canFam2	38
HOMININI	1	139966276	154550212	-1	canFam2	7
HOMININI	1	154550212	162927802	1	canFam2	7
HOMININI	1	162927802	173263229	-1	canFam2	38
HOMININI	1	173263229	180557120	-1	canFam2	7
HOMININI	1	180557120	184208143	1	canFam2	38
HOMININI	1	184208143	193852929	1	canFam2	7
HOMININI	1	193852929	201543741	1	canFam2	38
HOMININI	1	201543741	205131538	-1	canFam2	7
HOMININI	1	205131538	215575105	-1	canFam2	4
HOMININI	1	215575105	223310748	1	canFam2	7
HOMININI	1	0	10894292	-1	capHir1	16
HOMININI	1	10894292	13920159	-1	capHir1	16
HOMININI	1	13920159	30241866	-1	capHir1	2
HOMININI	1	30241866	120968116	-1	capHir1	3
HOMININI	1	120968116	121505709	1	capHir1	3
HOMININI	1	121505709	122679726	-1	capHir1	3
HOMININI	1	123522048	145671962	-1	capHir1	3
HOMININI	1	145671962	151614073	1	capHir1	16
HOMININI	1	151614073	167129651	1	capHir1	16
HOMININI	1	167129651	178585763	-1	capHir1	16
HOMININI	1	178585763	183084653	1	capHir1	16
HOMININI	1	183084653	188981605	1	capHir1	16
HOMININI	1	188981605	202435479	1	capHir1	16
HOMININI	1	202435479	214612335	1	capHir1	28
HOMININI	1	214612335	220873049	-1	capHir1	16
HOMININI	1	220873049	223310748	1	capHir1	7
HOMININI	1	0	59486405	-1	equCab2	2
HOMININI	1	59486405	120608348	-1	equCab2	5
HOMININI	1	120608348	121164080	1	equCab2	5
HOMININI	1	121164080	121505709	1	equCab2	5
HOMININI	1	121505709	122679726	-1	equCab2	5
HOMININI	1	122679726	142848997	-1	equCab2	5
HOMININI	1	142848997	165264738	1	equCab2	5
HOMININI	1	165264738	182269100	1	equCab2	30
HOMININI	1	182269100	186722143	1	equCab2	5
HOMININI	1	186722143	196313909	-1	equCab2	5
HOMININI	1	196313909	206870798	-1	equCab2	30
HOMININI	1	206870798	217469740	-1	equCab2	1
HOMININI	1	217469740	223310748	-1	equCab2	30
HOMININI	1	0	14181823	-1	galGal3	21
HOMININI	1	14181823	66750933	1	galGal3	8
HOMININI	1	66750933	110123968	-1	galGal3	8
HOMININI	1	110123968	114051450	1	galGal3	26
HOMININI	1	114051450	120608348	-1	galGal3	1
HOMININI	1	121895067	122679726	1	galGal3	1
HOMININI	1	123522048	139113293	-1	galGal3	8
HOMININI	1	139113293	178786937	-1	galGal3	3
HOMININI	1	178786937	223310748	-1	galGal3	3
HOMININI	1	0	223310748	1	gorGor3	1
HOMININI	1	0	223310748	1	hg19	1
HOMININI	1	0	62425994	-1	mm10	4
HOMININI	1	62425994	72280266	1	mm10	4
HOMININI	1	72280266	92849478	-1	mm10	3
HOMININI	1	92849478	120608348	-1	mm10	3
HOMININI	1	120608348	121025027	1	mm10	3
HOMININI	1	121025027	121505709	1	mm10	3
HOMININI	1	121895067	122679726	-1	mm10	3
HOMININI	1	123522048	135237732	-1	mm10	3
HOMININI	1	135237732	190615887	-1	mm10	1
HOMININI	1	190615887	206966197	-1	mm10	1
HOMININI	1	206966197	211144520	1	mm10	8
HOMININI	1	211144520	216602993	-1	mm10	13
HOMININI	1	216602993	223310748	1	mm10	1
HOMININI	1	0	9347110	1	monDom5	4
HOMININI	1	9347110	12620135	-1	monDom5	4
HOMININI	1	12620135	15656366	-1	monDom5	4
HOMININI	1	15656366	20728196	-1	monDom5	4
HOMININI	1	20728196	23262847	1	monDom5	4
HOMININI	1	23262847	25391772	1	monDom5	4
HOMININI	1	25391772	30433800	1	monDom5	4
HOMININI	1	30433800	43667643	1	monDom5	4
HOMININI	1	43667643	52548943	-1	monDom5	2
HOMININI	1	52548943	72755729	-1	monDom5	2
HOMININI	1	72755729	82771682	-1	monDom5	2
HOMININI	1	82771682	85264636	1	monDom5	2
HOMININI	1	85264636	90166553	-1	monDom5	2
HOMININI	1	90166553	120608348	1	monDom5	2
HOMININI	1	120608348	121111434	-1	monDom5	2
HOMININI	1	121111434	121505709	-1	monDom5	2
HOMININI	1	121895067	122679726	1	monDom5	2
HOMININI	1	123522048	126582603	1	monDom5	2
HOMININI	1	126582603	131164787	1	monDom5	2
HOMININI	1	131164787	134778409	-1	monDom5	2
HOMININI	1	134778409	161477583	1	monDom5	2
HOMININI	1	161477583	204070977	1	monDom5	2
HOMININI	1	204070977	207082066	1	monDom5	2
HOMININI	1	207082066	223310748	-1	monDom5	2
HOMININI	1	0	4817076	-1	oryCun2	13
HOMININI	1	4817076	13311219	-1	oryCun2	13
HOMININI	1	13311219	19099823	-1	oryCun2	13
HOMININI	1	19099823	121016680	-1	oryCun2	13
HOMININI	1	121016680	121505709	1	oryCun2	13
HOMININI	1	121895067	122679726	-1	oryCun2	13
HOMININI	1	122679726	147291854	-1	oryCun2	13
HOMININI	1	147291854	149870247	1	oryCun2	13
HOMININI	1	149870247	159467305	1	oryCun2	13
HOMININI	1	159467305	205066380	-1	oryCun2	16
HOMININI	1	205066380	212979398	-1	oryCun2	16
HOMININI	1	212979398	216768527	1	oryCun2	16
HOMININI	1	216768527	223310748	-1	oryCun2	16
HOMININI	1	0	110123968	1	panTro3	1
HOMININI	1	110123968	120608348	-1	panTro3	1
HOMININI	1	120608348	121505709	-1	panTro3	1
HOMININI	1	121505709	121895067	1	panTro3	1
HOMININI	1	121895067	122679726	-1	panTro3	1
HOMININI	1	122679726	122988983	1	panTro3	1
HOMININI	1	122988983	123522048	-1	panTro3	1
HOMININI	1	123522048	223310748	1	panTro3	1
HOMININI	1	0	120608348	-1	ponAbe2	1
HOMININI	1	120608348	121082852	1	ponAbe2	1
HOMININI	1	121082852	121109626	-1	ponAbe2	1
HOMININI	1	121109626	121895067	1	ponAbe2	1
HOMININI	1	121895067	122679726	1	ponAbe2	1
HOMININI	1	123522048	223310748	-1	ponAbe2	1
HOMININI	1	0	120608348	1	rheMac3	1
HOMININI	1	120608348	120920956	-1	rheMac3	1
HOMININI	1	120920956	121505709	-1	rheMac3	1
HOMININI	1	121505709	137370585	1	rheMac3	1
HOMININI	1	137370585	152919017	1	rheMac3	1
HOMININI	1	152919017	202560580	-1	rheMac3	1
HOMININI	1	202560580	223310748	-1	rheMac3	1
HOMININI	1	0	55371256	-1	rn4	5
HOMININI	1	55371256	66307206	1	rn4	5
HOMININI	1	66307206	87806078	-1	rn4	2
HOMININI	1	87806078	91026177	-1	rn4	14
HOMININI	1	91026177	120608348	-1	rn4	2
HOMININI	1	120608348	121023522	1	rn4	2
HOMININI	1	121023522	121505709	1	rn4	2
HOMININI	1	121895067	122679726	-1	rn4	2
HOMININI	1	123522048	137724061	-1	rn4	2
HOMININI	1	137724061	192891972	-1	rn4	13
HOMININI	1	192891972	208117942	-1	rn4	13
HOMININI	1	208117942	211536156	1	rn4	19
HOMININI	1	211536156	217053373	1	rn4	17
HOMININI	1	217053373	223310748	1	rn4	13
HOMININI	1	0	33052467	1	susScr2	6
HOMININI	1	33052467	80788706	-1	susScr2	6
HOMININI	1	80788706	120859610	-1	susScr2	4
HOMININI	1	120859610	121505709	1	susScr2	4
HOMININI	1	121895067	122679726	-1	susScr2	4
HOMININI	1	122679726	152743402	-1	susScr2	4
HOMININI	1	152743402	172414572	1	susScr2	9
HOMININI	1	172414572	177827137	-1	susScr2	10
HOMININI	1	177827137	184803199	1	susScr2	10
HOMININI	1	184803199	194769971	-1	susScr2	9
HOMININI	1	194769971	203539398	1	susScr2	10
HOMININI	1	203539398	217960723	-1	susScr2	14
HOMININI	1	217960723	223310748	1	susScr2	10
HOMININI	1	0	10906328	-1	bosTau7	16
HOMININI	1	10906328	13736256	-1	bosTau7	16
HOMININI	1	13736256	29637218	-1	bosTau7	2
HOMININI	1	29637218	120608348	-1	bosTau7	3
HOMININI	1	120608348	121109134	1	bosTau7	3
HOMININI	1	121109134	121505709	1	bosTau7	3
HOMININI	1	121505709	122679726	-1	bosTau7	3
HOMININI	1	122679726	146395867	-1	bosTau7	3
HOMININI	1	146395867	151019574	1	bosTau7	16
HOMININI	1	151019574	165692217	1	bosTau7	16
HOMININI	1	165692217	180010045	-1	bosTau7	16
HOMININI	1	180010045	183887548	1	bosTau7	16
HOMININI	1	183887548	188040643	1	bosTau7	16
HOMININI	1	188040643	196561970	-1	bosTau7	16
HOMININI	1	196561970	206874385	1	bosTau7	16
HOMININI	1	206874385	214902324	1	bosTau7	28
HOMININI	1	214902324	221058205	-1	bosTau7	16
HOMININI	1	221058205	223310748	1	bosTau7	7
HOMININI	1	0	120064953	1	calJac3	7
HOMININI	1	120064953	120608348	1	calJac3	18
HOMININI	1	120608348	121021029	-1	calJac3	18
HOMININI	1	121021029	121505709	1	calJac3	18
HOMININI	1	121895067	122679726	-1	calJac3	18
HOMININI	1	122679726	137346192	1	calJac3	18
HOMININI	1	137346192	165857956	-1	calJac3	18
HOMININI	1	165857956	171508419	1	calJac3	18
HOMININI	1	171508419	186718485	1	calJac3	19
HOMININI	1	186718485	203393095	-1	calJac3	19
HOMININI	1	203393095	205673307	-1	calJac3	19
HOMININI	1	205673307	223310748	-1	calJac3	19
HOMININI	1	0	9085106	1	canFam2	5
HOMININI	1	9085106	30712219	-1	canFam2	2
HOMININI	1	30712219	40345380	-1	canFam2	15
HOMININI	1	40345380	50690428	-1	canFam2	15
HOMININI	1	50690428	66606116	-1	canFam2	5
HOMININI	1	66606116	111977672	-1	canFam2	6
HOMININI	1	111977672	114157921	-1	canFam2	17
HOMININI	1	114157921	120608348	1	canFam2	17
HOMININI	1	120608348	121026454	-1	canFam2	17
HOMININI	1	121026454	121505709	-1	canFam2	17
HOMININI	1	121505709	122679726	1	canFam2	17
HOMININI	1	123522048	127571622	1	canFam2	17
HOMININI	1	127571622	131553441	-1	canFam2	7
HOMININI	1	131553441	139966276	-1	canFam2	38
HOMININI	1	139966276	154550212	-1	canFam2	7
HOMININI	1	154550212	162927802	1	canFam2	7
HOMININI	1	162927802	173263229	-1	canFam2	38
HOMININI	1	173263229	180557120	-1	canFam2	7
HOMININI	1	180557120	184208143	1	canFam2	38
HOMININI	1	184208143	193852929	1	canFam2	7
HOMININI	1	193852929	201543741	1	canFam2	38
HOMININI	1	201543741	205131538	-1	canFam2	7
HOMININI	1	205131538	215575105	-1	canFam2	4
HOMININI	1	215575105	223310748	1	canFam2	7
HOMININI	1	0	10894292	-1	capHir1	16
HOMININI	1	10894292	13920159	-1	capHir1	16
HOMININI	1	13920159	30241866	-1	capHir1	2
HOMININI	1	30241866	120968116	-1	capHir1	3
HOMININI	1	120968116	121505709	1	capHir1	3
HOMININI	1	121505709	122679726	-1	capHir1	3
HOMININI	1	123522048	145671962	-1	capHir1	3
HOMININI	1	145671962	151614073	1	capHir1	16
HOMININI	1	151614073	167129651	1	capHir1	16
HOMININI	1	167129651	178585763	-1	capHir1	16
HOMININI	1	178585763	183084653	1	capHir1	16
HOMININI	1	183084653	188981605	1	capHir1	16
HOMININI	1	188981605	202435479	1	capHir1	16
HOMININI	1	202435479	214612335	1	capHir1	28
HOMININI	1	214612335	220873049	-1	capHir1	16
HOMININI	1	220873049	223310748	1	capHir1	7
HOMININI	1	0	59486405	-1	equCab2	2
HOMININI	1	59486405	120608348	-1	equCab2	5
HOMININI	1	120608348	121164080	1	equCab2	5
HOMININI	1	121164080	121505709	1	equCab2	5
HOMININI	1	121505709	122679726	-1	equCab2	5
HOMININI	1	122679726	142848997	-1	equCab2	5
HOMININI	1	142848997	165264738	1	equCab2	5
HOMININI	1	165264738	182269100	1	equCab2	30
HOMININI	1	182269100	186722143	1	equCab2	5
HOMININI	1	186722143	196313909	-1	equCab2	5
HOMININI	1	196313909	206870798	-1	equCab2	30
HOMININI	1	206870798	217469740	-1	equCab2	1
HOMININI	1	217469740	223310748	-1	equCab2	30
HOMININI	1	0	14181823	-1	galGal3	21
HOMININI	1	14181823	66750933	1	galGal3	8
HOMININI	1	66750933	110123968	-1	galGal3	8
HOMININI	1	110123968	114051450	1	galGal3	26
HOMININI	1	114051450	120608348	-1	galGal3	1
HOMININI	1	121895067	122679726	1	galGal3	1
HOMININI	1	123522048	139113293	-1	galGal3	8
HOMININI	1	139113293	178786937	-1	galGal3	3
HOMININI	1	178786937	223310748	-1	galGal3	3
HOMININI	1	0	223310748	1	gorGor3	1
HOMININI	1	0	223310748	1	hg19	1
HOMININI	1	0	62425994	-1	mm10	4
HOMININI	1	62425994	72280266	1	mm10	4
HOMININI	1	72280266	92849478	-1	mm10	3
HOMININI	1	92849478	120608348	-1	mm10	3
HOMININI	1	120608348	121025027	1	mm10	3
HOMININI	1	121025027	121505709	1	mm10	3
HOMININI	1	121895067	122679726	-1	mm10	3
HOMININI	1	123522048	135237732	-1	mm10	3
HOMININI	1	135237732	190615887	-1	mm10	1
HOMININI	1	190615887	206966197	-1	mm10	1
HOMININI	1	206966197	211144520	1	mm10	8
HOMININI	1	211144520	216602993	-1	mm10	13
HOMININI	1	216602993	223310748	1	mm10	1
HOMININI	1	0	9347110	1	monDom5	4
HOMININI	1	9347110	12620135	-1	monDom5	4
HOMININI	1	12620135	15656366	-1	monDom5	4
HOMININI	1	15656366	20728196	-1	monDom5	4
HOMININI	1	20728196	23262847	1	monDom5	4
HOMININI	1	23262847	25391772	1	monDom5	4
HOMININI	1	25391772	30433800	1	monDom5	4
HOMININI	1	30433800	43667643	1	monDom5	4
HOMININI	1	43667643	52548943	-1	monDom5	2
HOMININI	1	52548943	72755729	-1	monDom5	2
HOMININI	1	72755729	82771682	-1	monDom5	2
HOMININI	1	82771682	85264636	1	monDom5	2
HOMININI	1	85264636	90166553	-1	monDom5	2
HOMININI	1	90166553	120608348	1	monDom5	2
HOMININI	1	120608348	121111434	-1	monDom5	2
HOMININI	1	121111434	121505709	-1	monDom5	2
HOMININI	1	121895067	122679726	1	monDom5	2
HOMININI	1	123522048	126582603	1	monDom5	2
HOMININI	1	126582603	131164787	1	monDom5	2
HOMININI	1	131164787	134778409	-1	monDom5	2
HOMININI	1	134778409	161477583	1	monDom5	2
HOMININI	1	161477583	204070977	1	monDom5	2
HOMININI	1	204070977	207082066	1	monDom5	2
HOMININI	1	207082066	223310748	-1	monDom5	2
HOMININI	1	0	4817076	-1	oryCun2	13
HOMININI	1	4817076	13311219	-1	oryCun2	13
HOMININI	1	13311219	19099823	-1	oryCun2	13
HOMININI	1	19099823	121016680	-1	oryCun2	13
HOMININI	1	121016680	121505709	1	oryCun2	13
HOMININI	1	121895067	122679726	-1	oryCun2	13
HOMININI	1	122679726	147291854	-1	oryCun2	13
HOMININI	1	147291854	149870247	1	oryCun2	13
HOMININI	1	149870247	159467305	1	oryCun2	13
HOMININI	1	159467305	205066380	-1	oryCun2	16
HOMININI	1	205066380	212979398	-1	oryCun2	16
HOMININI	1	212979398	216768527	1	oryCun2	16
HOMININI	1	216768527	223310748	-1	oryCun2	16
HOMININI	1	0	110123968	1	panTro3	1
HOMININI	1	110123968	120608348	-1	panTro3	1
HOMININI	1	120608348	121505709	-1	panTro3	1
HOMININI	1	121505709	121895067	1	panTro3	1
HOMININI	1	121895067	122679726	-1	panTro3	1
HOMININI	1	122679726	122988983	1	panTro3	1
HOMININI	1	122988983	123522048	-1	panTro3	1
HOMININI	1	123522048	223310748	1	panTro3	1
HOMININI	1	0	120608348	-1	ponAbe2	1
HOMININI	1	120608348	121082852	1	ponAbe2	1
HOMININI	1	121082852	121109626	-1	ponAbe2	1
HOMININI	1	121109626	121895067	1	ponAbe2	1
HOMININI	1	121895067	122679726	1	ponAbe2	1
HOMININI	1	123522048	223310748	-1	ponAbe2	1
HOMININI	1	0	120608348	1	rheMac3	1
HOMININI	1	120608348	120920956	-1	rheMac3	1
HOMININI	1	120920956	121505709	-1	rheMac3	1
HOMININI	1	121505709	137370585	1	rheMac3	1
HOMININI	1	137370585	152919017	1	rheMac3	1
HOMININI	1	152919017	202560580	-1	rheMac3	1
HOMININI	1	202560580	223310748	-1	rheMac3	1
HOMININI	1	0	55371256	-1	rn4	5
HOMININI	1	55371256	66307206	1	rn4	5
HOMININI	1	66307206	87806078	-1	rn4	2
HOMININI	1	87806078	91026177	-1	rn4	14
HOMININI	1	91026177	120608348	-1	rn4	2
HOMININI	1	120608348	121023522	1	rn4	2
HOMININI	1	121023522	121505709	1	rn4	2
HOMININI	1	121895067	122679726	-1	rn4	2
HOMININI	1	123522048	137724061	-1	rn4	2
HOMININI	1	137724061	192891972	-1	rn4	13
HOMININI	1	192891972	208117942	-1	rn4	13
HOMININI	1	208117942	211536156	1	rn4	19
HOMININI	1	211536156	217053373	1	rn4	17
HOMININI	1	217053373	223310748	1	rn4	13
HOMININI	1	0	33052467	1	susScr2	6
HOMININI	1	33052467	80788706	-1	susScr2	6
HOMININI	1	80788706	120859610	-1	susScr2	4
HOMININI	1	120859610	121505709	1	susScr2	4
HOMININI	1	121895067	122679726	-1	susScr2	4
HOMININI	1	122679726	152743402	-1	susScr2	4
HOMININI	1	152743402	172414572	1	susScr2	9
HOMININI	1	172414572	177827137	-1	susScr2	10
HOMININI	1	177827137	184803199	1	susScr2	10
HOMININI	1	184803199	194769971	-1	susScr2	9
HOMININI	1	194769971	203539398	1	susScr2	10
HOMININI	1	203539398	217960723	-1	susScr2	14
HOMININI	1	217960723	223310748	1	susScr2	10
HOMININI	1	0	10906328	-1	bosTau7	16
HOMININI	1	10906328	13736256	-1	bosTau7	16
HOMININI	1	13736256	29637218	-1	bosTau7	2
HOMININI	1	29637218	120608348	-1	bosTau7	3
HOMININI	1	120608348	121109134	1	bosTau7	3
HOMININI	1	121109134	121505709	1	bosTau7	3
HOMININI	1	121505709	122679726	-1	bosTau7	3
HOMININI	1	122679726	146395867	-1	bosTau7	3
HOMININI	1	146395867	151019574	1	bosTau7	16
HOMININI	1	151019574	165692217	1	bosTau7	16
HOMININI	1	165692217	180010045	-1	bosTau7	16
HOMININI	1	180010045	183887548	1	bosTau7	16
HOMININI	1	183887548	188040643	1	bosTau7	16
HOMININI	1	188040643	196561970	-1	bosTau7	16
HOMININI	1	196561970	206874385	1	bosTau7	16
HOMININI	1	206874385	214902324	1	bosTau7	28
HOMININI	1	214902324	221058205	-1	bosTau7	16
HOMININI	1	221058205	223310748	1	bosTau7	7
HOMININI	1	0	120064953	1	calJac3	7
HOMININI	1	120064953	120608348	1	calJac3	18
HOMININI	1	120608348	121021029	-1	calJac3	18
HOMININI	1	121021029	121505709	1	calJac3	18
HOMININI	1	121895067	122679726	-1	calJac3	18
HOMININI	1	122679726	137346192	1	calJac3	18
HOMININI	1	137346192	165857956	-1	calJac3	18
HOMININI	1	165857956	171508419	1	calJac3	18
HOMININI	1	171508419	186718485	1	calJac3	19
HOMININI	1	186718485	203393095	-1	calJac3	19
HOMININI	1	203393095	205673307	-1	calJac3	19
HOMININI	1	205673307	223310748	-1	calJac3	19
HOMININI	1	0	9085106	1	canFam2	5
HOMININI	1	9085106	30712219	-1	canFam2	2
HOMININI	1	30712219	40345380	-1	canFam2	15
HOMININI	1	40345380	50690428	-1	canFam2	15
HOMININI	1	50690428	66606116	-1	canFam2	5
HOMININI	1	66606116	111977672	-1	canFam2	6
HOMININI	1	111977672	114157921	-1	canFam2	17
HOMININI	1	114157921	120608348	1	canFam2	17
HOMININI	1	120608348	121026454	-1	canFam2	17
HOMININI	1	121026454	121505709	-1	canFam2	17
HOMININI	1	121505709	122679726	1	canFam2	17
HOMININI	1	123522048	127571622	1	canFam2	17
HOMININI	1	127571622	131553441	-1	canFam2	7
HOMININI	1	131553441	139966276	-1	canFam2	38
HOMININI	1	139966276	154550212	-1	canFam2	7
HOMININI	1	154550212	162927802	1	canFam2	7
HOMININI	1	162927802	173263229	-1	canFam2	38
HOMININI	1	173263229	180557120	-1	canFam2	7
HOMININI	1	180557120	184208143	1	canFam2	38
HOMININI	1	184208143	193852929	1	canFam2	7
HOMININI	1	193852929	201543741	1	canFam2	38
HOMININI	1	201543741	205131538	-1	canFam2	7
HOMININI	1	205131538	215575105	-1	canFam2	4
HOMININI	1	215575105	223310748	1	canFam2	7
HOMININI	1	0	10894292	-1	capHir1	16
HOMININI	1	10894292	13920159	-1	capHir1	16
HOMININI	1	13920159	30241866	-1	capHir1	2
HOMININI	1	30241866	120968116	-1	capHir1	3
HOMININI	1	120968116	121505709	1	capHir1	3
HOMININI	1	121505709	122679726	-1	capHir1	3
HOMININI	1	123522048	145671962	-1	capHir1	3
HOMININI	1	145671962	151614073	1	capHir1	16
HOMININI	1	151614073	167129651	1	capHir1	16
HOMININI	1	167129651	178585763	-1	capHir1	16
HOMININI	1	178585763	183084653	1	capHir1	16
HOMININI	1	183084653	188981605	1	capHir1	16
HOMININI	1	188981605	202435479	1	capHir1	16
HOMININI	1	202435479	214612335	1	capHir1	28
HOMININI	1	214612335	220873049	-1	capHir1	16
HOMININI	1	220873049	223310748	1	capHir1	7
HOMININI	1	0	59486405	-1	equCab2	2
HOMININI	1	59486405	120608348	-1	equCab2	5
HOMININI	1	120608348	121164080	1	equCab2	5
HOMININI	1	121164080	121505709	1	equCab2	5
HOMININI	1	121505709	122679726	-1	equCab2	5
HOMININI	1	122679726	142848997	-1	equCab2	5
HOMININI	1	142848997	165264738	1	equCab2	5
HOMININI	1	165264738	182269100	1	equCab2	30
HOMININI	1	182269100	186722143	1	equCab2	5
HOMININI	1	186722143	196313909	-1	equCab2	5
HOMININI	1	196313909	206870798	-1	equCab2	30
HOMININI	1	206870798	217469740	-1	equCab2	1
HOMININI	1	217469740	223310748	-1	equCab2	30
HOMININI	1	0	14181823	-1	galGal3	21
HOMININI	1	14181823	66750933	1	galGal3	8
HOMININI	1	66750933	110123968	-1	galGal3	8
HOMININI	1	110123968	114051450	1	galGal3	26
HOMININI	1	114051450	120608348	-1	galGal3	1
HOMININI	1	121895067	122679726	1	galGal3	1
HOMININI	1	123522048	139113293	-1	galGal3	8
HOMININI	1	139113293	178786937	-1	galGal3	3
HOMININI	1	178786937	223310748	-1	galGal3	3
HOMININI	1	0	223310748	1	gorGor3	1
HOMININI	1	0	223310748	1	hg19	1
HOMININI	1	0	62425994	-1	mm10	4
HOMININI	1	62425994	72280266	1	mm10	4
HOMININI	1	72280266	92849478	-1	mm10	3
HOMININI	1	92849478	120608348	-1	mm10	3
HOMININI	1	120608348	121025027	1	mm10	3
HOMININI	1	121025027	121505709	1	mm10	3
HOMININI	1	121895067	122679726	-1	mm10	3
HOMININI	1	123522048	135237732	-1	mm10	3
HOMININI	1	135237732	190615887	-1	mm10	1
HOMININI	1	190615887	206966197	-1	mm10	1
HOMININI	1	206966197	211144520	1	mm10	8
HOMININI	1	211144520	216602993	-1	mm10	13
HOMININI	1	216602993	223310748	1	mm10	1
HOMININI	1	0	9347110	1	monDom5	4
HOMININI	1	9347110	12620135	-1	monDom5	4
HOMININI	1	12620135	15656366	-1	monDom5	4
HOMININI	1	15656366	20728196	-1	monDom5	4
HOMININI	1	20728196	23262847	1	monDom5	4
HOMININI	1	23262847	25391772	1	monDom5	4
HOMININI	1	25391772	30433800	1	monDom5	4
HOMININI	1	30433800	43667643	1	monDom5	4
HOMININI	1	43667643	52548943	-1	monDom5	2
HOMININI	1	52548943	72755729	-1	monDom5	2
HOMININI	1	72755729	82771682	-1	monDom5	2
HOMININI	1	82771682	85264636	1	monDom5	2
HOMININI	1	85264636	90166553	-1	monDom5	2
HOMININI	1	90166553	120608348	1	monDom5	2
HOMININI	1	120608348	121111434	-1	monDom5	2
HOMININI	1	121111434	121505709	-1	monDom5	2
HOMININI	1	121895067	122679726	1	monDom5	2
HOMININI	1	123522048	126582603	1	monDom5	2
HOMININI	1	126582603	131164787	1	monDom5	2
HOMININI	1	131164787	134778409	-1	monDom5	2
HOMININI	1	134778409	161477583	1	monDom5	2
HOMININI	1	161477583	204070977	1	monDom5	2
HOMININI	1	204070977	207082066	1	monDom5	2
HOMININI	1	207082066	223310748	-1	monDom5	2
HOMININI	1	0	4817076	-1	oryCun2	13
HOMININI	1	4817076	13311219	-1	oryCun2	13
HOMININI	1	13311219	19099823	-1	oryCun2	13
HOMININI	1	19099823	121016680	-1	oryCun2	13
HOMININI	1	121016680	121505709	1	oryCun2	13
HOMININI	1	121895067	122679726	-1	oryCun2	13
HOMININI	1	122679726	147291854	-1	oryCun2	13
HOMININI	1	147291854	149870247	1	oryCun2	13
HOMININI	1	149870247	159467305	1	oryCun2	13
HOMININI	1	159467305	205066380	-1	oryCun2	16
HOMININI	1	205066380	212979398	-1	oryCun2	16
HOMININI	1	212979398	216768527	1	oryCun2	16
HOMININI	1	216768527	223310748	-1	oryCun2	16
HOMININI	1	0	110123968	1	panTro3	1
HOMININI	1	110123968	120608348	-1	panTro3	1
HOMININI	1	120608348	121505709	-1	panTro3	1
HOMININI	1	121505709	121895067	1	panTro3	1
HOMININI	1	121895067	122679726	-1	panTro3	1
HOMININI	1	122679726	122988983	1	panTro3	1
HOMININI	1	122988983	123522048	-1	panTro3	1
HOMININI	1	123522048	223310748	1	panTro3	1
HOMININI	1	0	120608348	-1	ponAbe2	1
HOMININI	1	120608348	121082852	1	ponAbe2	1
HOMININI	1	121082852	121109626	-1	ponAbe2	1
HOMININI	1	121109626	121895067	1	ponAbe2	1
HOMININI	1	121895067	122679726	1	ponAbe2	1
HOMININI	1	123522048	223310748	-1	ponAbe2	1
HOMININI	1	0	120608348	1	rheMac3	1
HOMININI	1	120608348	120920956	-1	rheMac3	1
HOMININI	1	120920956	121505709	-1	rheMac3	1
HOMININI	1	121505709	137370585	1	rheMac3	1
HOMININI	1	137370585	152919017	1	rheMac3	1
HOMININI	1	152919017	202560580	-1	rheMac3	1
HOMININI	1	202560580	223310748	-1	rheMac3	1
HOMININI	1	0	55371256	-1	rn4	5
HOMININI	1	55371256	66307206	1	rn4	5
HOMININI	1	66307206	87806078	-1	rn4	2
HOMININI	1	87806078	91026177	-1	rn4	14
HOMININI	1	91026177	120608348	-1	rn4	2
HOMININI	1	120608348	121023522	1	rn4	2
HOMININI	1	121023522	121505709	1	rn4	2
HOMININI	1	121895067	122679726	-1	rn4	2
HOMININI	1	123522048	137724061	-1	rn4	2
HOMININI	1	137724061	192891972	-1	rn4	13
HOMININI	1	192891972	208117942	-1	rn4	13
HOMININI	1	208117942	211536156	1	rn4	19
HOMININI	1	211536156	217053373	1	rn4	17
HOMININI	1	217053373	223310748	1	rn4	13
HOMININI	1	0	33052467	1	susScr2	6
HOMININI	1	33052467	80788706	-1	susScr2	6
HOMININI	1	80788706	120859610	-1	susScr2	4
HOMININI	1	120859610	121505709	1	susScr2	4
HOMININI	1	121895067	122679726	-1	susScr2	4
HOMININI	1	122679726	152743402	-1	susScr2	4
HOMININI	1	152743402	172414572	1	susScr2	9
HOMININI	1	172414572	177827137	-1	susScr2	10
HOMININI	1	177827137	184803199	1	susScr2	10
HOMININI	1	184803199	194769971	-1	susScr2	9
HOMININI	1	194769971	203539398	1	susScr2	10
HOMININI	1	203539398	217960723	-1	susScr2	14
HOMININI	1	217960723	223310748	1	susScr2	10
HOMININI	1	0	10906328	-1	bosTau7	16
HOMININI	1	10906328	13736256	-1	bosTau7	16
HOMININI	1	13736256	29637218	-1	bosTau7	2
HOMININI	1	29637218	120608348	-1	bosTau7	3
HOMININI	1	120608348	121109134	1	bosTau7	3
HOMININI	1	121109134	121505709	1	bosTau7	3
HOMININI	1	121505709	122679726	-1	bosTau7	3
HOMININI	1	122679726	146395867	-1	bosTau7	3
HOMININI	1	146395867	151019574	1	bosTau7	16
HOMININI	1	151019574	165692217	1	bosTau7	16
HOMININI	1	165692217	180010045	-1	bosTau7	16
HOMININI	1	180010045	183887548	1	bosTau7	16
HOMININI	1	183887548	188040643	1	bosTau7	16
HOMININI	1	188040643	196561970	-1	bosTau7	16
HOMININI	1	196561970	206874385	1	bosTau7	16
HOMININI	1	206874385	214902324	1	bosTau7	28
HOMININI	1	214902324	221058205	-1	bosTau7	16
HOMININI	1	221058205	223310748	1	bosTau7	7
HOMININI	1	0	120064953	1	calJac3	7
HOMININI	1	120064953	120608348	1	calJac3	18
HOMININI	1	120608348	121021029	-1	calJac3	18
HOMININI	1	121021029	121505709	1	calJac3	18
HOMININI	1	121895067	122679726	-1	calJac3	18
HOMININI	1	122679726	137346192	1	calJac3	18
HOMININI	1	137346192	165857956	-1	calJac3	18
HOMININI	1	165857956	171508419	1	calJac3	18
HOMININI	1	171508419	186718485	1	calJac3	19
HOMININI	1	186718485	203393095	-1	calJac3	19
HOMININI	1	203393095	205673307	-1	calJac3	19
HOMININI	1	205673307	223310748	-1	calJac3	19
HOMININI	1	0	9085106	1	canFam2	5
HOMININI	1	9085106	30712219	-1	canFam2	2
HOMININI	1	30712219	40345380	-1	canFam2	15
HOMININI	1	40345380	50690428	-1	canFam2	15
HOMININI	1	50690428	66606116	-1	canFam2	5
HOMININI	1	66606116	111977672	-1	canFam2	6
HOMININI	1	111977672	114157921	-1	canFam2	17
HOMININI	1	114157921	120608348	1	canFam2	17
HOMININI	1	120608348	121026454	-1	canFam2	17
HOMININI	1	121026454	121505709	-1	canFam2	17
HOMININI	1	121505709	122679726	1	canFam2	17
HOMININI	1	123522048	127571622	1	canFam2	17
HOMININI	1	127571622	131553441	-1	canFam2	7
HOMININI	1	131553441	139966276	-1	canFam2	38
HOMININI	1	139966276	154550212	-1	canFam2	7
HOMININI	1	154550212	162927802	1	canFam2	7
HOMININI	1	162927802	173263229	-1	canFam2	38
HOMININI	1	173263229	180557120	-1	canFam2	7
HOMININI	1	180557120	184208143	1	canFam2	38
HOMININI	1	184208143	193852929	1	canFam2	7
HOMININI	1	193852929	201543741	1	canFam2	38
HOMININI	1	201543741	205131538	-1	canFam2	7
HOMININI	1	205131538	215575105	-1	canFam2	4
HOMININI	1	215575105	223310748	1	canFam2	7
HOMININI	1	0	10894292	-1	capHir1	16
HOMININI	1	10894292	13920159	-1	capHir1	16
HOMININI	1	13920159	30241866	-1	capHir1	2
HOMININI	1	30241866	120968116	-1	capHir1	3
HOMININI	1	120968116	121505709	1	capHir1	3
HOMININI	1	121505709	122679726	-1	capHir1	3
HOMININI	1	123522048	145671962	-1	capHir1	3
HOMININI	1	145671962	151614073	1	capHir1	16
HOMININI	1	151614073	167129651	1	capHir1	16
HOMININI	1	167129651	178585763	-1	capHir1	16
HOMININI	1	178585763	183084653	1	capHir1	16
HOMININI	1	183084653	188981605	1	capHir1	16
HOMININI	1	188981605	202435479	1	capHir1	16
HOMININI	1	202435479	214612335	1	capHir1	28
HOMININI	1	214612335	220873049	-1	capHir1	16
HOMININI	1	220873049	223310748	1	capHir1	7
HOMININI	1	0	59486405	-1	equCab2	2
HOMININI	1	59486405	120608348	-1	equCab2	5
HOMININI	1	120608348	121164080	1	equCab2	5
HOMININI	1	121164080	121505709	1	equCab2	5
HOMININI	1	121505709	122679726	-1	equCab2	5
HOMININI	1	122679726	142848997	-1	equCab2	5
HOMININI	1	142848997	165264738	1	equCab2	5
HOMININI	1	165264738	182269100	1	equCab2	30
HOMININI	1	182269100	186722143	1	equCab2	5
HOMININI	1	186722143	196313909	-1	equCab2	5
HOMININI	1	196313909	206870798	-1	equCab2	30
HOMININI	1	206870798	217469740	-1	equCab2	1
HOMININI	1	217469740	223310748	-1	equCab2	30
HOMININI	1	0	14181823	-1	galGal3	21
HOMININI	1	14181823	66750933	1	galGal3	8
HOMININI	1	66750933	110123968	-1	galGal3	8
HOMININI	1	110123968	114051450	1	galGal3	26
HOMININI	1	114051450	120608348	-1	galGal3	1
HOMININI	1	121895067	122679726	1	galGal3	1
HOMININI	1	123522048	139113293	-1	galGal3	8
HOMININI	1	139113293	178786937	-1	galGal3	3
HOMININI	1	178786937	223310748	-1	galGal3	3
HOMININI	1	0	223310748	1	gorGor3	1
HOMININI	1	0	223310748	1	hg19	1
HOMININI	1	0	62425994	-1	mm10	4
HOMININI	1	62425994	72280266	1	mm10	4
HOMININI	1	72280266	92849478	-1	mm10	3
HOMININI	1	92849478	120608348	-1	mm10	3
HOMININI	1	120608348	121025027	1	mm10	3
HOMININI	1	121025027	121505709	1	mm10	3
HOMININI	1	121895067	122679726	-1	mm10	3
HOMININI	1	123522048	135237732	-1	mm10	3
HOMININI	1	135237732	190615887	-1	mm10	1
HOMININI	1	190615887	206966197	-1	mm10	1
HOMININI	1	206966197	211144520	1	mm10	8
HOMININI	1	211144520	216602993	-1	mm10	13
HOMININI	1	216602993	223310748	1	mm10	1
HOMININI	1	0	9347110	1	monDom5	4
HOMININI	1	9347110	12620135	-1	monDom5	4
HOMININI	1	12620135	15656366	-1	monDom5	4
HOMININI	1	15656366	20728196	-1	monDom5	4
HOMININI	1	20728196	23262847	1	monDom5	4
HOMININI	1	23262847	25391772	1	monDom5	4
HOMININI	1	25391772	30433800	1	monDom5	4
HOMININI	1	30433800	43667643	1	monDom5	4
HOMININI	1	43667643	52548943	-1	monDom5	2
HOMININI	1	52548943	72755729	-1	monDom5	2
HOMININI	1	72755729	82771682	-1	monDom5	2
HOMININI	1	82771682	85264636	1	monDom5	2
HOMININI	1	85264636	90166553	-1	monDom5	2
HOMININI	1	90166553	120608348	1	monDom5	2
HOMININI	1	120608348	121111434	-1	monDom5	2
HOMININI	1	121111434	121505709	-1	monDom5	2
HOMININI	1	121895067	122679726	1	monDom5	2
HOMININI	1	123522048	126582603	1	monDom5	2
HOMININI	1	126582603	131164787	1	monDom5	2
HOMININI	1	131164787	134778409	-1	monDom5	2
HOMININI	1	134778409	161477583	1	monDom5	2
HOMININI	1	161477583	204070977	1	monDom5	2
HOMININI	1	204070977	207082066	1	monDom5	2
HOMININI	1	207082066	223310748	-1	monDom5	2
HOMININI	1	0	4817076	-1	oryCun2	13
HOMININI	1	4817076	13311219	-1	oryCun2	13
HOMININI	1	13311219	19099823	-1	oryCun2	13
HOMININI	1	19099823	121016680	-1	oryCun2	13
HOMININI	1	121016680	121505709	1	oryCun2	13
HOMININI	1	121895067	122679726	-1	oryCun2	13
HOMININI	1	122679726	147291854	-1	oryCun2	13
HOMININI	1	147291854	149870247	1	oryCun2	13
HOMININI	1	149870247	159467305	1	oryCun2	13
HOMININI	1	159467305	205066380	-1	oryCun2	16
HOMININI	1	205066380	212979398	-1	oryCun2	16
HOMININI	1	212979398	216768527	1	oryCun2	16
HOMININI	1	216768527	223310748	-1	oryCun2	16
HOMININI	1	0	110123968	1	panTro3	1
HOMININI	1	110123968	120608348	-1	panTro3	1
HOMININI	1	120608348	121505709	-1	panTro3	1
HOMININI	1	121505709	121895067	1	panTro3	1
HOMININI	1	121895067	122679726	-1	panTro3	1
HOMININI	1	122679726	122988983	1	panTro3	1
HOMININI	1	122988983	123522048	-1	panTro3	1
HOMININI	1	123522048	223310748	1	panTro3	1
HOMININI	1	0	120608348	-1	ponAbe2	1
HOMININI	1	120608348	121082852	1	ponAbe2	1
HOMININI	1	121082852	121109626	-1	ponAbe2	1
HOMININI	1	121109626	121895067	1	ponAbe2	1
HOMININI	1	121895067	122679726	1	ponAbe2	1
HOMININI	1	123522048	223310748	-1	ponAbe2	1
HOMININI	1	0	120608348	1	rheMac3	1
HOMININI	1	120608348	120920956	-1	rheMac3	1
HOMININI	1	120920956	121505709	-1	rheMac3	1
HOMININI	1	121505709	137370585	1	rheMac3	1
HOMININI	1	137370585	152919017	1	rheMac3	1
HOMININI	1	152919017	202560580	-1	rheMac3	1
HOMININI	1	202560580	223310748	-1	rheMac3	1
HOMININI	1	0	55371256	-1	rn4	5
HOMININI	1	55371256	66307206	1	rn4	5
HOMININI	1	66307206	87806078	-1	rn4	2
HOMININI	1	87806078	91026177	-1	rn4	14
HOMININI	1	91026177	120608348	-1	rn4	2
HOMININI	1	120608348	121023522	1	rn4	2
HOMININI	1	121023522	121505709	1	rn4	2
HOMININI	1	121895067	122679726	-1	rn4	2
HOMININI	1	123522048	137724061	-1	rn4	2
HOMININI	1	137724061	192891972	-1	rn4	13
HOMININI	1	192891972	208117942	-1	rn4	13
HOMININI	1	208117942	211536156	1	rn4	19
HOMININI	1	211536156	217053373	1	rn4	17
HOMININI	1	217053373	223310748	1	rn4	13
HOMININI	1	0	33052467	1	susScr2	6
HOMININI	1	33052467	80788706	-1	susScr2	6
HOMININI	1	80788706	120859610	-1	susScr2	4
HOMININI	1	120859610	121505709	1	susScr2	4
HOMININI	1	121895067	122679726	-1	susScr2	4
HOMININI	1	122679726	152743402	-1	susScr2	4
HOMININI	1	152743402	172414572	1	susScr2	9
HOMININI	1	172414572	177827137	-1	susScr2	10
HOMININI	1	177827137	184803199	1	susScr2	10
HOMININI	1	184803199	194769971	-1	susScr2	9
HOMININI	1	194769971	203539398	1	susScr2	10
HOMININI	1	203539398	217960723	-1	susScr2	14
HOMININI	1	217960723	223310748	1	susScr2	10
HOMININI	1	0	10906328	-1	bosTau7	16
HOMININI	1	10906328	13736256	-1	bosTau7	16
HOMININI	1	13736256	29637218	-1	bosTau7	2
HOMININI	1	29637218	120608348	-1	bosTau7	3
HOMININI	1	120608348	121109134	1	bosTau7	3
HOMININI	1	121109134	121505709	1	bosTau7	3
HOMININI	1	121505709	122679726	-1	bosTau7	3
HOMININI	1	122679726	146395867	-1	bosTau7	3
HOMININI	1	146395867	151019574	1	bosTau7	16
HOMININI	1	151019574	165692217	1	bosTau7	16
HOMININI	1	165692217	180010045	-1	bosTau7	16
HOMININI	1	180010045	183887548	1	bosTau7	16
HOMININI	1	183887548	188040643	1	bosTau7	16
HOMININI	1	188040643	196561970	-1	bosTau7	16
HOMININI	1	196561970	206874385	1	bosTau7	16
HOMININI	1	206874385	214902324	1	bosTau7	28
HOMININI	1	214902324	221058205	-1	bosTau7	16
HOMININI	1	221058205	223310748	1	bosTau7	7
HOMININI	1	0	120064953	1	calJac3	7
HOMININI	1	120064953	120608348	1	calJac3	18
HOMININI	1	120608348	121021029	-1	calJac3	18
HOMININI	1	121021029	121505709	1	calJac3	18
HOMININI	1	121895067	122679726	-1	calJac3	18
HOMININI	1	122679726	137346192	1	calJac3	18
HOMININI	1	137346192	165857956	-1	calJac3	18
HOMININI	1	165857956	171508419	1	calJac3	18
HOMININI	1	171508419	186718485	1	calJac3	19
HOMININI	1	186718485	203393095	-1	calJac3	19
HOMININI	1	203393095	205673307	-1	calJac3	19
HOMININI	1	205673307	223310748	-1	calJac3	19
HOMININI	1	0	9085106	1	canFam2	5
HOMININI	1	9085106	30712219	-1	canFam2	2
HOMININI	1	30712219	40345380	-1	canFam2	15
HOMININI	1	40345380	50690428	-1	canFam2	15
HOMININI	1	50690428	66606116	-1	canFam2	5
HOMININI	1	66606116	111977672	-1	canFam2	6
HOMININI	1	111977672	114157921	-1	canFam2	17
HOMININI	1	114157921	120608348	1	canFam2	17
HOMININI	1	120608348	121026454	-1	canFam2	17
HOMININI	1	121026454	121505709	-1	canFam2	17
HOMININI	1	121505709	122679726	1	canFam2	17
HOMININI	1	123522048	127571622	1	canFam2	17
HOMININI	1	127571622	131553441	-1	canFam2	7
HOMININI	1	131553441	139966276	-1	canFam2	38
HOMININI	1	139966276	154550212	-1	canFam2	7
HOMININI	1	154550212	162927802	1	canFam2	7
HOMININI	1	162927802	173263229	-1	canFam2	38
HOMININI	1	173263229	180557120	-1	canFam2	7
HOMININI	1	180557120	184208143	1	canFam2	38
HOMININI	1	184208143	193852929	1	canFam2	7
HOMININI	1	193852929	201543741	1	canFam2	38
HOMININI	1	201543741	205131538	-1	canFam2	7
HOMININI	1	205131538	215575105	-1	canFam2	4
HOMININI	1	215575105	223310748	1	canFam2	7
HOMININI	1	0	10894292	-1	capHir1	16
HOMININI	1	10894292	13920159	-1	capHir1	16
HOMININI	1	13920159	30241866	-1	capHir1	2
HOMININI	1	30241866	120968116	-1	capHir1	3
HOMININI	1	120968116	121505709	1	capHir1	3
HOMININI	1	121505709	122679726	-1	capHir1	3
HOMININI	1	123522048	145671962	-1	capHir1	3
HOMININI	1	145671962	151614073	1	capHir1	16
HOMININI	1	151614073	167129651	1	capHir1	16
HOMININI	1	167129651	178585763	-1	capHir1	16
HOMININI	1	178585763	183084653	1	capHir1	16
HOMININI	1	183084653	188981605	1	capHir1	16
HOMININI	1	188981605	202435479	1	capHir1	16
HOMININI	1	202435479	214612335	1	capHir1	28
HOMININI	1	214612335	220873049	-1	capHir1	16
HOMININI	1	220873049	223310748	1	capHir1	7
HOMININI	1	0	59486405	-1	equCab2	2
HOMININI	1	59486405	120608348	-1	equCab2	5
HOMININI	1	120608348	121164080	1	equCab2	5
HOMININI	1	121164080	121505709	1	equCab2	5
HOMININI	1	121505709	122679726	-1	equCab2	5
HOMININI	1	122679726	142848997	-1	equCab2	5
HOMININI	1	142848997	165264738	1	equCab2	5
HOMININI	1	165264738	182269100	1	equCab2	30
HOMININI	1	182269100	186722143	1	equCab2	5
HOMININI	1	186722143	196313909	-1	equCab2	5
HOMININI	1	196313909	206870798	-1	equCab2	30
HOMININI	1	206870798	217469740	-1	equCab2	1
HOMININI	1	217469740	223310748	-1	equCab2	30
HOMININI	1	0	14181823	-1	galGal3	21
HOMININI	1	14181823	66750933	1	galGal3	8
HOMININI	1	66750933	110123968	-1	galGal3	8
HOMININI	1	110123968	114051450	1	galGal3	26
HOMININI	1	114051450	120608348	-1	galGal3	1
HOMININI	1	121895067	122679726	1	galGal3	1
HOMININI	1	123522048	139113293	-1	galGal3	8
HOMININI	1	139113293	178786937	-1	galGal3	3
HOMININI	1	178786937	223310748	-1	galGal3	3
HOMININI	1	0	223310748	1	gorGor3	1
HOMININI	1	0	223310748	1	hg19	1
HOMININI	1	0	62425994	-1	mm10	4
HOMININI	1	62425994	72280266	1	mm10	4
HOMININI	1	72280266	92849478	-1	mm10	3
HOMININI	1	92849478	120608348	-1	mm10	3
HOMININI	1	120608348	121025027	1	mm10	3
HOMININI	1	121025027	121505709	1	mm10	3
HOMININI	1	121895067	122679726	-1	mm10	3
HOMININI	1	123522048	135237732	-1	mm10	3
HOMININI	1	135237732	190615887	-1	mm10	1
HOMININI	1	190615887	206966197	-1	mm10	1
HOMININI	1	206966197	211144520	1	mm10	8
HOMININI	1	211144520	216602993	-1	mm10	13
HOMININI	1	216602993	223310748	1	mm10	1
HOMININI	1	0	9347110	1	monDom5	4
HOMININI	1	9347110	12620135	-1	monDom5	4
HOMININI	1	12620135	15656366	-1	monDom5	4
HOMININI	1	15656366	20728196	-1	monDom5	4
HOMININI	1	20728196	23262847	1	monDom5	4
HOMININI	1	23262847	25391772	1	monDom5	4
HOMININI	1	25391772	30433800	1	monDom5	4
HOMININI	1	30433800	43667643	1	monDom5	4
HOMININI	1	43667643	52548943	-1	monDom5	2
HOMININI	1	52548943	72755729	-1	monDom5	2
HOMININI	1	72755729	82771682	-1	monDom5	2
HOMININI	1	82771682	85264636	1	monDom5	2
HOMININI	1	85264636	90166553	-1	monDom5	2
HOMININI	1	90166553	120608348	1	monDom5	2
HOMININI	1	120608348	121111434	-1	monDom5	2
HOMININI	1	121111434	121505709	-1	monDom5	2
HOMININI	1	121895067	122679726	1	monDom5	2
HOMININI	1	123522048	126582603	1	monDom5	2
HOMININI	1	126582603	131164787	1	monDom5	2
HOMININI	1	131164787	134778409	-1	monDom5	2
HOMININI	1	134778409	161477583	1	monDom5	2
HOMININI	1	161477583	204070977	1	monDom5	2
HOMININI	1	204070977	207082066	1	monDom5	2
HOMININI	1	207082066	223310748	-1	monDom5	2
HOMININI	1	0	4817076	-1	oryCun2	13
HOMININI	1	4817076	13311219	-1	oryCun2	13
HOMININI	1	13311219	19099823	-1	oryCun2	13
HOMININI	1	19099823	121016680	-1	oryCun2	13
HOMININI	1	121016680	121505709	1	oryCun2	13
HOMININI	1	121895067	122679726	-1	oryCun2	13
HOMININI	1	122679726	147291854	-1	oryCun2	13
HOMININI	1	147291854	149870247	1	oryCun2	13
HOMININI	1	149870247	159467305	1	oryCun2	13
HOMININI	1	159467305	205066380	-1	oryCun2	16
HOMININI	1	205066380	212979398	-1	oryCun2	16
HOMININI	1	212979398	216768527	1	oryCun2	16
HOMININI	1	216768527	223310748	-1	oryCun2	16
HOMININI	1	0	110123968	1	panTro3	1
HOMININI	1	110123968	120608348	-1	panTro3	1
HOMININI	1	120608348	121505709	-1	panTro3	1
HOMININI	1	121505709	121895067	1	panTro3	1
HOMININI	1	121895067	122679726	-1	panTro3	1
HOMININI	1	122679726	122988983	1	panTro3	1
HOMININI	1	122988983	123522048	-1	panTro3	1
HOMININI	1	123522048	223310748	1	panTro3	1
HOMININI	1	0	120608348	-1	ponAbe2	1
HOMININI	1	120608348	121082852	1	ponAbe2	1
HOMININI	1	121082852	121109626	-1	ponAbe2	1
HOMININI	1	121109626	121895067	1	ponAbe2	1
HOMININI	1	121895067	122679726	1	ponAbe2	1
HOMININI	1	123522048	223310748	-1	ponAbe2	1
HOMININI	1	0	120608348	1	rheMac3	1
HOMININI	1	120608348	120920956	-1	rheMac3	1
HOMININI	1	120920956	121505709	-1	rheMac3	1
HOMININI	1	121505709	137370585	1	rheMac3	1
HOMININI	1	137370585	152919017	1	rheMac3	1
HOMININI	1	152919017	202560580	-1	rheMac3	1
HOMININI	1	202560580	223310748	-1	rheMac3	1
HOMININI	1	0	55371256	-1	rn4	5
HOMININI	1	55371256	66307206	1	rn4	5
HOMININI	1	66307206	87806078	-1	rn4	2
HOMININI	1	87806078	91026177	-1	rn4	14
HOMININI	1	91026177	120608348	-1	rn4	2
HOMININI	1	120608348	121023522	1	rn4	2
HOMININI	1	121023522	121505709	1	rn4	2
HOMININI	1	121895067	122679726	-1	rn4	2
HOMININI	1	123522048	137724061	-1	rn4	2
HOMININI	1	137724061	192891972	-1	rn4	13
HOMININI	1	192891972	208117942	-1	rn4	13
HOMININI	1	208117942	211536156	1	rn4	19
HOMININI	1	211536156	217053373	1	rn4	17
HOMININI	1	217053373	223310748	1	rn4	13
HOMININI	1	0	33052467	1	susScr2	6
HOMININI	1	33052467	80788706	-1	susScr2	6
HOMININI	1	80788706	120859610	-1	susScr2	4
HOMININI	1	120859610	121505709	1	susScr2	4
HOMININI	1	121895067	122679726	-1	susScr2	4
HOMININI	1	122679726	152743402	-1	susScr2	4
HOMININI	1	152743402	172414572	1	susScr2	9
HOMININI	1	172414572	177827137	-1	susScr2	10
HOMININI	1	177827137	184803199	1	susScr2	10
HOMININI	1	184803199	194769971	-1	susScr2	9
HOMININI	1	194769971	203539398	1	susScr2	10
HOMININI	1	203539398	217960723	-1	susScr2	14
HOMININI	1	217960723	223310748	1	susScr2	10
HOMININI	1	0	10906328	-1	bosTau7	16
HOMININI	1	10906328	13736256	-1	bosTau7	16
HOMININI	1	13736256	29637218	-1	bosTau7	2
HOMININI	1	29637218	120608348	-1	bosTau7	3
HOMININI	1	120608348	121109134	1	bosTau7	3
HOMININI	1	121109134	121505709	1	bosTau7	3
HOMININI	1	121505709	122679726	-1	bosTau7	3
HOMININI	1	122679726	146395867	-1	bosTau7	3
HOMININI	1	146395867	151019574	1	bosTau7	16
HOMININI	1	151019574	165692217	1	bosTau7	16
HOMININI	1	165692217	180010045	-1	bosTau7	16
HOMININI	1	180010045	183887548	1	bosTau7	16
HOMININI	1	183887548	188040643	1	bosTau7	16
HOMININI	1	188040643	196561970	-1	bosTau7	16
HOMININI	1	196561970	206874385	1	bosTau7	16
HOMININI	1	206874385	214902324	1	bosTau7	28
HOMININI	1	214902324	221058205	-1	bosTau7	16
HOMININI	1	221058205	223310748	1	bosTau7	7
HOMININI	1	0	120064953	1	calJac3	7
HOMININI	1	120064953	120608348	1	calJac3	18
HOMININI	1	120608348	121021029	-1	calJac3	18
HOMININI	1	121021029	121505709	1	calJac3	18
HOMININI	1	121895067	122679726	-1	calJac3	18
HOMININI	1	122679726	137346192	1	calJac3	18
HOMININI	1	137346192	165857956	-1	calJac3	18
HOMININI	1	165857956	171508419	1	calJac3	18
HOMININI	1	171508419	186718485	1	calJac3	19
HOMININI	1	186718485	203393095	-1	calJac3	19
HOMININI	1	203393095	205673307	-1	calJac3	19
HOMININI	1	205673307	223310748	-1	calJac3	19
HOMININI	1	0	9085106	1	canFam2	5
HOMININI	1	9085106	30712219	-1	canFam2	2
HOMININI	1	30712219	40345380	-1	canFam2	15
HOMININI	1	40345380	50690428	-1	canFam2	15
HOMININI	1	50690428	66606116	-1	canFam2	5
HOMININI	1	66606116	111977672	-1	canFam2	6
HOMININI	1	111977672	114157921	-1	canFam2	17
HOMININI	1	114157921	120608348	1	canFam2	17
HOMININI	1	120608348	121026454	-1	canFam2	17
HOMININI	1	121026454	121505709	-1	canFam2	17
HOMININI	1	121505709	122679726	1	canFam2	17
HOMININI	1	123522048	127571622	1	canFam2	17
HOMININI	1	127571622	131553441	-1	canFam2	7
HOMININI	1	131553441	139966276	-1	canFam2	38
HOMININI	1	139966276	154550212	-1	canFam2	7
HOMININI	1	154550212	162927802	1	canFam2	7
HOMININI	1	162927802	173263229	-1	canFam2	38
HOMININI	1	173263229	180557120	-1	canFam2	7
HOMININI	1	180557120	184208143	1	canFam2	38
HOMININI	1	184208143	193852929	1	canFam2	7
HOMININI	1	193852929	201543741	1	canFam2	38
HOMININI	1	201543741	205131538	-1	canFam2	7
HOMININI	1	205131538	215575105	-1	canFam2	4
HOMININI	1	215575105	223310748	1	canFam2	7
HOMININI	1	0	10894292	-1	capHir1	16
HOMININI	1	10894292	13920159	-1	capHir1	16
HOMININI	1	13920159	30241866	-1	capHir1	2
HOMININI	1	30241866	120968116	-1	capHir1	3
HOMININI	1	120968116	121505709	1	capHir1	3
HOMININI	1	121505709	122679726	-1	capHir1	3
HOMININI	1	123522048	145671962	-1	capHir1	3
HOMININI	1	145671962	151614073	1	capHir1	16
HOMININI	1	151614073	167129651	1	capHir1	16
HOMININI	1	167129651	178585763	-1	capHir1	16
HOMININI	1	178585763	183084653	1	capHir1	16
HOMININI	1	183084653	188981605	1	capHir1	16
HOMININI	1	188981605	202435479	1	capHir1	16
HOMININI	1	202435479	214612335	1	capHir1	28
HOMININI	1	214612335	220873049	-1	capHir1	16
HOMININI	1	220873049	223310748	1	capHir1	7
HOMININI	1	0	59486405	-1	equCab2	2
HOMININI	1	59486405	120608348	-1	equCab2	5
HOMININI	1	120608348	121164080	1	equCab2	5
HOMININI	1	121164080	121505709	1	equCab2	5
HOMININI	1	121505709	122679726	-1	equCab2	5
HOMININI	1	122679726	142848997	-1	equCab2	5
HOMININI	1	142848997	165264738	1	equCab2	5
HOMININI	1	165264738	182269100	1	equCab2	30
HOMININI	1	182269100	186722143	1	equCab2	5
HOMININI	1	186722143	196313909	-1	equCab2	5
HOMININI	1	196313909	206870798	-1	equCab2	30
HOMININI	1	206870798	217469740	-1	equCab2	1
HOMININI	1	217469740	223310748	-1	equCab2	30
HOMININI	1	0	14181823	-1	galGal3	21
HOMININI	1	14181823	66750933	1	galGal3	8
HOMININI	1	66750933	110123968	-1	galGal3	8
HOMININI	1	110123968	114051450	1	galGal3	26
HOMININI	1	114051450	120608348	-1	galGal3	1
HOMININI	1	121895067	122679726	1	galGal3	1
HOMININI	1	123522048	139113293	-1	galGal3	8
HOMININI	1	139113293	178786937	-1	galGal3	3
HOMININI	1	178786937	223310748	-1	galGal3	3
HOMININI	1	0	223310748	1	gorGor3	1
HOMININI	1	0	223310748	1	hg19	1
HOMININI	1	0	62425994	-1	mm10	4
HOMININI	1	62425994	72280266	1	mm10	4
HOMININI	1	72280266	92849478	-1	mm10	3
HOMININI	1	92849478	120608348	-1	mm10	3
HOMININI	1	120608348	121025027	1	mm10	3
HOMININI	1	121025027	121505709	1	mm10	3
HOMININI	1	121895067	122679726	-1	mm10	3
HOMININI	1	123522048	135237732	-1	mm10	3
HOMININI	1	135237732	190615887	-1	mm10	1
HOMININI	1	190615887	206966197	-1	mm10	1
HOMININI	1	206966197	211144520	1	mm10	8
HOMININI	1	211144520	216602993	-1	mm10	13
HOMININI	1	216602993	223310748	1	mm10	1
HOMININI	1	0	9347110	1	monDom5	4
HOMININI	1	9347110	12620135	-1	monDom5	4
HOMININI	1	12620135	15656366	-1	monDom5	4
HOMININI	1	15656366	20728196	-1	monDom5	4
HOMININI	1	20728196	23262847	1	monDom5	4
HOMININI	1	23262847	25391772	1	monDom5	4
HOMININI	1	25391772	30433800	1	monDom5	4
HOMININI	1	30433800	43667643	1	monDom5	4
HOMININI	1	43667643	52548943	-1	monDom5	2
HOMININI	1	52548943	72755729	-1	monDom5	2
HOMININI	1	72755729	82771682	-1	monDom5	2
HOMININI	1	82771682	85264636	1	monDom5	2
HOMININI	1	85264636	90166553	-1	monDom5	2
HOMININI	1	90166553	120608348	1	monDom5	2
HOMININI	1	120608348	121111434	-1	monDom5	2
HOMININI	1	121111434	121505709	-1	monDom5	2
HOMININI	1	121895067	122679726	1	monDom5	2
HOMININI	1	123522048	126582603	1	monDom5	2
HOMININI	1	126582603	131164787	1	monDom5	2
HOMININI	1	131164787	134778409	-1	monDom5	2
HOMININI	1	134778409	161477583	1	monDom5	2
HOMININI	1	161477583	204070977	1	monDom5	2
HOMININI	1	204070977	207082066	1	monDom5	2
HOMININI	1	207082066	223310748	-1	monDom5	2
HOMININI	1	0	4817076	-1	oryCun2	13
HOMININI	1	4817076	13311219	-1	oryCun2	13
HOMININI	1	13311219	19099823	-1	oryCun2	13
HOMININI	1	19099823	121016680	-1	oryCun2	13
HOMININI	1	121016680	121505709	1	oryCun2	13
HOMININI	1	121895067	122679726	-1	oryCun2	13
HOMININI	1	122679726	147291854	-1	oryCun2	13
HOMININI	1	147291854	149870247	1	oryCun2	13
HOMININI	1	149870247	159467305	1	oryCun2	13
HOMININI	1	159467305	205066380	-1	oryCun2	16
HOMININI	1	205066380	212979398	-1	oryCun2	16
HOMININI	1	212979398	216768527	1	oryCun2	16
HOMININI	1	216768527	223310748	-1	oryCun2	16
HOMININI	1	0	110123968	1	panTro3	1
HOMININI	1	110123968	120608348	-1	panTro3	1
HOMININI	1	120608348	121505709	-1	panTro3	1
HOMININI	1	121505709	121895067	1	panTro3	1
HOMININI	1	121895067	122679726	-1	panTro3	1
HOMININI	1	122679726	122988983	1	panTro3	1
HOMININI	1	122988983	123522048	-1	panTro3	1
HOMININI	1	123522048	223310748	1	panTro3	1
HOMININI	1	0	120608348	-1	ponAbe2	1
HOMININI	1	120608348	121082852	1	ponAbe2	1
HOMININI	1	121082852	121109626	-1	ponAbe2	1
HOMININI	1	121109626	121895067	1	ponAbe2	1
HOMININI	1	121895067	122679726	1	ponAbe2	1
HOMININI	1	123522048	223310748	-1	ponAbe2	1
HOMININI	1	0	120608348	1	rheMac3	1
HOMININI	1	120608348	120920956	-1	rheMac3	1
HOMININI	1	120920956	121505709	-1	rheMac3	1
HOMININI	1	121505709	137370585	1	rheMac3	1
HOMININI	1	137370585	152919017	1	rheMac3	1
HOMININI	1	152919017	202560580	-1	rheMac3	1
HOMININI	1	202560580	223310748	-1	rheMac3	1
HOMININI	1	0	55371256	-1	rn4	5
HOMININI	1	55371256	66307206	1	rn4	5
HOMININI	1	66307206	87806078	-1	rn4	2
HOMININI	1	87806078	91026177	-1	rn4	14
HOMININI	1	91026177	120608348	-1	rn4	2
HOMININI	1	120608348	121023522	1	rn4	2
HOMININI	1	121023522	121505709	1	rn4	2
HOMININI	1	121895067	122679726	-1	rn4	2
HOMININI	1	123522048	137724061	-1	rn4	2
HOMININI	1	137724061	192891972	-1	rn4	13
HOMININI	1	192891972	208117942	-1	rn4	13
HOMININI	1	208117942	211536156	1	rn4	19
HOMININI	1	211536156	217053373	1	rn4	17
HOMININI	1	217053373	223310748	1	rn4	13
HOMININI	1	0	33052467	1	susScr2	6
HOMININI	1	33052467	80788706	-1	susScr2	6
HOMININI	1	80788706	120859610	-1	susScr2	4
HOMININI	1	120859610	121505709	1	susScr2	4
HOMININI	1	121895067	122679726	-1	susScr2	4
HOMININI	1	122679726	152743402	-1	susScr2	4
HOMININI	1	152743402	172414572	1	susScr2	9
HOMININI	1	172414572	177827137	-1	susScr2	10
HOMININI	1	177827137	184803199	1	susScr2	10
HOMININI	1	184803199	194769971	-1	susScr2	9
HOMININI	1	194769971	203539398	1	susScr2	10
HOMININI	1	203539398	217960723	-1	susScr2	14
HOMININI	1	217960723	223310748	1	susScr2	10
HOMININI	1	0	10906328	-1	bosTau7	16
HOMININI	1	10906328	13736256	-1	bosTau7	16
HOMININI	1	13736256	29637218	-1	bosTau7	2
HOMININI	1	29637218	120608348	-1	bosTau7	3
HOMININI	1	120608348	121109134	1	bosTau7	3
HOMININI	1	121109134	121505709	1	bosTau7	3
HOMININI	1	121505709	122679726	-1	bosTau7	3
HOMININI	1	122679726	146395867	-1	bosTau7	3
HOMININI	1	146395867	151019574	1	bosTau7	16
HOMININI	1	151019574	165692217	1	bosTau7	16
HOMININI	1	165692217	180010045	-1	bosTau7	16
HOMININI	1	180010045	183887548	1	bosTau7	16
HOMININI	1	183887548	188040643	1	bosTau7	16
HOMININI	1	188040643	196561970	-1	bosTau7	16
HOMININI	1	196561970	206874385	1	bosTau7	16
HOMININI	1	206874385	214902324	1	bosTau7	28
HOMININI	1	214902324	221058205	-1	bosTau7	16
HOMININI	1	221058205	223310748	1	bosTau7	7
HOMININI	1	0	120064953	1	calJac3	7
HOMININI	1	120064953	120608348	1	calJac3	18
HOMININI	1	120608348	121021029	-1	calJac3	18
HOMININI	1	121021029	121505709	1	calJac3	18
HOMININI	1	121895067	122679726	-1	calJac3	18
HOMININI	1	122679726	137346192	1	calJac3	18
HOMININI	1	137346192	165857956	-1	calJac3	18
HOMININI	1	165857956	171508419	1	calJac3	18
HOMININI	1	171508419	186718485	1	calJac3	19
HOMININI	1	186718485	203393095	-1	calJac3	19
HOMININI	1	203393095	205673307	-1	calJac3	19
HOMININI	1	205673307	223310748	-1	calJac3	19
HOMININI	1	0	9085106	1	canFam2	5
HOMININI	1	9085106	30712219	-1	canFam2	2
HOMININI	1	30712219	40345380	-1	canFam2	15
HOMININI	1	40345380	50690428	-1	canFam2	15
HOMININI	1	50690428	66606116	-1	canFam2	5
HOMININI	1	66606116	111977672	-1	canFam2	6
HOMININI	1	111977672	114157921	-1	canFam2	17
HOMININI	1	114157921	120608348	1	canFam2	17
HOMININI	1	120608348	121026454	-1	canFam2	17
HOMININI	1	121026454	121505709	-1	canFam2	17
HOMININI	1	121505709	122679726	1	canFam2	17
HOMININI	1	123522048	127571622	1	canFam2	17
HOMININI	1	127571622	131553441	-1	canFam2	7
HOMININI	1	131553441	139966276	-1	canFam2	38
HOMININI	1	139966276	154550212	-1	canFam2	7
HOMININI	1	154550212	162927802	1	canFam2	7
HOMININI	1	162927802	173263229	-1	canFam2	38
HOMININI	1	173263229	180557120	-1	canFam2	7
HOMININI	1	180557120	184208143	1	canFam2	38
HOMININI	1	184208143	193852929	1	canFam2	7
HOMININI	1	193852929	201543741	1	canFam2	38
HOMININI	1	201543741	205131538	-1	canFam2	7
HOMININI	1	205131538	215575105	-1	canFam2	4
HOMININI	1	215575105	223310748	1	canFam2	7
HOMININI	1	0	10894292	-1	capHir1	16
HOMININI	1	10894292	13920159	-1	capHir1	16
HOMININI	1	13920159	30241866	-1	capHir1	2
HOMININI	1	30241866	120968116	-1	capHir1	3
HOMININI	1	120968116	121505709	1	capHir1	3
HOMININI	1	121505709	122679726	-1	capHir1	3
HOMININI	1	123522048	145671962	-1	capHir1	3
HOMININI	1	145671962	151614073	1	capHir1	16
HOMININI	1	151614073	167129651	1	capHir1	16
HOMININI	1	167129651	178585763	-1	capHir1	16
HOMININI	1	178585763	183084653	1	capHir1	16
HOMININI	1	183084653	188981605	1	capHir1	16
HOMININI	1	188981605	202435479	1	capHir1	16
HOMININI	1	202435479	214612335	1	capHir1	28
HOMININI	1	214612335	220873049	-1	capHir1	16
HOMININI	1	220873049	223310748	1	capHir1	7
HOMININI	1	0	59486405	-1	equCab2	2
HOMININI	1	59486405	120608348	-1	equCab2	5
HOMININI	1	120608348	121164080	1	equCab2	5
HOMININI	1	121164080	121505709	1	equCab2	5
HOMININI	1	121505709	122679726	-1	equCab2	5
HOMININI	1	122679726	142848997	-1	equCab2	5
HOMININI	1	142848997	165264738	1	equCab2	5
HOMININI	1	165264738	182269100	1	equCab2	30
HOMININI	1	182269100	186722143	1	equCab2	5
HOMININI	1	186722143	196313909	-1	equCab2	5
HOMININI	1	196313909	206870798	-1	equCab2	30
HOMININI	1	206870798	217469740	-1	equCab2	1
HOMININI	1	217469740	223310748	-1	equCab2	30
HOMININI	1	0	14181823	-1	galGal3	21
HOMININI	1	14181823	66750933	1	galGal3	8
HOMININI	1	66750933	110123968	-1	galGal3	8
HOMININI	1	110123968	114051450	1	galGal3	26
HOMININI	1	114051450	120608348	-1	galGal3	1
HOMININI	1	121895067	122679726	1	galGal3	1
HOMININI	1	123522048	139113293	-1	galGal3	8
HOMININI	1	139113293	178786937	-1	galGal3	3
HOMININI	1	178786937	223310748	-1	galGal3	3
HOMININI	1	0	223310748	1	gorGor3	1
HOMININI	1	0	223310748	1	hg19	1
HOMININI	1	0	62425994	-1	mm10	4
HOMININI	1	62425994	72280266	1	mm10	4
HOMININI	1	72280266	92849478	-1	mm10	3
HOMININI	1	92849478	120608348	-1	mm10	3
HOMININI	1	120608348	121025027	1	mm10	3
HOMININI	1	121025027	121505709	1	mm10	3
HOMININI	1	121895067	122679726	-1	mm10	3
HOMININI	1	123522048	135237732	-1	mm10	3
HOMININI	1	135237732	190615887	-1	mm10	1
HOMININI	1	190615887	206966197	-1	mm10	1
HOMININI	1	206966197	211144520	1	mm10	8
HOMININI	1	211144520	216602993	-1	mm10	13
HOMININI	1	216602993	223310748	1	mm10	1
HOMININI	1	0	9347110	1	monDom5	4
HOMININI	1	9347110	12620135	-1	monDom5	4
HOMININI	1	12620135	15656366	-1	monDom5	4
HOMININI	1	15656366	20728196	-1	monDom5	4
HOMININI	1	20728196	23262847	1	monDom5	4
HOMININI	1	23262847	25391772	1	monDom5	4
HOMININI	1	25391772	30433800	1	monDom5	4
HOMININI	1	30433800	43667643	1	monDom5	4
HOMININI	1	43667643	52548943	-1	monDom5	2
HOMININI	1	52548943	72755729	-1	monDom5	2
HOMININI	1	72755729	82771682	-1	monDom5	2
HOMININI	1	82771682	85264636	1	monDom5	2
HOMININI	1	85264636	90166553	-1	monDom5	2
HOMININI	1	90166553	120608348	1	monDom5	2
HOMININI	1	120608348	121111434	-1	monDom5	2
HOMININI	1	121111434	121505709	-1	monDom5	2
HOMININI	1	121895067	122679726	1	monDom5	2
HOMININI	1	123522048	126582603	1	monDom5	2
HOMININI	1	126582603	131164787	1	monDom5	2
HOMININI	1	131164787	134778409	-1	monDom5	2
HOMININI	1	134778409	161477583	1	monDom5	2
HOMININI	1	161477583	204070977	1	monDom5	2
HOMININI	1	204070977	207082066	1	monDom5	2
HOMININI	1	207082066	223310748	-1	monDom5	2
HOMININI	1	0	4817076	-1	oryCun2	13
HOMININI	1	4817076	13311219	-1	oryCun2	13
HOMININI	1	13311219	19099823	-1	oryCun2	13
HOMININI	1	19099823	121016680	-1	oryCun2	13
HOMININI	1	121016680	121505709	1	oryCun2	13
HOMININI	1	121895067	122679726	-1	oryCun2	13
HOMININI	1	122679726	147291854	-1	oryCun2	13
HOMININI	1	147291854	149870247	1	oryCun2	13
HOMININI	1	149870247	159467305	1	oryCun2	13
HOMININI	1	159467305	205066380	-1	oryCun2	16
HOMININI	1	205066380	212979398	-1	oryCun2	16
HOMININI	1	212979398	216768527	1	oryCun2	16
HOMININI	1	216768527	223310748	-1	oryCun2	16
HOMININI	1	0	110123968	1	panTro3	1
HOMININI	1	110123968	120608348	-1	panTro3	1
HOMININI	1	120608348	121505709	-1	panTro3	1
HOMININI	1	121505709	121895067	1	panTro3	1
HOMININI	1	121895067	122679726	-1	panTro3	1
HOMININI	1	122679726	122988983	1	panTro3	1
HOMININI	1	122988983	123522048	-1	panTro3	1
HOMININI	1	123522048	223310748	1	panTro3	1
HOMININI	1	0	120608348	-1	ponAbe2	1
HOMININI	1	120608348	121082852	1	ponAbe2	1
HOMININI	1	121082852	121109626	-1	ponAbe2	1
HOMININI	1	121109626	121895067	1	ponAbe2	1
HOMININI	1	121895067	122679726	1	ponAbe2	1
HOMININI	1	123522048	223310748	-1	ponAbe2	1
HOMININI	1	0	120608348	1	rheMac3	1
HOMININI	1	120608348	120920956	-1	rheMac3	1
HOMININI	1	120920956	121505709	-1	rheMac3	1
HOMININI	1	121505709	137370585	1	rheMac3	1
HOMININI	1	137370585	152919017	1	rheMac3	1
HOMININI	1	152919017	202560580	-1	rheMac3	1
HOMININI	1	202560580	223310748	-1	rheMac3	1
HOMININI	1	0	55371256	-1	rn4	5
HOMININI	1	55371256	66307206	1	rn4	5
HOMININI	1	66307206	87806078	-1	rn4	2
HOMININI	1	87806078	91026177	-1	rn4	14
HOMININI	1	91026177	120608348	-1	rn4	2
HOMININI	1	120608348	121023522	1	rn4	2
HOMININI	1	121023522	121505709	1	rn4	2
HOMININI	1	121895067	122679726	-1	rn4	2
HOMININI	1	123522048	137724061	-1	rn4	2
HOMININI	1	137724061	192891972	-1	rn4	13
HOMININI	1	192891972	208117942	-1	rn4	13
HOMININI	1	208117942	211536156	1	rn4	19
HOMININI	1	211536156	217053373	1	rn4	17
HOMININI	1	217053373	223310748	1	rn4	13
HOMININI	1	0	33052467	1	susScr2	6
HOMININI	1	33052467	80788706	-1	susScr2	6
HOMININI	1	80788706	120859610	-1	susScr2	4
HOMININI	1	120859610	121505709	1	susScr2	4
HOMININI	1	121895067	122679726	-1	susScr2	4
HOMININI	1	122679726	152743402	-1	susScr2	4
HOMININI	1	152743402	172414572	1	susScr2	9
HOMININI	1	172414572	177827137	-1	susScr2	10
HOMININI	1	177827137	184803199	1	susScr2	10
HOMININI	1	184803199	194769971	-1	susScr2	9
HOMININI	1	194769971	203539398	1	susScr2	10
HOMININI	1	203539398	217960723	-1	susScr2	14
HOMININI	1	217960723	223310748	1	susScr2	10
HOMININI	1	0	10906328	-1	bosTau7	16
HOMININI	1	10906328	13736256	-1	bosTau7	16
HOMININI	1	13736256	29637218	-1	bosTau7	2
HOMININI	1	29637218	120608348	-1	bosTau7	3
HOMININI	1	120608348	121109134	1	bosTau7	3
HOMININI	1	121109134	121505709	1	bosTau7	3
HOMININI	1	121505709	122679726	-1	bosTau7	3
HOMININI	1	122679726	146395867	-1	bosTau7	3
HOMININI	1	146395867	151019574	1	bosTau7	16
HOMININI	1	151019574	165692217	1	bosTau7	16
HOMININI	1	165692217	180010045	-1	bosTau7	16
HOMININI	1	180010045	183887548	1	bosTau7	16
HOMININI	1	183887548	188040643	1	bosTau7	16
HOMININI	1	188040643	196561970	-1	bosTau7	16
HOMININI	1	196561970	206874385	1	bosTau7	16
HOMININI	1	206874385	214902324	1	bosTau7	28
HOMININI	1	214902324	221058205	-1	bosTau7	16
HOMININI	1	221058205	223310748	1	bosTau7	7
HOMININI	1	0	120064953	1	calJac3	7
HOMININI	1	120064953	120608348	1	calJac3	18
HOMININI	1	120608348	121021029	-1	calJac3	18
HOMININI	1	121021029	121505709	1	calJac3	18
HOMININI	1	121895067	122679726	-1	calJac3	18
HOMININI	1	122679726	137346192	1	calJac3	18
HOMININI	1	137346192	165857956	-1	calJac3	18
HOMININI	1	165857956	171508419	1	calJac3	18
HOMININI	1	171508419	186718485	1	calJac3	19
HOMININI	1	186718485	203393095	-1	calJac3	19
HOMININI	1	203393095	205673307	-1	calJac3	19
HOMININI	1	205673307	223310748	-1	calJac3	19
HOMININI	1	0	9085106	1	canFam2	5
HOMININI	1	9085106	30712219	-1	canFam2	2
HOMININI	1	30712219	40345380	-1	canFam2	15
HOMININI	1	40345380	50690428	-1	canFam2	15
HOMININI	1	50690428	66606116	-1	canFam2	5
HOMININI	1	66606116	111977672	-1	canFam2	6
HOMININI	1	111977672	114157921	-1	canFam2	17
HOMININI	1	114157921	120608348	1	canFam2	17
HOMININI	1	120608348	121026454	-1	canFam2	17
HOMININI	1	121026454	121505709	-1	canFam2	17
HOMININI	1	121505709	122679726	1	canFam2	17
HOMININI	1	123522048	127571622	1	canFam2	17
HOMININI	1	127571622	131553441	-1	canFam2	7
HOMININI	1	131553441	139966276	-1	canFam2	38
HOMININI	1	139966276	154550212	-1	canFam2	7
HOMININI	1	154550212	162927802	1	canFam2	7
HOMININI	1	162927802	173263229	-1	canFam2	38
HOMININI	1	173263229	180557120	-1	canFam2	7
HOMININI	1	180557120	184208143	1	canFam2	38
HOMININI	1	184208143	193852929	1	canFam2	7
HOMININI	1	193852929	201543741	1	canFam2	38
HOMININI	1	201543741	205131538	-1	canFam2	7
HOMININI	1	205131538	215575105	-1	canFam2	4
HOMININI	1	215575105	223310748	1	canFam2	7
HOMININI	1	0	10894292	-1	capHir1	16
HOMININI	1	10894292	13920159	-1	capHir1	16
HOMININI	1	13920159	30241866	-1	capHir1	2
HOMININI	1	30241866	120968116	-1	capHir1	3
HOMININI	1	120968116	121505709	1	capHir1	3
HOMININI	1	121505709	122679726	-1	capHir1	3
HOMININI	1	123522048	145671962	-1	capHir1	3
HOMININI	1	145671962	151614073	1	capHir1	16
HOMININI	1	151614073	167129651	1	capHir1	16
HOMININI	1	167129651	178585763	-1	capHir1	16
HOMININI	1	178585763	183084653	1	capHir1	16
HOMININI	1	183084653	188981605	1	capHir1	16
HOMININI	1	188981605	202435479	1	capHir1	16
HOMININI	1	202435479	214612335	1	capHir1	28
HOMININI	1	214612335	220873049	-1	capHir1	16
HOMININI	1	220873049	223310748	1	capHir1	7
HOMININI	1	0	59486405	-1	equCab2	2
HOMININI	1	59486405	120608348	-1	equCab2	5
HOMININI	1	120608348	121164080	1	equCab2	5
HOMININI	1	121164080	121505709	1	equCab2	5
HOMININI	1	121505709	122679726	-1	equCab2	5
HOMININI	1	122679726	142848997	-1	equCab2	5
HOMININI	1	142848997	165264738	1	equCab2	5
HOMININI	1	165264738	182269100	1	equCab2	30
HOMININI	1	182269100	186722143	1	equCab2	5
HOMININI	1	186722143	196313909	-1	equCab2	5
HOMININI	1	196313909	206870798	-1	equCab2	30
HOMININI	1	206870798	217469740	-1	equCab2	1
HOMININI	1	217469740	223310748	-1	equCab2	30
HOMININI	1	0	14181823	-1	galGal3	21
HOMININI	1	14181823	66750933	1	galGal3	8
HOMININI	1	66750933	110123968	-1	galGal3	8
HOMININI	1	110123968	114051450	1	galGal3	26
HOMININI	1	114051450	120608348	-1	galGal3	1
HOMININI	1	121895067	122679726	1	galGal3	1
HOMININI	1	123522048	139113293	-1	galGal3	8
HOMININI	1	139113293	178786937	-1	galGal3	3
HOMININI	1	178786937	223310748	-1	galGal3	3
HOMININI	1	0	223310748	1	gorGor3	1
HOMININI	1	0	223310748	1	hg19	1
HOMININI	1	0	62425994	-1	mm10	4
HOMININI	1	62425994	72280266	1	mm10	4
HOMININI	1	72280266	92849478	-1	mm10	3
HOMININI	1	92849478	120608348	-1	mm10	3
HOMININI	1	120608348	121025027	1	mm10	3
HOMININI	1	121025027	121505709	1	mm10	3
HOMININI	1	121895067	122679726	-1	mm10	3
HOMININI	1	123522048	135237732	-1	mm10	3
HOMININI	1	135237732	190615887	-1	mm10	1
HOMININI	1	190615887	206966197	-1	mm10	1
HOMININI	1	206966197	211144520	1	mm10	8
HOMININI	1	211144520	216602993	-1	mm10	13
HOMININI	1	216602993	223310748	1	mm10	1
HOMININI	1	0	9347110	1	monDom5	4
HOMININI	1	9347110	12620135	-1	monDom5	4
HOMININI	1	12620135	15656366	-1	monDom5	4
HOMININI	1	15656366	20728196	-1	monDom5	4
HOMININI	1	20728196	23262847	1	monDom5	4
HOMININI	1	23262847	25391772	1	monDom5	4
HOMININI	1	25391772	30433800	1	monDom5	4
HOMININI	1	30433800	43667643	1	monDom5	4
HOMININI	1	43667643	52548943	-1	monDom5	2
HOMININI	1	52548943	72755729	-1	monDom5	2
HOMININI	1	72755729	82771682	-1	monDom5	2
HOMININI	1	82771682	85264636	1	monDom5	2
HOMININI	1	85264636	90166553	-1	monDom5	2
HOMININI	1	90166553	120608348	1	monDom5	2
HOMININI	1	120608348	121111434	-1	monDom5	2
HOMININI	1	121111434	121505709	-1	monDom5	2
HOMININI	1	121895067	122679726	1	monDom5	2
HOMININI	1	123522048	126582603	1	monDom5	2
HOMININI	1	126582603	131164787	1	monDom5	2
HOMININI	1	131164787	134778409	-1	monDom5	2
HOMININI	1	134778409	161477583	1	monDom5	2
HOMININI	1	161477583	204070977	1	monDom5	2
HOMININI	1	204070977	207082066	1	monDom5	2
HOMININI	1	207082066	223310748	-1	monDom5	2
HOMININI	1	0	4817076	-1	oryCun2	13
HOMININI	1	4817076	13311219	-1	oryCun2	13
HOMININI	1	13311219	19099823	-1	oryCun2	13
HOMININI	1	19099823	121016680	-1	oryCun2	13
HOMININI	1	121016680	121505709	1	oryCun2	13
HOMININI	1	121895067	122679726	-1	oryCun2	13
HOMININI	1	122679726	147291854	-1	oryCun2	13
HOMININI	1	147291854	149870247	1	oryCun2	13
HOMININI	1	149870247	159467305	1	oryCun2	13
HOMININI	1	159467305	205066380	-1	oryCun2	16
HOMININI	1	205066380	212979398	-1	oryCun2	16
HOMININI	1	212979398	216768527	1	oryCun2	16
HOMININI	1	216768527	223310748	-1	oryCun2	16
HOMININI	1	0	110123968	1	panTro3	1
HOMININI	1	110123968	120608348	-1	panTro3	1
HOMININI	1	120608348	121505709	-1	panTro3	1
HOMININI	1	121505709	121895067	1	panTro3	1
HOMININI	1	121895067	122679726	-1	panTro3	1
HOMININI	1	122679726	122988983	1	panTro3	1
HOMININI	1	122988983	123522048	-1	panTro3	1
HOMININI	1	123522048	223310748	1	panTro3	1
HOMININI	1	0	120608348	-1	ponAbe2	1
HOMININI	1	120608348	121082852	1	ponAbe2	1
HOMININI	1	121082852	121109626	-1	ponAbe2	1
HOMININI	1	121109626	121895067	1	ponAbe2	1
HOMININI	1	121895067	122679726	1	ponAbe2	1
HOMININI	1	123522048	223310748	-1	ponAbe2	1
HOMININI	1	0	120608348	1	rheMac3	1
HOMININI	1	120608348	120920956	-1	rheMac3	1
HOMININI	1	120920956	121505709	-1	rheMac3	1
HOMININI	1	121505709	137370585	1	rheMac3	1
HOMININI	1	137370585	152919017	1	rheMac3	1
HOMININI	1	152919017	202560580	-1	rheMac3	1
HOMININI	1	202560580	223310748	-1	rheMac3	1
HOMININI	1	0	55371256	-1	rn4	5
HOMININI	1	55371256	66307206	1	rn4	5
HOMININI	1	66307206	87806078	-1	rn4	2
HOMININI	1	87806078	91026177	-1	rn4	14
HOMININI	1	91026177	120608348	-1	rn4	2
HOMININI	1	120608348	121023522	1	rn4	2
HOMININI	1	121023522	121505709	1	rn4	2
HOMININI	1	121895067	122679726	-1	rn4	2
HOMININI	1	123522048	137724061	-1	rn4	2
HOMININI	1	137724061	192891972	-1	rn4	13
HOMININI	1	192891972	208117942	-1	rn4	13
HOMININI	1	208117942	211536156	1	rn4	19
HOMININI	1	211536156	217053373	1	rn4	17
HOMININI	1	217053373	223310748	1	rn4	13
HOMININI	1	0	33052467	1	susScr2	6
HOMININI	1	33052467	80788706	-1	susScr2	6
HOMININI	1	80788706	120859610	-1	susScr2	4
HOMININI	1	120859610	121505709	1	susScr2	4
HOMININI	1	121895067	122679726	-1	susScr2	4
HOMININI	1	122679726	152743402	-1	susScr2	4
HOMININI	1	152743402	172414572	1	susScr2	9
HOMININI	1	172414572	177827137	-1	susScr2	10
HOMININI	1	177827137	184803199	1	susScr2	10
HOMININI	1	184803199	194769971	-1	susScr2	9
HOMININI	1	194769971	203539398	1	susScr2	10
HOMININI	1	203539398	217960723	-1	susScr2	14
HOMININI	1	217960723	223310748	1	susScr2	10
