HOMININI	8	0	441001	-1	bosTau7	27
HOMININI	8	441001	5563689	1	bosTau7	27
HOMININI	8	5563689	6023504	-1	bosTau7	27
HOMININI	8	6023504	7445875	1	bosTau7	27
HOMININI	8	7445875	8027419	-1	bosTau7	8
HOMININI	8	8027419	15108167	-1	bosTau7	27
HOMININI	8	15108167	26929511	1	bosTau7	8
HOMININI	8	26929511	43243837	1	bosTau7	27
HOMININI	8	43243837	70927653	1	bosTau7	14
HOMININI	8	70927653	120137538	-1	bosTau7	14
HOMININI	8	120137538	141814153	-1	bosTau7	14
HOMININI	8	0	7445875	1	calJac3	13
HOMININI	8	7445875	8027419	-1	calJac3	13
HOMININI	8	8027419	25126624	-1	calJac3	13
HOMININI	8	25126624	40042881	1	calJac3	13
HOMININI	8	40042881	92279437	1	calJac3	16
HOMININI	8	92279437	141814153	-1	calJac3	16
HOMININI	8	0	1145131	1	canFam2	37
HOMININI	8	1145131	5467865	1	canFam2	16
HOMININI	8	5467865	5908598	-1	canFam2	16
HOMININI	8	5908598	7445875	1	canFam2	16
HOMININI	8	7445875	8027419	-1	canFam2	25
HOMININI	8	8027419	14534744	1	canFam2	16
HOMININI	8	14534744	25828090	-1	canFam2	25
HOMININI	8	25828090	40608087	-1	canFam2	16
HOMININI	8	40608087	93426405	1	canFam2	29
HOMININI	8	93426405	141814153	1	canFam2	13
HOMININI	8	0	7445875	1	capHir1	27
HOMININI	8	7445875	8027419	-1	capHir1	8
HOMININI	8	8027419	14417234	-1	capHir1	27
HOMININI	8	14417234	24988395	1	capHir1	8
HOMININI	8	24988395	40126068	1	capHir1	27
HOMININI	8	40126068	73185947	1	capHir1	14
HOMININI	8	73185947	117978548	-1	capHir1	14
HOMININI	8	117978548	141814153	-1	capHir1	14
HOMININI	8	0	5410650	-1	equCab2	27
HOMININI	8	5410650	5754206	1	equCab2	27
HOMININI	8	5754206	7445875	-1	equCab2	27
HOMININI	8	7445875	8027419	1	equCab2	2
HOMININI	8	8027419	14092909	1	equCab2	27
HOMININI	8	14092909	25091113	1	equCab2	2
HOMININI	8	25091113	39072494	-1	equCab2	27
HOMININI	8	39072494	83533645	-1	equCab2	9
HOMININI	8	83533645	141814153	1	equCab2	9
HOMININI	8	0	7445875	-1	galGal3	3
HOMININI	8	8027419	141814153	1	galGal3	2
HOMININI	8	0	141814153	1	gorGor3	8
HOMININI	8	0	141814153	1	hg19	8
HOMININI	8	0	5792075	1	mm10	8
HOMININI	8	5792075	6317457	-1	mm10	8
HOMININI	8	6317457	7445875	1	mm10	8
HOMININI	8	7445875	8027419	-1	mm10	14
HOMININI	8	8027419	14192621	1	mm10	8
HOMININI	8	14192621	23452588	-1	mm10	14
HOMININI	8	23452588	36079634	-1	mm10	8
HOMININI	8	36079634	41033056	-1	mm10	1
HOMININI	8	41033056	48447171	1	mm10	4
HOMININI	8	48447171	52855549	1	mm10	3
HOMININI	8	52855549	62875929	1	mm10	1
HOMININI	8	62875929	77047667	1	mm10	3
HOMININI	8	77047667	89184472	-1	mm10	4
HOMININI	8	89184472	141814153	1	mm10	15
HOMININI	8	0	5177364	1	monDom5	1
HOMININI	8	5177364	5403401	-1	monDom5	1
HOMININI	8	5403401	7445875	1	monDom5	1
HOMININI	8	8027419	11889869	1	monDom5	1
HOMININI	8	11889869	15759205	-1	monDom5	1
HOMININI	8	15759205	26363610	1	monDom5	1
HOMININI	8	26363610	42110811	-1	monDom5	3
HOMININI	8	42110811	68591967	-1	monDom5	3
HOMININI	8	68591967	137314750	1	monDom5	3
HOMININI	8	137314750	141814153	1	monDom5	3
HOMININI	8	7445875	8027419	-1	oryCun2	2
HOMININI	8	8027419	11519599	-1	oryCun2	2
HOMININI	8	11519599	19045142	-1	oryCun2	2
HOMININI	8	19045142	28072310	-1	oryCun2	2
HOMININI	8	28072310	141814153	1	oryCun2	3
HOMININI	8	0	7445875	1	panTro3	8
HOMININI	8	7445875	8027419	-1	panTro3	8
HOMININI	8	8027419	141814153	1	panTro3	8
HOMININI	8	0	7445875	1	ponAbe2	8
HOMININI	8	7445875	8027419	-1	ponAbe2	8
HOMININI	8	8027419	141814153	1	ponAbe2	8
HOMININI	8	0	7192991	1	rheMac3	8
HOMININI	8	7192991	7445875	-1	rheMac3	8
HOMININI	8	7445875	8027419	-1	rheMac3	8
HOMININI	8	8027419	141814153	1	rheMac3	8
HOMININI	8	0	5728955	-1	rn4	16
HOMININI	8	5728955	6283112	1	rn4	16
HOMININI	8	6283112	7445875	-1	rn4	16
HOMININI	8	8027419	14039951	-1	rn4	16
HOMININI	8	14039951	23968997	-1	rn4	15
HOMININI	8	23968997	36051247	1	rn4	16
HOMININI	8	36051247	48652256	1	rn4	5
HOMININI	8	48652256	53197832	1	rn4	2
HOMININI	8	53197832	63438316	-1	rn4	5
HOMININI	8	63438316	77763788	-1	rn4	2
HOMININI	8	77763788	89809460	-1	rn4	5
HOMININI	8	89809460	141814153	1	rn4	7
HOMININI	8	0	7445875	1	susScr2	15
HOMININI	8	8027419	14820776	1	susScr2	17
HOMININI	8	14820776	26934582	1	susScr2	14
HOMININI	8	26934582	37310153	-1	susScr2	15
HOMININI	8	37310153	141814153	-1	susScr2	4
HOMININI	8	0	441001	-1	bosTau7	27
HOMININI	8	441001	5563689	1	bosTau7	27
HOMININI	8	5563689	6023504	-1	bosTau7	27
HOMININI	8	6023504	7445875	1	bosTau7	27
HOMININI	8	7445875	8027419	-1	bosTau7	8
HOMININI	8	8027419	15108167	-1	bosTau7	27
HOMININI	8	15108167	26929511	1	bosTau7	8
HOMININI	8	26929511	43243837	1	bosTau7	27
HOMININI	8	43243837	70927653	1	bosTau7	14
HOMININI	8	70927653	120137538	-1	bosTau7	14
HOMININI	8	120137538	141814153	-1	bosTau7	14
HOMININI	8	0	7445875	1	calJac3	13
HOMININI	8	7445875	8027419	-1	calJac3	13
HOMININI	8	8027419	25126624	-1	calJac3	13
HOMININI	8	25126624	40042881	1	calJac3	13
HOMININI	8	40042881	92279437	1	calJac3	16
HOMININI	8	92279437	141814153	-1	calJac3	16
HOMININI	8	0	1145131	1	canFam2	37
HOMININI	8	1145131	5467865	1	canFam2	16
HOMININI	8	5467865	5908598	-1	canFam2	16
HOMININI	8	5908598	7445875	1	canFam2	16
HOMININI	8	7445875	8027419	-1	canFam2	25
HOMININI	8	8027419	14534744	1	canFam2	16
HOMININI	8	14534744	25828090	-1	canFam2	25
HOMININI	8	25828090	40608087	-1	canFam2	16
HOMININI	8	40608087	93426405	1	canFam2	29
HOMININI	8	93426405	141814153	1	canFam2	13
HOMININI	8	0	7445875	1	capHir1	27
HOMININI	8	7445875	8027419	-1	capHir1	8
HOMININI	8	8027419	14417234	-1	capHir1	27
HOMININI	8	14417234	24988395	1	capHir1	8
HOMININI	8	24988395	40126068	1	capHir1	27
HOMININI	8	40126068	73185947	1	capHir1	14
HOMININI	8	73185947	117978548	-1	capHir1	14
HOMININI	8	117978548	141814153	-1	capHir1	14
HOMININI	8	0	5410650	-1	equCab2	27
HOMININI	8	5410650	5754206	1	equCab2	27
HOMININI	8	5754206	7445875	-1	equCab2	27
HOMININI	8	7445875	8027419	1	equCab2	2
HOMININI	8	8027419	14092909	1	equCab2	27
HOMININI	8	14092909	25091113	1	equCab2	2
HOMININI	8	25091113	39072494	-1	equCab2	27
HOMININI	8	39072494	83533645	-1	equCab2	9
HOMININI	8	83533645	141814153	1	equCab2	9
HOMININI	8	0	7445875	-1	galGal3	3
HOMININI	8	8027419	141814153	1	galGal3	2
HOMININI	8	0	141814153	1	gorGor3	8
HOMININI	8	0	141814153	1	hg19	8
HOMININI	8	0	5792075	1	mm10	8
HOMININI	8	5792075	6317457	-1	mm10	8
HOMININI	8	6317457	7445875	1	mm10	8
HOMININI	8	7445875	8027419	-1	mm10	14
HOMININI	8	8027419	14192621	1	mm10	8
HOMININI	8	14192621	23452588	-1	mm10	14
HOMININI	8	23452588	36079634	-1	mm10	8
HOMININI	8	36079634	41033056	-1	mm10	1
HOMININI	8	41033056	48447171	1	mm10	4
HOMININI	8	48447171	52855549	1	mm10	3
HOMININI	8	52855549	62875929	1	mm10	1
HOMININI	8	62875929	77047667	1	mm10	3
HOMININI	8	77047667	89184472	-1	mm10	4
HOMININI	8	89184472	141814153	1	mm10	15
HOMININI	8	0	5177364	1	monDom5	1
HOMININI	8	5177364	5403401	-1	monDom5	1
HOMININI	8	5403401	7445875	1	monDom5	1
HOMININI	8	8027419	11889869	1	monDom5	1
HOMININI	8	11889869	15759205	-1	monDom5	1
HOMININI	8	15759205	26363610	1	monDom5	1
HOMININI	8	26363610	42110811	-1	monDom5	3
HOMININI	8	42110811	68591967	-1	monDom5	3
HOMININI	8	68591967	137314750	1	monDom5	3
HOMININI	8	137314750	141814153	1	monDom5	3
HOMININI	8	7445875	8027419	-1	oryCun2	2
HOMININI	8	8027419	11519599	-1	oryCun2	2
HOMININI	8	11519599	19045142	-1	oryCun2	2
HOMININI	8	19045142	28072310	-1	oryCun2	2
HOMININI	8	28072310	141814153	1	oryCun2	3
HOMININI	8	0	7445875	1	panTro3	8
HOMININI	8	7445875	8027419	-1	panTro3	8
HOMININI	8	8027419	141814153	1	panTro3	8
HOMININI	8	0	7445875	1	ponAbe2	8
HOMININI	8	7445875	8027419	-1	ponAbe2	8
HOMININI	8	8027419	141814153	1	ponAbe2	8
HOMININI	8	0	7192991	1	rheMac3	8
HOMININI	8	7192991	7445875	-1	rheMac3	8
HOMININI	8	7445875	8027419	-1	rheMac3	8
HOMININI	8	8027419	141814153	1	rheMac3	8
HOMININI	8	0	5728955	-1	rn4	16
HOMININI	8	5728955	6283112	1	rn4	16
HOMININI	8	6283112	7445875	-1	rn4	16
HOMININI	8	8027419	14039951	-1	rn4	16
HOMININI	8	14039951	23968997	-1	rn4	15
HOMININI	8	23968997	36051247	1	rn4	16
HOMININI	8	36051247	48652256	1	rn4	5
HOMININI	8	48652256	53197832	1	rn4	2
HOMININI	8	53197832	63438316	-1	rn4	5
HOMININI	8	63438316	77763788	-1	rn4	2
HOMININI	8	77763788	89809460	-1	rn4	5
HOMININI	8	89809460	141814153	1	rn4	7
HOMININI	8	0	7445875	1	susScr2	15
HOMININI	8	8027419	14820776	1	susScr2	17
HOMININI	8	14820776	26934582	1	susScr2	14
HOMININI	8	26934582	37310153	-1	susScr2	15
HOMININI	8	37310153	141814153	-1	susScr2	4
HOMININI	8	0	441001	-1	bosTau7	27
HOMININI	8	441001	5563689	1	bosTau7	27
HOMININI	8	5563689	6023504	-1	bosTau7	27
HOMININI	8	6023504	7445875	1	bosTau7	27
HOMININI	8	7445875	8027419	-1	bosTau7	8
HOMININI	8	8027419	15108167	-1	bosTau7	27
HOMININI	8	15108167	26929511	1	bosTau7	8
HOMININI	8	26929511	43243837	1	bosTau7	27
HOMININI	8	43243837	70927653	1	bosTau7	14
HOMININI	8	70927653	120137538	-1	bosTau7	14
HOMININI	8	120137538	141814153	-1	bosTau7	14
HOMININI	8	0	7445875	1	calJac3	13
HOMININI	8	7445875	8027419	-1	calJac3	13
HOMININI	8	8027419	25126624	-1	calJac3	13
HOMININI	8	25126624	40042881	1	calJac3	13
HOMININI	8	40042881	92279437	1	calJac3	16
HOMININI	8	92279437	141814153	-1	calJac3	16
HOMININI	8	0	1145131	1	canFam2	37
HOMININI	8	1145131	5467865	1	canFam2	16
HOMININI	8	5467865	5908598	-1	canFam2	16
HOMININI	8	5908598	7445875	1	canFam2	16
HOMININI	8	7445875	8027419	-1	canFam2	25
HOMININI	8	8027419	14534744	1	canFam2	16
HOMININI	8	14534744	25828090	-1	canFam2	25
HOMININI	8	25828090	40608087	-1	canFam2	16
HOMININI	8	40608087	93426405	1	canFam2	29
HOMININI	8	93426405	141814153	1	canFam2	13
HOMININI	8	0	7445875	1	capHir1	27
HOMININI	8	7445875	8027419	-1	capHir1	8
HOMININI	8	8027419	14417234	-1	capHir1	27
HOMININI	8	14417234	24988395	1	capHir1	8
HOMININI	8	24988395	40126068	1	capHir1	27
HOMININI	8	40126068	73185947	1	capHir1	14
HOMININI	8	73185947	117978548	-1	capHir1	14
HOMININI	8	117978548	141814153	-1	capHir1	14
HOMININI	8	0	5410650	-1	equCab2	27
HOMININI	8	5410650	5754206	1	equCab2	27
HOMININI	8	5754206	7445875	-1	equCab2	27
HOMININI	8	7445875	8027419	1	equCab2	2
HOMININI	8	8027419	14092909	1	equCab2	27
HOMININI	8	14092909	25091113	1	equCab2	2
HOMININI	8	25091113	39072494	-1	equCab2	27
HOMININI	8	39072494	83533645	-1	equCab2	9
HOMININI	8	83533645	141814153	1	equCab2	9
HOMININI	8	0	7445875	-1	galGal3	3
HOMININI	8	8027419	141814153	1	galGal3	2
HOMININI	8	0	141814153	1	gorGor3	8
HOMININI	8	0	141814153	1	hg19	8
HOMININI	8	0	5792075	1	mm10	8
HOMININI	8	5792075	6317457	-1	mm10	8
HOMININI	8	6317457	7445875	1	mm10	8
HOMININI	8	7445875	8027419	-1	mm10	14
HOMININI	8	8027419	14192621	1	mm10	8
HOMININI	8	14192621	23452588	-1	mm10	14
HOMININI	8	23452588	36079634	-1	mm10	8
HOMININI	8	36079634	41033056	-1	mm10	1
HOMININI	8	41033056	48447171	1	mm10	4
HOMININI	8	48447171	52855549	1	mm10	3
HOMININI	8	52855549	62875929	1	mm10	1
HOMININI	8	62875929	77047667	1	mm10	3
HOMININI	8	77047667	89184472	-1	mm10	4
HOMININI	8	89184472	141814153	1	mm10	15
HOMININI	8	0	5177364	1	monDom5	1
HOMININI	8	5177364	5403401	-1	monDom5	1
HOMININI	8	5403401	7445875	1	monDom5	1
HOMININI	8	8027419	11889869	1	monDom5	1
HOMININI	8	11889869	15759205	-1	monDom5	1
HOMININI	8	15759205	26363610	1	monDom5	1
HOMININI	8	26363610	42110811	-1	monDom5	3
HOMININI	8	42110811	68591967	-1	monDom5	3
HOMININI	8	68591967	137314750	1	monDom5	3
HOMININI	8	137314750	141814153	1	monDom5	3
HOMININI	8	7445875	8027419	-1	oryCun2	2
HOMININI	8	8027419	11519599	-1	oryCun2	2
HOMININI	8	11519599	19045142	-1	oryCun2	2
HOMININI	8	19045142	28072310	-1	oryCun2	2
HOMININI	8	28072310	141814153	1	oryCun2	3
HOMININI	8	0	7445875	1	panTro3	8
HOMININI	8	7445875	8027419	-1	panTro3	8
HOMININI	8	8027419	141814153	1	panTro3	8
HOMININI	8	0	7445875	1	ponAbe2	8
HOMININI	8	7445875	8027419	-1	ponAbe2	8
HOMININI	8	8027419	141814153	1	ponAbe2	8
HOMININI	8	0	7192991	1	rheMac3	8
HOMININI	8	7192991	7445875	-1	rheMac3	8
HOMININI	8	7445875	8027419	-1	rheMac3	8
HOMININI	8	8027419	141814153	1	rheMac3	8
HOMININI	8	0	5728955	-1	rn4	16
HOMININI	8	5728955	6283112	1	rn4	16
HOMININI	8	6283112	7445875	-1	rn4	16
HOMININI	8	8027419	14039951	-1	rn4	16
HOMININI	8	14039951	23968997	-1	rn4	15
HOMININI	8	23968997	36051247	1	rn4	16
HOMININI	8	36051247	48652256	1	rn4	5
HOMININI	8	48652256	53197832	1	rn4	2
HOMININI	8	53197832	63438316	-1	rn4	5
HOMININI	8	63438316	77763788	-1	rn4	2
HOMININI	8	77763788	89809460	-1	rn4	5
HOMININI	8	89809460	141814153	1	rn4	7
HOMININI	8	0	7445875	1	susScr2	15
HOMININI	8	8027419	14820776	1	susScr2	17
HOMININI	8	14820776	26934582	1	susScr2	14
HOMININI	8	26934582	37310153	-1	susScr2	15
HOMININI	8	37310153	141814153	-1	susScr2	4
