HOMININI	18	0	13654772	1	bosTau7	19
HOMININI	18	13654772	14415997	1	bosTau7	19
HOMININI	18	14415997	15916246	-1	bosTau7	19
HOMININI	18	15916246	18453383	-1	bosTau7	19
HOMININI	18	18453383	20670905	1	bosTau7	19
HOMININI	18	20670905	31602689	-1	bosTau7	19
HOMININI	18	31602689	36339806	1	bosTau7	19
HOMININI	18	36339806	46434040	-1	bosTau7	19
HOMININI	18	46434040	48624030	-1	bosTau7	19
HOMININI	18	48624030	56673240	1	bosTau7	19
HOMININI	18	56673240	61132973	-1	bosTau7	19
HOMININI	18	61132973	63940962	1	bosTau7	19
HOMININI	18	63940962	74476468	-1	bosTau7	19
HOMININI	18	74476468	76723962	1	bosTau7	19
HOMININI	18	76723962	79838314	-1	bosTau7	19
HOMININI	18	79838314	81062279	1	bosTau7	19
HOMININI	18	0	15616343	-1	calJac3	5
HOMININI	18	15616343	16357521	-1	calJac3	5
HOMININI	18	16357521	18572777	1	calJac3	5
HOMININI	18	18572777	21120722	-1	calJac3	5
HOMININI	18	21120722	23343273	1	calJac3	5
HOMININI	18	23343273	24461558	-1	calJac3	5
HOMININI	18	24461558	36160639	1	calJac3	5
HOMININI	18	36160639	37368159	-1	calJac3	5
HOMININI	18	37368159	40070882	-1	calJac3	5
HOMININI	18	40070882	45589865	-1	calJac3	5
HOMININI	18	45589865	47438914	-1	calJac3	5
HOMININI	18	47438914	58725175	1	calJac3	5
HOMININI	18	58725175	59923764	-1	calJac3	5
HOMININI	18	59923764	74480592	1	calJac3	5
HOMININI	18	74480592	76860673	-1	calJac3	5
HOMININI	18	76860673	78407554	-1	calJac3	5
HOMININI	18	78407554	80450221	1	calJac3	5
HOMININI	18	80450221	81062279	-1	calJac3	5
HOMININI	18	0	9684115	1	canFam2	9
HOMININI	18	9684115	13387316	-1	canFam2	9
HOMININI	18	13387316	16711807	1	canFam2	9
HOMININI	18	16711807	19484155	-1	canFam2	9
HOMININI	18	19484155	22016797	1	canFam2	9
HOMININI	18	22016797	36191777	-1	canFam2	9
HOMININI	18	36191777	45390684	1	canFam2	9
HOMININI	18	45390684	47298193	-1	canFam2	9
HOMININI	18	47298193	54068796	1	canFam2	9
HOMININI	18	54068796	58595217	-1	canFam2	9
HOMININI	18	58595217	62741805	1	canFam2	5
HOMININI	18	62741805	74473807	-1	canFam2	5
HOMININI	18	74473807	76112085	1	canFam2	5
HOMININI	18	76112085	76738439	-1	canFam2	5
HOMININI	18	76738439	79790707	-1	canFam2	9
HOMININI	18	79790707	81062279	1	canFam2	9
HOMININI	18	0	13545064	1	capHir1	19
HOMININI	18	13545064	15247564	-1	capHir1	19
HOMININI	18	15247564	18046596	-1	capHir1	19
HOMININI	18	18046596	20278419	1	capHir1	19
HOMININI	18	20278419	31626624	-1	capHir1	19
HOMININI	18	31626624	36558925	1	capHir1	19
HOMININI	18	36558925	47362269	-1	capHir1	19
HOMININI	18	47362269	49590124	-1	capHir1	19
HOMININI	18	49590124	57484383	1	capHir1	19
HOMININI	18	57484383	62180448	-1	capHir1	19
HOMININI	18	62180448	63643531	1	capHir1	19
HOMININI	18	63643531	74597050	-1	capHir1	19
HOMININI	18	74597050	76128285	1	capHir1	19
HOMININI	18	76128285	79796233	-1	capHir1	19
HOMININI	18	79796233	81062279	1	capHir1	19
HOMININI	18	0	15100856	1	equCab2	11
HOMININI	18	15100856	18148278	-1	equCab2	11
HOMININI	18	18148278	20772468	1	equCab2	11
HOMININI	18	20772468	23006692	1	equCab2	11
HOMININI	18	23006692	36094828	-1	equCab2	11
HOMININI	18	36094828	45087247	1	equCab2	11
HOMININI	18	45087247	47018496	-1	equCab2	11
HOMININI	18	47018496	53918252	1	equCab2	11
HOMININI	18	53918252	57669078	-1	equCab2	11
HOMININI	18	57669078	62033773	1	equCab2	11
HOMININI	18	62033773	74476890	-1	equCab2	11
HOMININI	18	74476890	76423870	1	equCab2	11
HOMININI	18	76423870	79987250	-1	equCab2	11
HOMININI	18	79987250	81062279	1	equCab2	11
HOMININI	18	0	5243765	1	galGal3	18
HOMININI	18	5243765	14490171	-1	galGal3	18
HOMININI	18	14490171	20205333	1	galGal3	18
HOMININI	18	20205333	24946465	1	galGal3	19
HOMININI	18	24946465	33441776	-1	galGal3	18
HOMININI	18	33441776	54056490	-1	galGal3	27
HOMININI	18	54056490	73131285	-1	galGal3	18
HOMININI	18	73131285	74032184	-1	galGal3	19
HOMININI	18	74032184	76688593	1	galGal3	19
HOMININI	18	76688593	78010979	-1	galGal3	19
HOMININI	18	78010979	80151792	-1	galGal3	19
HOMININI	18	80151792	81062279	1	galGal3	19
HOMININI	18	0	64565457	1	gorGor3	5
HOMININI	18	64565457	81062279	-1	gorGor3	17
HOMININI	18	0	81062279	-1	hg19	17
HOMININI	18	0	14994242	-1	mm10	11
HOMININI	18	14994242	18070729	1	mm10	11
HOMININI	18	18070729	20551114	-1	mm10	11
HOMININI	18	20551114	22473671	-1	mm10	11
HOMININI	18	22473671	36283206	1	mm10	11
HOMININI	18	36283206	46554474	-1	mm10	11
HOMININI	18	46554474	48467691	1	mm10	11
HOMININI	18	48467691	55871951	-1	mm10	11
HOMININI	18	55871951	60274488	1	mm10	11
HOMININI	18	60274488	62271115	-1	mm10	11
HOMININI	18	62271115	74367765	1	mm10	11
HOMININI	18	74367765	76383996	-1	mm10	11
HOMININI	18	76383996	80043954	1	mm10	11
HOMININI	18	80043954	81062279	-1	mm10	11
HOMININI	18	0	982360	1	monDom5	2
HOMININI	18	982360	8866416	1	monDom5	2
HOMININI	18	8866416	17878236	1	monDom5	2
HOMININI	18	17878236	20599478	-1	monDom5	2
HOMININI	18	20599478	22636912	-1	monDom5	2
HOMININI	18	22636912	24362993	-1	monDom5	2
HOMININI	18	24362993	32690004	1	monDom5	2
HOMININI	18	32690004	36276785	-1	monDom5	2
HOMININI	18	36276785	37084086	1	monDom5	2
HOMININI	18	37084086	37942603	-1	monDom5	2
HOMININI	18	37942603	40109146	-1	monDom5	2
HOMININI	18	40109146	47235825	1	monDom5	2
HOMININI	18	47235825	48721337	-1	monDom5	2
HOMININI	18	48721337	54741574	1	monDom5	2
HOMININI	18	54741574	55744542	-1	monDom5	2
HOMININI	18	55744542	58521626	-1	monDom5	2
HOMININI	18	58521626	59745331	1	monDom5	6
HOMININI	18	59745331	60677750	1	monDom5	6
HOMININI	18	60677750	61730950	-1	monDom5	6
HOMININI	18	61730950	66868624	-1	monDom5	2
HOMININI	18	66868624	70760544	-1	monDom5	2
HOMININI	18	70760544	72003686	-1	monDom5	2
HOMININI	18	72003686	75018766	1	monDom5	2
HOMININI	18	75018766	75370379	1	monDom5	7
HOMININI	18	75370379	76019107	-1	monDom5	2
HOMININI	18	76019107	76710343	1	monDom5	1
HOMININI	18	76710343	79198120	-1	monDom5	2
HOMININI	18	79198120	81062279	1	monDom5	2
HOMININI	18	0	7814589	-1	oryCun2	19
HOMININI	18	7814589	11957217	1	oryCun2	19
HOMININI	18	11957217	15614165	-1	oryCun2	19
HOMININI	18	15614165	18666424	-1	oryCun2	19
HOMININI	18	18666424	36357416	1	oryCun2	19
HOMININI	18	36357416	45300729	-1	oryCun2	19
HOMININI	18	45300729	47659619	1	oryCun2	19
HOMININI	18	47659619	55549637	-1	oryCun2	19
HOMININI	18	55549637	60785539	1	oryCun2	19
HOMININI	18	60785539	74428216	1	oryCun2	19
HOMININI	18	74428216	76219589	-1	oryCun2	19
HOMININI	18	76219589	79851686	1	oryCun2	19
HOMININI	18	79851686	81062279	-1	oryCun2	19
HOMININI	18	0	33441776	-1	panTro3	17
HOMININI	18	33441776	73131285	1	panTro3	17
HOMININI	18	73131285	81062279	-1	panTro3	17
HOMININI	18	0	23533062	-1	ponAbe2	17
HOMININI	18	23533062	43015882	1	ponAbe2	17
HOMININI	18	43015882	81062279	-1	ponAbe2	17
HOMININI	18	0	21060927	-1	rheMac3	16
HOMININI	18	21060927	22964906	1	rheMac3	16
HOMININI	18	22964906	35825630	-1	rheMac3	16
HOMININI	18	35825630	42858830	-1	rheMac3	16
HOMININI	18	42858830	44097889	1	rheMac3	16
HOMININI	18	44097889	45824431	-1	rheMac3	16
HOMININI	18	45824431	81062279	-1	rheMac3	16
HOMININI	18	0	14423763	-1	rn4	10
HOMININI	18	14423763	17396447	1	rn4	10
HOMININI	18	17396447	19914145	-1	rn4	10
HOMININI	18	19914145	21772086	-1	rn4	10
HOMININI	18	21772086	36583173	1	rn4	10
HOMININI	18	36583173	48589994	-1	rn4	10
HOMININI	18	48589994	50761165	1	rn4	10
HOMININI	18	50761165	56934802	-1	rn4	10
HOMININI	18	56934802	58823707	1	rn4	10
HOMININI	18	58823707	60689890	-1	rn4	10
HOMININI	18	60689890	74349410	1	rn4	10
HOMININI	18	74349410	76265761	-1	rn4	10
HOMININI	18	76265761	80107582	1	rn4	10
HOMININI	18	80107582	80582701	1	rn4	10
HOMININI	18	80582701	81062279	-1	rn4	10
HOMININI	18	0	13236459	1	susScr2	12
HOMININI	18	13236459	15939381	-1	susScr2	12
HOMININI	18	15939381	18506586	1	susScr2	12
HOMININI	18	18506586	20532701	1	susScr2	12
HOMININI	18	20532701	32124413	-1	susScr2	12
HOMININI	18	32124413	33441776	1	susScr2	12
HOMININI	18	33441776	36746066	-1	susScr2	12
HOMININI	18	36746066	47416468	1	susScr2	12
HOMININI	18	47416468	56298626	1	susScr2	12
HOMININI	18	56298626	61984117	-1	susScr2	12
HOMININI	18	61984117	74715032	-1	susScr2	12
HOMININI	18	74715032	76636091	1	susScr2	12
HOMININI	18	76636091	80558596	-1	susScr2	12
HOMININI	18	80558596	81062279	1	susScr2	12
HOMININI	18	0	13654772	1	bosTau7	19
HOMININI	18	13654772	14415997	1	bosTau7	19
HOMININI	18	14415997	15916246	-1	bosTau7	19
HOMININI	18	15916246	18453383	-1	bosTau7	19
HOMININI	18	18453383	20670905	1	bosTau7	19
HOMININI	18	20670905	31602689	-1	bosTau7	19
HOMININI	18	31602689	36339806	1	bosTau7	19
HOMININI	18	36339806	46434040	-1	bosTau7	19
HOMININI	18	46434040	48624030	-1	bosTau7	19
HOMININI	18	48624030	56673240	1	bosTau7	19
HOMININI	18	56673240	61132973	-1	bosTau7	19
HOMININI	18	61132973	63940962	1	bosTau7	19
HOMININI	18	63940962	74476468	-1	bosTau7	19
HOMININI	18	74476468	76723962	1	bosTau7	19
HOMININI	18	76723962	79838314	-1	bosTau7	19
HOMININI	18	79838314	81062279	1	bosTau7	19
HOMININI	18	0	15616343	-1	calJac3	5
HOMININI	18	15616343	16357521	-1	calJac3	5
HOMININI	18	16357521	18572777	1	calJac3	5
HOMININI	18	18572777	21120722	-1	calJac3	5
HOMININI	18	21120722	23343273	1	calJac3	5
HOMININI	18	23343273	24461558	-1	calJac3	5
HOMININI	18	24461558	36160639	1	calJac3	5
HOMININI	18	36160639	37368159	-1	calJac3	5
HOMININI	18	37368159	40070882	-1	calJac3	5
HOMININI	18	40070882	45589865	-1	calJac3	5
HOMININI	18	45589865	47438914	-1	calJac3	5
HOMININI	18	47438914	58725175	1	calJac3	5
HOMININI	18	58725175	59923764	-1	calJac3	5
HOMININI	18	59923764	74480592	1	calJac3	5
HOMININI	18	74480592	76860673	-1	calJac3	5
HOMININI	18	76860673	78407554	-1	calJac3	5
HOMININI	18	78407554	80450221	1	calJac3	5
HOMININI	18	80450221	81062279	-1	calJac3	5
HOMININI	18	0	9684115	1	canFam2	9
HOMININI	18	9684115	13387316	-1	canFam2	9
HOMININI	18	13387316	16711807	1	canFam2	9
HOMININI	18	16711807	19484155	-1	canFam2	9
HOMININI	18	19484155	22016797	1	canFam2	9
HOMININI	18	22016797	36191777	-1	canFam2	9
HOMININI	18	36191777	45390684	1	canFam2	9
HOMININI	18	45390684	47298193	-1	canFam2	9
HOMININI	18	47298193	54068796	1	canFam2	9
HOMININI	18	54068796	58595217	-1	canFam2	9
HOMININI	18	58595217	62741805	1	canFam2	5
HOMININI	18	62741805	74473807	-1	canFam2	5
HOMININI	18	74473807	76112085	1	canFam2	5
HOMININI	18	76112085	76738439	-1	canFam2	5
HOMININI	18	76738439	79790707	-1	canFam2	9
HOMININI	18	79790707	81062279	1	canFam2	9
HOMININI	18	0	13545064	1	capHir1	19
HOMININI	18	13545064	15247564	-1	capHir1	19
HOMININI	18	15247564	18046596	-1	capHir1	19
HOMININI	18	18046596	20278419	1	capHir1	19
HOMININI	18	20278419	31626624	-1	capHir1	19
HOMININI	18	31626624	36558925	1	capHir1	19
HOMININI	18	36558925	47362269	-1	capHir1	19
HOMININI	18	47362269	49590124	-1	capHir1	19
HOMININI	18	49590124	57484383	1	capHir1	19
HOMININI	18	57484383	62180448	-1	capHir1	19
HOMININI	18	62180448	63643531	1	capHir1	19
HOMININI	18	63643531	74597050	-1	capHir1	19
HOMININI	18	74597050	76128285	1	capHir1	19
HOMININI	18	76128285	79796233	-1	capHir1	19
HOMININI	18	79796233	81062279	1	capHir1	19
HOMININI	18	0	15100856	1	equCab2	11
HOMININI	18	15100856	18148278	-1	equCab2	11
HOMININI	18	18148278	20772468	1	equCab2	11
HOMININI	18	20772468	23006692	1	equCab2	11
HOMININI	18	23006692	36094828	-1	equCab2	11
HOMININI	18	36094828	45087247	1	equCab2	11
HOMININI	18	45087247	47018496	-1	equCab2	11
HOMININI	18	47018496	53918252	1	equCab2	11
HOMININI	18	53918252	57669078	-1	equCab2	11
HOMININI	18	57669078	62033773	1	equCab2	11
HOMININI	18	62033773	74476890	-1	equCab2	11
HOMININI	18	74476890	76423870	1	equCab2	11
HOMININI	18	76423870	79987250	-1	equCab2	11
HOMININI	18	79987250	81062279	1	equCab2	11
HOMININI	18	0	5243765	1	galGal3	18
HOMININI	18	5243765	14490171	-1	galGal3	18
HOMININI	18	14490171	20205333	1	galGal3	18
HOMININI	18	20205333	24946465	1	galGal3	19
HOMININI	18	24946465	33441776	-1	galGal3	18
HOMININI	18	33441776	54056490	-1	galGal3	27
HOMININI	18	54056490	73131285	-1	galGal3	18
HOMININI	18	73131285	74032184	-1	galGal3	19
HOMININI	18	74032184	76688593	1	galGal3	19
HOMININI	18	76688593	78010979	-1	galGal3	19
HOMININI	18	78010979	80151792	-1	galGal3	19
HOMININI	18	80151792	81062279	1	galGal3	19
HOMININI	18	0	64565457	1	gorGor3	5
HOMININI	18	64565457	81062279	-1	gorGor3	17
HOMININI	18	0	81062279	-1	hg19	17
HOMININI	18	0	14994242	-1	mm10	11
HOMININI	18	14994242	18070729	1	mm10	11
HOMININI	18	18070729	20551114	-1	mm10	11
HOMININI	18	20551114	22473671	-1	mm10	11
HOMININI	18	22473671	36283206	1	mm10	11
HOMININI	18	36283206	46554474	-1	mm10	11
HOMININI	18	46554474	48467691	1	mm10	11
HOMININI	18	48467691	55871951	-1	mm10	11
HOMININI	18	55871951	60274488	1	mm10	11
HOMININI	18	60274488	62271115	-1	mm10	11
HOMININI	18	62271115	74367765	1	mm10	11
HOMININI	18	74367765	76383996	-1	mm10	11
HOMININI	18	76383996	80043954	1	mm10	11
HOMININI	18	80043954	81062279	-1	mm10	11
HOMININI	18	0	982360	1	monDom5	2
HOMININI	18	982360	8866416	1	monDom5	2
HOMININI	18	8866416	17878236	1	monDom5	2
HOMININI	18	17878236	20599478	-1	monDom5	2
HOMININI	18	20599478	22636912	-1	monDom5	2
HOMININI	18	22636912	24362993	-1	monDom5	2
HOMININI	18	24362993	32690004	1	monDom5	2
HOMININI	18	32690004	36276785	-1	monDom5	2
HOMININI	18	36276785	37084086	1	monDom5	2
HOMININI	18	37084086	37942603	-1	monDom5	2
HOMININI	18	37942603	40109146	-1	monDom5	2
HOMININI	18	40109146	47235825	1	monDom5	2
HOMININI	18	47235825	48721337	-1	monDom5	2
HOMININI	18	48721337	54741574	1	monDom5	2
HOMININI	18	54741574	55744542	-1	monDom5	2
HOMININI	18	55744542	58521626	-1	monDom5	2
HOMININI	18	58521626	59745331	1	monDom5	6
HOMININI	18	59745331	60677750	1	monDom5	6
HOMININI	18	60677750	61730950	-1	monDom5	6
HOMININI	18	61730950	66868624	-1	monDom5	2
HOMININI	18	66868624	70760544	-1	monDom5	2
HOMININI	18	70760544	72003686	-1	monDom5	2
HOMININI	18	72003686	75018766	1	monDom5	2
HOMININI	18	75018766	75370379	1	monDom5	7
HOMININI	18	75370379	76019107	-1	monDom5	2
HOMININI	18	76019107	76710343	1	monDom5	1
HOMININI	18	76710343	79198120	-1	monDom5	2
HOMININI	18	79198120	81062279	1	monDom5	2
HOMININI	18	0	7814589	-1	oryCun2	19
HOMININI	18	7814589	11957217	1	oryCun2	19
HOMININI	18	11957217	15614165	-1	oryCun2	19
HOMININI	18	15614165	18666424	-1	oryCun2	19
HOMININI	18	18666424	36357416	1	oryCun2	19
HOMININI	18	36357416	45300729	-1	oryCun2	19
HOMININI	18	45300729	47659619	1	oryCun2	19
HOMININI	18	47659619	55549637	-1	oryCun2	19
HOMININI	18	55549637	60785539	1	oryCun2	19
HOMININI	18	60785539	74428216	1	oryCun2	19
HOMININI	18	74428216	76219589	-1	oryCun2	19
HOMININI	18	76219589	79851686	1	oryCun2	19
HOMININI	18	79851686	81062279	-1	oryCun2	19
HOMININI	18	0	33441776	-1	panTro3	17
HOMININI	18	33441776	73131285	1	panTro3	17
HOMININI	18	73131285	81062279	-1	panTro3	17
HOMININI	18	0	23533062	-1	ponAbe2	17
HOMININI	18	23533062	43015882	1	ponAbe2	17
HOMININI	18	43015882	81062279	-1	ponAbe2	17
HOMININI	18	0	21060927	-1	rheMac3	16
HOMININI	18	21060927	22964906	1	rheMac3	16
HOMININI	18	22964906	35825630	-1	rheMac3	16
HOMININI	18	35825630	42858830	-1	rheMac3	16
HOMININI	18	42858830	44097889	1	rheMac3	16
HOMININI	18	44097889	45824431	-1	rheMac3	16
HOMININI	18	45824431	81062279	-1	rheMac3	16
HOMININI	18	0	14423763	-1	rn4	10
HOMININI	18	14423763	17396447	1	rn4	10
HOMININI	18	17396447	19914145	-1	rn4	10
HOMININI	18	19914145	21772086	-1	rn4	10
HOMININI	18	21772086	36583173	1	rn4	10
HOMININI	18	36583173	48589994	-1	rn4	10
HOMININI	18	48589994	50761165	1	rn4	10
HOMININI	18	50761165	56934802	-1	rn4	10
HOMININI	18	56934802	58823707	1	rn4	10
HOMININI	18	58823707	60689890	-1	rn4	10
HOMININI	18	60689890	74349410	1	rn4	10
HOMININI	18	74349410	76265761	-1	rn4	10
HOMININI	18	76265761	80107582	1	rn4	10
HOMININI	18	80107582	80582701	1	rn4	10
HOMININI	18	80582701	81062279	-1	rn4	10
HOMININI	18	0	13236459	1	susScr2	12
HOMININI	18	13236459	15939381	-1	susScr2	12
HOMININI	18	15939381	18506586	1	susScr2	12
HOMININI	18	18506586	20532701	1	susScr2	12
HOMININI	18	20532701	32124413	-1	susScr2	12
HOMININI	18	32124413	33441776	1	susScr2	12
HOMININI	18	33441776	36746066	-1	susScr2	12
HOMININI	18	36746066	47416468	1	susScr2	12
HOMININI	18	47416468	56298626	1	susScr2	12
HOMININI	18	56298626	61984117	-1	susScr2	12
HOMININI	18	61984117	74715032	-1	susScr2	12
HOMININI	18	74715032	76636091	1	susScr2	12
HOMININI	18	76636091	80558596	-1	susScr2	12
HOMININI	18	80558596	81062279	1	susScr2	12
HOMININI	18	0	13654772	1	bosTau7	19
HOMININI	18	13654772	14415997	1	bosTau7	19
HOMININI	18	14415997	15916246	-1	bosTau7	19
HOMININI	18	15916246	18453383	-1	bosTau7	19
HOMININI	18	18453383	20670905	1	bosTau7	19
HOMININI	18	20670905	31602689	-1	bosTau7	19
HOMININI	18	31602689	36339806	1	bosTau7	19
HOMININI	18	36339806	46434040	-1	bosTau7	19
HOMININI	18	46434040	48624030	-1	bosTau7	19
HOMININI	18	48624030	56673240	1	bosTau7	19
HOMININI	18	56673240	61132973	-1	bosTau7	19
HOMININI	18	61132973	63940962	1	bosTau7	19
HOMININI	18	63940962	74476468	-1	bosTau7	19
HOMININI	18	74476468	76723962	1	bosTau7	19
HOMININI	18	76723962	79838314	-1	bosTau7	19
HOMININI	18	79838314	81062279	1	bosTau7	19
HOMININI	18	0	15616343	-1	calJac3	5
HOMININI	18	15616343	16357521	-1	calJac3	5
HOMININI	18	16357521	18572777	1	calJac3	5
HOMININI	18	18572777	21120722	-1	calJac3	5
HOMININI	18	21120722	23343273	1	calJac3	5
HOMININI	18	23343273	24461558	-1	calJac3	5
HOMININI	18	24461558	36160639	1	calJac3	5
HOMININI	18	36160639	37368159	-1	calJac3	5
HOMININI	18	37368159	40070882	-1	calJac3	5
HOMININI	18	40070882	45589865	-1	calJac3	5
HOMININI	18	45589865	47438914	-1	calJac3	5
HOMININI	18	47438914	58725175	1	calJac3	5
HOMININI	18	58725175	59923764	-1	calJac3	5
HOMININI	18	59923764	74480592	1	calJac3	5
HOMININI	18	74480592	76860673	-1	calJac3	5
HOMININI	18	76860673	78407554	-1	calJac3	5
HOMININI	18	78407554	80450221	1	calJac3	5
HOMININI	18	80450221	81062279	-1	calJac3	5
HOMININI	18	0	9684115	1	canFam2	9
HOMININI	18	9684115	13387316	-1	canFam2	9
HOMININI	18	13387316	16711807	1	canFam2	9
HOMININI	18	16711807	19484155	-1	canFam2	9
HOMININI	18	19484155	22016797	1	canFam2	9
HOMININI	18	22016797	36191777	-1	canFam2	9
HOMININI	18	36191777	45390684	1	canFam2	9
HOMININI	18	45390684	47298193	-1	canFam2	9
HOMININI	18	47298193	54068796	1	canFam2	9
HOMININI	18	54068796	58595217	-1	canFam2	9
HOMININI	18	58595217	62741805	1	canFam2	5
HOMININI	18	62741805	74473807	-1	canFam2	5
HOMININI	18	74473807	76112085	1	canFam2	5
HOMININI	18	76112085	76738439	-1	canFam2	5
HOMININI	18	76738439	79790707	-1	canFam2	9
HOMININI	18	79790707	81062279	1	canFam2	9
HOMININI	18	0	13545064	1	capHir1	19
HOMININI	18	13545064	15247564	-1	capHir1	19
HOMININI	18	15247564	18046596	-1	capHir1	19
HOMININI	18	18046596	20278419	1	capHir1	19
HOMININI	18	20278419	31626624	-1	capHir1	19
HOMININI	18	31626624	36558925	1	capHir1	19
HOMININI	18	36558925	47362269	-1	capHir1	19
HOMININI	18	47362269	49590124	-1	capHir1	19
HOMININI	18	49590124	57484383	1	capHir1	19
HOMININI	18	57484383	62180448	-1	capHir1	19
HOMININI	18	62180448	63643531	1	capHir1	19
HOMININI	18	63643531	74597050	-1	capHir1	19
HOMININI	18	74597050	76128285	1	capHir1	19
HOMININI	18	76128285	79796233	-1	capHir1	19
HOMININI	18	79796233	81062279	1	capHir1	19
HOMININI	18	0	15100856	1	equCab2	11
HOMININI	18	15100856	18148278	-1	equCab2	11
HOMININI	18	18148278	20772468	1	equCab2	11
HOMININI	18	20772468	23006692	1	equCab2	11
HOMININI	18	23006692	36094828	-1	equCab2	11
HOMININI	18	36094828	45087247	1	equCab2	11
HOMININI	18	45087247	47018496	-1	equCab2	11
HOMININI	18	47018496	53918252	1	equCab2	11
HOMININI	18	53918252	57669078	-1	equCab2	11
HOMININI	18	57669078	62033773	1	equCab2	11
HOMININI	18	62033773	74476890	-1	equCab2	11
HOMININI	18	74476890	76423870	1	equCab2	11
HOMININI	18	76423870	79987250	-1	equCab2	11
HOMININI	18	79987250	81062279	1	equCab2	11
HOMININI	18	0	5243765	1	galGal3	18
HOMININI	18	5243765	14490171	-1	galGal3	18
HOMININI	18	14490171	20205333	1	galGal3	18
HOMININI	18	20205333	24946465	1	galGal3	19
HOMININI	18	24946465	33441776	-1	galGal3	18
HOMININI	18	33441776	54056490	-1	galGal3	27
HOMININI	18	54056490	73131285	-1	galGal3	18
HOMININI	18	73131285	74032184	-1	galGal3	19
HOMININI	18	74032184	76688593	1	galGal3	19
HOMININI	18	76688593	78010979	-1	galGal3	19
HOMININI	18	78010979	80151792	-1	galGal3	19
HOMININI	18	80151792	81062279	1	galGal3	19
HOMININI	18	0	64565457	1	gorGor3	5
HOMININI	18	64565457	81062279	-1	gorGor3	17
HOMININI	18	0	81062279	-1	hg19	17
HOMININI	18	0	14994242	-1	mm10	11
HOMININI	18	14994242	18070729	1	mm10	11
HOMININI	18	18070729	20551114	-1	mm10	11
HOMININI	18	20551114	22473671	-1	mm10	11
HOMININI	18	22473671	36283206	1	mm10	11
HOMININI	18	36283206	46554474	-1	mm10	11
HOMININI	18	46554474	48467691	1	mm10	11
HOMININI	18	48467691	55871951	-1	mm10	11
HOMININI	18	55871951	60274488	1	mm10	11
HOMININI	18	60274488	62271115	-1	mm10	11
HOMININI	18	62271115	74367765	1	mm10	11
HOMININI	18	74367765	76383996	-1	mm10	11
HOMININI	18	76383996	80043954	1	mm10	11
HOMININI	18	80043954	81062279	-1	mm10	11
HOMININI	18	0	982360	1	monDom5	2
HOMININI	18	982360	8866416	1	monDom5	2
HOMININI	18	8866416	17878236	1	monDom5	2
HOMININI	18	17878236	20599478	-1	monDom5	2
HOMININI	18	20599478	22636912	-1	monDom5	2
HOMININI	18	22636912	24362993	-1	monDom5	2
HOMININI	18	24362993	32690004	1	monDom5	2
HOMININI	18	32690004	36276785	-1	monDom5	2
HOMININI	18	36276785	37084086	1	monDom5	2
HOMININI	18	37084086	37942603	-1	monDom5	2
HOMININI	18	37942603	40109146	-1	monDom5	2
HOMININI	18	40109146	47235825	1	monDom5	2
HOMININI	18	47235825	48721337	-1	monDom5	2
HOMININI	18	48721337	54741574	1	monDom5	2
HOMININI	18	54741574	55744542	-1	monDom5	2
HOMININI	18	55744542	58521626	-1	monDom5	2
HOMININI	18	58521626	59745331	1	monDom5	6
HOMININI	18	59745331	60677750	1	monDom5	6
HOMININI	18	60677750	61730950	-1	monDom5	6
HOMININI	18	61730950	66868624	-1	monDom5	2
HOMININI	18	66868624	70760544	-1	monDom5	2
HOMININI	18	70760544	72003686	-1	monDom5	2
HOMININI	18	72003686	75018766	1	monDom5	2
HOMININI	18	75018766	75370379	1	monDom5	7
HOMININI	18	75370379	76019107	-1	monDom5	2
HOMININI	18	76019107	76710343	1	monDom5	1
HOMININI	18	76710343	79198120	-1	monDom5	2
HOMININI	18	79198120	81062279	1	monDom5	2
HOMININI	18	0	7814589	-1	oryCun2	19
HOMININI	18	7814589	11957217	1	oryCun2	19
HOMININI	18	11957217	15614165	-1	oryCun2	19
HOMININI	18	15614165	18666424	-1	oryCun2	19
HOMININI	18	18666424	36357416	1	oryCun2	19
HOMININI	18	36357416	45300729	-1	oryCun2	19
HOMININI	18	45300729	47659619	1	oryCun2	19
HOMININI	18	47659619	55549637	-1	oryCun2	19
HOMININI	18	55549637	60785539	1	oryCun2	19
HOMININI	18	60785539	74428216	1	oryCun2	19
HOMININI	18	74428216	76219589	-1	oryCun2	19
HOMININI	18	76219589	79851686	1	oryCun2	19
HOMININI	18	79851686	81062279	-1	oryCun2	19
HOMININI	18	0	33441776	-1	panTro3	17
HOMININI	18	33441776	73131285	1	panTro3	17
HOMININI	18	73131285	81062279	-1	panTro3	17
HOMININI	18	0	23533062	-1	ponAbe2	17
HOMININI	18	23533062	43015882	1	ponAbe2	17
HOMININI	18	43015882	81062279	-1	ponAbe2	17
HOMININI	18	0	21060927	-1	rheMac3	16
HOMININI	18	21060927	22964906	1	rheMac3	16
HOMININI	18	22964906	35825630	-1	rheMac3	16
HOMININI	18	35825630	42858830	-1	rheMac3	16
HOMININI	18	42858830	44097889	1	rheMac3	16
HOMININI	18	44097889	45824431	-1	rheMac3	16
HOMININI	18	45824431	81062279	-1	rheMac3	16
HOMININI	18	0	14423763	-1	rn4	10
HOMININI	18	14423763	17396447	1	rn4	10
HOMININI	18	17396447	19914145	-1	rn4	10
HOMININI	18	19914145	21772086	-1	rn4	10
HOMININI	18	21772086	36583173	1	rn4	10
HOMININI	18	36583173	48589994	-1	rn4	10
HOMININI	18	48589994	50761165	1	rn4	10
HOMININI	18	50761165	56934802	-1	rn4	10
HOMININI	18	56934802	58823707	1	rn4	10
HOMININI	18	58823707	60689890	-1	rn4	10
HOMININI	18	60689890	74349410	1	rn4	10
HOMININI	18	74349410	76265761	-1	rn4	10
HOMININI	18	76265761	80107582	1	rn4	10
HOMININI	18	80107582	80582701	1	rn4	10
HOMININI	18	80582701	81062279	-1	rn4	10
HOMININI	18	0	13236459	1	susScr2	12
HOMININI	18	13236459	15939381	-1	susScr2	12
HOMININI	18	15939381	18506586	1	susScr2	12
HOMININI	18	18506586	20532701	1	susScr2	12
HOMININI	18	20532701	32124413	-1	susScr2	12
HOMININI	18	32124413	33441776	1	susScr2	12
HOMININI	18	33441776	36746066	-1	susScr2	12
HOMININI	18	36746066	47416468	1	susScr2	12
HOMININI	18	47416468	56298626	1	susScr2	12
HOMININI	18	56298626	61984117	-1	susScr2	12
HOMININI	18	61984117	74715032	-1	susScr2	12
HOMININI	18	74715032	76636091	1	susScr2	12
HOMININI	18	76636091	80558596	-1	susScr2	12
HOMININI	18	80558596	81062279	1	susScr2	12
