HOMININI	10	0	18580334	-1	bosTau7	15
HOMININI	10	18580334	26217245	-1	bosTau7	29
HOMININI	10	26217245	54784047	1	bosTau7	15
HOMININI	10	54784047	66580107	1	bosTau7	29
HOMININI	10	66580107	71947941	1	bosTau7	15
HOMININI	10	71947941	92554567	-1	bosTau7	29
HOMININI	10	92554567	106697911	-1	bosTau7	15
HOMININI	10	106697911	124796403	1	bosTau7	15
HOMININI	10	124796403	131606245	1	bosTau7	29
HOMININI	10	131606245	134840814	-1	bosTau7	29
HOMININI	10	0	3417883	-1	calJac3	11
HOMININI	10	3417883	65583808	1	calJac3	11
HOMININI	10	65583808	99234705	-1	calJac3	11
HOMININI	10	99234705	134840814	1	calJac3	11
HOMININI	10	0	31457970	1	canFam2	21
HOMININI	10	31457970	46057647	-1	canFam2	18
HOMININI	10	46057647	51358906	-1	canFam2	18
HOMININI	10	51358906	62355983	-1	canFam2	18
HOMININI	10	62355983	96143841	-1	canFam2	21
HOMININI	10	96143841	134840814	-1	canFam2	5
HOMININI	10	0	16467486	-1	capHir1	15
HOMININI	10	16467486	24047659	-1	capHir1	29
HOMININI	10	24047659	50886395	1	capHir1	15
HOMININI	10	50886395	62011264	1	capHir1	29
HOMININI	10	62011264	67343322	1	capHir1	15
HOMININI	10	67343322	86745365	-1	capHir1	29
HOMININI	10	86745365	101365924	-1	capHir1	15
HOMININI	10	101365924	120613588	1	capHir1	15
HOMININI	10	120613588	131734093	1	capHir1	29
HOMININI	10	131734093	134840814	-1	capHir1	29
HOMININI	10	0	33653434	1	equCab2	7
HOMININI	10	33653434	63945792	1	equCab2	12
HOMININI	10	63945792	87297123	-1	equCab2	7
HOMININI	10	87297123	134840814	1	equCab2	7
HOMININI	10	0	28431958	-1	galGal3	5
HOMININI	10	28431958	49123563	1	galGal3	5
HOMININI	10	49123563	71207697	1	galGal3	5
HOMININI	10	71207697	134840814	-1	galGal3	1
HOMININI	10	0	134840814	1	gorGor3	11
HOMININI	10	0	134840814	1	hg19	11
HOMININI	10	0	3453060	1	mm10	7
HOMININI	10	3453060	20445827	1	mm10	7
HOMININI	10	20445827	31354403	1	mm10	7
HOMININI	10	31354403	56414042	-1	mm10	2
HOMININI	10	56414042	66787739	-1	mm10	19
HOMININI	10	66787739	84367699	-1	mm10	7
HOMININI	10	84367699	102059545	-1	mm10	9
HOMININI	10	102059545	134840814	-1	mm10	9
HOMININI	10	0	4543908	1	monDom5	4
HOMININI	10	4543908	9941491	1	monDom5	5
HOMININI	10	9941491	13512701	-1	monDom5	5
HOMININI	10	13512701	45599837	1	monDom5	5
HOMININI	10	45599837	50822671	-1	monDom5	4
HOMININI	10	50822671	62742924	-1	monDom5	4
HOMININI	10	62742924	65199906	-1	monDom5	4
HOMININI	10	65199906	80225534	-1	monDom5	4
HOMININI	10	80225534	93347304	-1	monDom5	4
HOMININI	10	93347304	99964837	1	monDom5	4
HOMININI	10	99964837	122393737	-1	monDom5	4
HOMININI	10	122393737	134840814	1	monDom5	4
HOMININI	10	0	134840814	1	panTro3	11
HOMININI	10	0	4713433	1	ponAbe2	11
HOMININI	10	4713433	67990004	-1	ponAbe2	11
HOMININI	10	67990004	134840814	1	ponAbe2	11
HOMININI	10	0	3433541	1	rheMac3	14
HOMININI	10	3433541	69622932	-1	rheMac3	14
HOMININI	10	69622932	89405904	1	rheMac3	14
HOMININI	10	89405904	134840814	1	rheMac3	14
HOMININI	10	0	3418663	1	rn4	1
HOMININI	10	3418663	19686684	1	rn4	1
HOMININI	10	19686684	30355081	1	rn4	1
HOMININI	10	30355081	54522360	-1	rn4	3
HOMININI	10	54522360	66116203	-1	rn4	1
HOMININI	10	66116203	83700135	-1	rn4	1
HOMININI	10	83700135	100657777	-1	rn4	8
HOMININI	10	100657777	134840814	-1	rn4	8
