HOMININI	19	0	18475151	1	bosTau7	25
HOMININI	19	18475151	19874150	-1	bosTau7	25
HOMININI	19	19874150	33764081	1	bosTau7	25
HOMININI	19	34167414	59218547	1	bosTau7	18
HOMININI	19	59218547	63141765	-1	bosTau7	18
HOMININI	19	63141765	77954901	1	bosTau7	18
HOMININI	19	0	2212265	1	calJac3	12
HOMININI	19	2212265	3052177	-1	calJac3	12
HOMININI	19	3052177	13623950	1	calJac3	12
HOMININI	19	13623950	19546244	-1	calJac3	12
HOMININI	19	19546244	21332347	-1	calJac3	12
HOMININI	19	21332347	34167414	1	calJac3	12
HOMININI	19	34167414	57880817	1	calJac3	20
HOMININI	19	57880817	61705954	-1	calJac3	20
HOMININI	19	61705954	77954901	1	calJac3	20
HOMININI	19	0	18934634	-1	canFam2	6
HOMININI	19	18934634	20969253	1	canFam2	6
HOMININI	19	20969253	33764081	-1	canFam2	6
HOMININI	19	34167414	46525070	-1	canFam2	2
HOMININI	19	46525070	57874806	-1	canFam2	5
HOMININI	19	57874806	62278158	1	canFam2	5
HOMININI	19	62278158	77954901	-1	canFam2	5
HOMININI	19	0	18304511	1	capHir1	25
HOMININI	19	18304511	19538474	-1	capHir1	25
HOMININI	19	19538474	33764081	1	capHir1	25
HOMININI	19	34167414	59334887	1	capHir1	18
HOMININI	19	59334887	62950529	-1	capHir1	18
HOMININI	19	62950529	77954901	1	capHir1	18
HOMININI	19	0	19608479	-1	equCab2	13
HOMININI	19	19608479	21331314	1	equCab2	13
HOMININI	19	21331314	33764081	-1	equCab2	13
HOMININI	19	34167414	58153936	1	equCab2	3
HOMININI	19	58153936	62343752	-1	equCab2	3
HOMININI	19	62343752	77954901	1	equCab2	3
HOMININI	19	0	6855417	-1	galGal3	14
HOMININI	19	6855417	33764081	-1	galGal3	14
HOMININI	19	34167414	53668550	-1	galGal3	11
HOMININI	19	53668550	62990224	-1	galGal3	11
HOMININI	19	62990224	77954901	1	galGal3	11
HOMININI	19	0	77954901	1	gorGor3	16
HOMININI	19	0	77954901	1	hg19	16
HOMININI	19	0	3816172	-1	mm10	17
HOMININI	19	3816172	18845345	1	mm10	16
HOMININI	19	18845345	20934525	-1	mm10	7
HOMININI	19	20934525	33764081	1	mm10	7
HOMININI	19	34167414	59727390	1	mm10	8
HOMININI	19	59727390	63760417	-1	mm10	8
HOMININI	19	63760417	77954901	1	mm10	8
HOMININI	19	0	7597047	1	monDom5	6
HOMININI	19	7597047	10379534	-1	monDom5	6
HOMININI	19	10379534	19059692	-1	monDom5	6
HOMININI	19	19059692	22439016	1	monDom5	6
HOMININI	19	22439016	23870089	-1	monDom5	6
HOMININI	19	23870089	26684691	1	monDom5	6
HOMININI	19	26684691	28138771	-1	monDom5	6
HOMININI	19	28138771	29435305	1	monDom5	6
HOMININI	19	29435305	33037430	-1	monDom5	6
HOMININI	19	33037430	33764081	1	monDom5	6
HOMININI	19	34167414	44239617	1	monDom5	1
HOMININI	19	44239617	45291593	-1	monDom5	1
HOMININI	19	45291593	57686503	1	monDom5	1
HOMININI	19	57686503	58665334	1	monDom5	1
HOMININI	19	58665334	59790081	1	monDom5	1
HOMININI	19	59790081	62392837	-1	monDom5	1
HOMININI	19	62392837	65099402	-1	monDom5	6
HOMININI	19	65099402	68242962	-1	monDom5	1
HOMININI	19	68242962	70673750	1	monDom5	1
HOMININI	19	70673750	77954901	1	monDom5	1
HOMININI	19	0	15318666	1	oryCun2	6
HOMININI	19	15318666	17074094	-1	oryCun2	6
HOMININI	19	17074094	19849496	1	oryCun2	6
HOMININI	19	19849496	21504199	-1	oryCun2	6
HOMININI	19	21504199	33764081	1	oryCun2	6
HOMININI	19	34167414	59989637	1	oryCun2	5
HOMININI	19	59989637	65567659	-1	oryCun2	5
HOMININI	19	65567659	77954901	1	oryCun2	5
HOMININI	19	0	33764081	1	panTro3	16
HOMININI	19	33764081	34167414	-1	panTro3	16
HOMININI	19	34167414	77954901	1	panTro3	16
HOMININI	19	0	57897752	1	ponAbe2	16
HOMININI	19	57897752	61917767	-1	ponAbe2	16
HOMININI	19	61917767	77954901	1	ponAbe2	16
HOMININI	19	0	17594847	1	rheMac3	20
HOMININI	19	17594847	19697863	-1	rheMac3	20
HOMININI	19	19697863	57884642	1	rheMac3	20
HOMININI	19	57884642	61849982	-1	rheMac3	20
HOMININI	19	61849982	77954901	1	rheMac3	20
HOMININI	19	0	19071581	-1	rn4	10
HOMININI	19	19071581	21078458	-1	rn4	1
HOMININI	19	21078458	33764081	1	rn4	1
HOMININI	19	34167414	43466621	-1	rn4	19
HOMININI	19	43466621	56661033	-1	rn4	19
HOMININI	19	56661033	59496405	1	rn4	19
HOMININI	19	59496405	63528959	-1	rn4	19
HOMININI	19	63528959	77954901	1	rn4	19
HOMININI	19	0	2486450	1	susScr2	3
HOMININI	19	2486450	18105414	-1	susScr2	3
HOMININI	19	18105414	19708718	1	susScr2	3
HOMININI	19	19708718	33764081	-1	susScr2	3
HOMININI	19	34167414	58299226	-1	susScr2	6
HOMININI	19	58299226	61552242	1	susScr2	6
HOMININI	19	61552242	77954901	-1	susScr2	6
HOMININI	19	0	18475151	1	bosTau7	25
HOMININI	19	18475151	19874150	-1	bosTau7	25
HOMININI	19	19874150	33764081	1	bosTau7	25
HOMININI	19	34167414	59218547	1	bosTau7	18
HOMININI	19	59218547	63141765	-1	bosTau7	18
HOMININI	19	63141765	77954901	1	bosTau7	18
HOMININI	19	0	2212265	1	calJac3	12
HOMININI	19	2212265	3052177	-1	calJac3	12
HOMININI	19	3052177	13623950	1	calJac3	12
HOMININI	19	13623950	19546244	-1	calJac3	12
HOMININI	19	19546244	21332347	-1	calJac3	12
HOMININI	19	21332347	34167414	1	calJac3	12
HOMININI	19	34167414	57880817	1	calJac3	20
HOMININI	19	57880817	61705954	-1	calJac3	20
HOMININI	19	61705954	77954901	1	calJac3	20
HOMININI	19	0	18934634	-1	canFam2	6
HOMININI	19	18934634	20969253	1	canFam2	6
HOMININI	19	20969253	33764081	-1	canFam2	6
HOMININI	19	34167414	46525070	-1	canFam2	2
HOMININI	19	46525070	57874806	-1	canFam2	5
HOMININI	19	57874806	62278158	1	canFam2	5
HOMININI	19	62278158	77954901	-1	canFam2	5
HOMININI	19	0	18304511	1	capHir1	25
HOMININI	19	18304511	19538474	-1	capHir1	25
HOMININI	19	19538474	33764081	1	capHir1	25
HOMININI	19	34167414	59334887	1	capHir1	18
HOMININI	19	59334887	62950529	-1	capHir1	18
HOMININI	19	62950529	77954901	1	capHir1	18
HOMININI	19	0	19608479	-1	equCab2	13
HOMININI	19	19608479	21331314	1	equCab2	13
HOMININI	19	21331314	33764081	-1	equCab2	13
HOMININI	19	34167414	58153936	1	equCab2	3
HOMININI	19	58153936	62343752	-1	equCab2	3
HOMININI	19	62343752	77954901	1	equCab2	3
HOMININI	19	0	6855417	-1	galGal3	14
HOMININI	19	6855417	33764081	-1	galGal3	14
HOMININI	19	34167414	53668550	-1	galGal3	11
HOMININI	19	53668550	62990224	-1	galGal3	11
HOMININI	19	62990224	77954901	1	galGal3	11
HOMININI	19	0	77954901	1	gorGor3	16
HOMININI	19	0	77954901	1	hg19	16
HOMININI	19	0	3816172	-1	mm10	17
HOMININI	19	3816172	18845345	1	mm10	16
HOMININI	19	18845345	20934525	-1	mm10	7
HOMININI	19	20934525	33764081	1	mm10	7
HOMININI	19	34167414	59727390	1	mm10	8
HOMININI	19	59727390	63760417	-1	mm10	8
HOMININI	19	63760417	77954901	1	mm10	8
HOMININI	19	0	7597047	1	monDom5	6
HOMININI	19	7597047	10379534	-1	monDom5	6
HOMININI	19	10379534	19059692	-1	monDom5	6
HOMININI	19	19059692	22439016	1	monDom5	6
HOMININI	19	22439016	23870089	-1	monDom5	6
HOMININI	19	23870089	26684691	1	monDom5	6
HOMININI	19	26684691	28138771	-1	monDom5	6
HOMININI	19	28138771	29435305	1	monDom5	6
HOMININI	19	29435305	33037430	-1	monDom5	6
HOMININI	19	33037430	33764081	1	monDom5	6
HOMININI	19	34167414	44239617	1	monDom5	1
HOMININI	19	44239617	45291593	-1	monDom5	1
HOMININI	19	45291593	57686503	1	monDom5	1
HOMININI	19	57686503	58665334	1	monDom5	1
HOMININI	19	58665334	59790081	1	monDom5	1
HOMININI	19	59790081	62392837	-1	monDom5	1
HOMININI	19	62392837	65099402	-1	monDom5	6
HOMININI	19	65099402	68242962	-1	monDom5	1
HOMININI	19	68242962	70673750	1	monDom5	1
HOMININI	19	70673750	77954901	1	monDom5	1
HOMININI	19	0	15318666	1	oryCun2	6
HOMININI	19	15318666	17074094	-1	oryCun2	6
HOMININI	19	17074094	19849496	1	oryCun2	6
HOMININI	19	19849496	21504199	-1	oryCun2	6
HOMININI	19	21504199	33764081	1	oryCun2	6
HOMININI	19	34167414	59989637	1	oryCun2	5
HOMININI	19	59989637	65567659	-1	oryCun2	5
HOMININI	19	65567659	77954901	1	oryCun2	5
HOMININI	19	0	33764081	1	panTro3	16
HOMININI	19	33764081	34167414	-1	panTro3	16
HOMININI	19	34167414	77954901	1	panTro3	16
HOMININI	19	0	57897752	1	ponAbe2	16
HOMININI	19	57897752	61917767	-1	ponAbe2	16
HOMININI	19	61917767	77954901	1	ponAbe2	16
HOMININI	19	0	17594847	1	rheMac3	20
HOMININI	19	17594847	19697863	-1	rheMac3	20
HOMININI	19	19697863	57884642	1	rheMac3	20
HOMININI	19	57884642	61849982	-1	rheMac3	20
HOMININI	19	61849982	77954901	1	rheMac3	20
HOMININI	19	0	19071581	-1	rn4	10
HOMININI	19	19071581	21078458	-1	rn4	1
HOMININI	19	21078458	33764081	1	rn4	1
HOMININI	19	34167414	43466621	-1	rn4	19
HOMININI	19	43466621	56661033	-1	rn4	19
HOMININI	19	56661033	59496405	1	rn4	19
HOMININI	19	59496405	63528959	-1	rn4	19
HOMININI	19	63528959	77954901	1	rn4	19
HOMININI	19	0	2486450	1	susScr2	3
HOMININI	19	2486450	18105414	-1	susScr2	3
HOMININI	19	18105414	19708718	1	susScr2	3
HOMININI	19	19708718	33764081	-1	susScr2	3
HOMININI	19	34167414	58299226	-1	susScr2	6
HOMININI	19	58299226	61552242	1	susScr2	6
HOMININI	19	61552242	77954901	-1	susScr2	6
HOMININI	19	0	18475151	1	bosTau7	25
HOMININI	19	18475151	19874150	-1	bosTau7	25
HOMININI	19	19874150	33764081	1	bosTau7	25
HOMININI	19	34167414	59218547	1	bosTau7	18
HOMININI	19	59218547	63141765	-1	bosTau7	18
HOMININI	19	63141765	77954901	1	bosTau7	18
HOMININI	19	0	2212265	1	calJac3	12
HOMININI	19	2212265	3052177	-1	calJac3	12
HOMININI	19	3052177	13623950	1	calJac3	12
HOMININI	19	13623950	19546244	-1	calJac3	12
HOMININI	19	19546244	21332347	-1	calJac3	12
HOMININI	19	21332347	34167414	1	calJac3	12
HOMININI	19	34167414	57880817	1	calJac3	20
HOMININI	19	57880817	61705954	-1	calJac3	20
HOMININI	19	61705954	77954901	1	calJac3	20
HOMININI	19	0	18934634	-1	canFam2	6
HOMININI	19	18934634	20969253	1	canFam2	6
HOMININI	19	20969253	33764081	-1	canFam2	6
HOMININI	19	34167414	46525070	-1	canFam2	2
HOMININI	19	46525070	57874806	-1	canFam2	5
HOMININI	19	57874806	62278158	1	canFam2	5
HOMININI	19	62278158	77954901	-1	canFam2	5
HOMININI	19	0	18304511	1	capHir1	25
HOMININI	19	18304511	19538474	-1	capHir1	25
HOMININI	19	19538474	33764081	1	capHir1	25
HOMININI	19	34167414	59334887	1	capHir1	18
HOMININI	19	59334887	62950529	-1	capHir1	18
HOMININI	19	62950529	77954901	1	capHir1	18
HOMININI	19	0	19608479	-1	equCab2	13
HOMININI	19	19608479	21331314	1	equCab2	13
HOMININI	19	21331314	33764081	-1	equCab2	13
HOMININI	19	34167414	58153936	1	equCab2	3
HOMININI	19	58153936	62343752	-1	equCab2	3
HOMININI	19	62343752	77954901	1	equCab2	3
HOMININI	19	0	6855417	-1	galGal3	14
HOMININI	19	6855417	33764081	-1	galGal3	14
HOMININI	19	34167414	53668550	-1	galGal3	11
HOMININI	19	53668550	62990224	-1	galGal3	11
HOMININI	19	62990224	77954901	1	galGal3	11
HOMININI	19	0	77954901	1	gorGor3	16
HOMININI	19	0	77954901	1	hg19	16
HOMININI	19	0	3816172	-1	mm10	17
HOMININI	19	3816172	18845345	1	mm10	16
HOMININI	19	18845345	20934525	-1	mm10	7
HOMININI	19	20934525	33764081	1	mm10	7
HOMININI	19	34167414	59727390	1	mm10	8
HOMININI	19	59727390	63760417	-1	mm10	8
HOMININI	19	63760417	77954901	1	mm10	8
HOMININI	19	0	7597047	1	monDom5	6
HOMININI	19	7597047	10379534	-1	monDom5	6
HOMININI	19	10379534	19059692	-1	monDom5	6
HOMININI	19	19059692	22439016	1	monDom5	6
HOMININI	19	22439016	23870089	-1	monDom5	6
HOMININI	19	23870089	26684691	1	monDom5	6
HOMININI	19	26684691	28138771	-1	monDom5	6
HOMININI	19	28138771	29435305	1	monDom5	6
HOMININI	19	29435305	33037430	-1	monDom5	6
HOMININI	19	33037430	33764081	1	monDom5	6
HOMININI	19	34167414	44239617	1	monDom5	1
HOMININI	19	44239617	45291593	-1	monDom5	1
HOMININI	19	45291593	57686503	1	monDom5	1
HOMININI	19	57686503	58665334	1	monDom5	1
HOMININI	19	58665334	59790081	1	monDom5	1
HOMININI	19	59790081	62392837	-1	monDom5	1
HOMININI	19	62392837	65099402	-1	monDom5	6
HOMININI	19	65099402	68242962	-1	monDom5	1
HOMININI	19	68242962	70673750	1	monDom5	1
HOMININI	19	70673750	77954901	1	monDom5	1
HOMININI	19	0	15318666	1	oryCun2	6
HOMININI	19	15318666	17074094	-1	oryCun2	6
HOMININI	19	17074094	19849496	1	oryCun2	6
HOMININI	19	19849496	21504199	-1	oryCun2	6
HOMININI	19	21504199	33764081	1	oryCun2	6
HOMININI	19	34167414	59989637	1	oryCun2	5
HOMININI	19	59989637	65567659	-1	oryCun2	5
HOMININI	19	65567659	77954901	1	oryCun2	5
HOMININI	19	0	33764081	1	panTro3	16
HOMININI	19	33764081	34167414	-1	panTro3	16
HOMININI	19	34167414	77954901	1	panTro3	16
HOMININI	19	0	57897752	1	ponAbe2	16
HOMININI	19	57897752	61917767	-1	ponAbe2	16
HOMININI	19	61917767	77954901	1	ponAbe2	16
HOMININI	19	0	17594847	1	rheMac3	20
HOMININI	19	17594847	19697863	-1	rheMac3	20
HOMININI	19	19697863	57884642	1	rheMac3	20
HOMININI	19	57884642	61849982	-1	rheMac3	20
HOMININI	19	61849982	77954901	1	rheMac3	20
HOMININI	19	0	19071581	-1	rn4	10
HOMININI	19	19071581	21078458	-1	rn4	1
HOMININI	19	21078458	33764081	1	rn4	1
HOMININI	19	34167414	43466621	-1	rn4	19
HOMININI	19	43466621	56661033	-1	rn4	19
HOMININI	19	56661033	59496405	1	rn4	19
HOMININI	19	59496405	63528959	-1	rn4	19
HOMININI	19	63528959	77954901	1	rn4	19
HOMININI	19	0	2486450	1	susScr2	3
HOMININI	19	2486450	18105414	-1	susScr2	3
HOMININI	19	18105414	19708718	1	susScr2	3
HOMININI	19	19708718	33764081	-1	susScr2	3
HOMININI	19	34167414	58299226	-1	susScr2	6
HOMININI	19	58299226	61552242	1	susScr2	6
HOMININI	19	61552242	77954901	-1	susScr2	6
