HOMININI	20	0	15254350	1	bosTau7	24
HOMININI	20	15254350	40057310	-1	bosTau7	24
HOMININI	20	40057310	61053932	1	bosTau7	24
HOMININI	20	61053932	74749605	-1	bosTau7	24
HOMININI	20	0	12884904	-1	calJac3	13
HOMININI	20	12884904	14538634	1	calJac3	13
HOMININI	20	14538634	15254350	-1	calJac3	13
HOMININI	20	15254350	74749605	1	calJac3	13
HOMININI	20	0	14219078	1	canFam2	7
HOMININI	20	14219078	15254350	-1	canFam2	1
HOMININI	20	15254350	43733690	-1	canFam2	7
HOMININI	20	43733690	46064836	-1	canFam2	7
HOMININI	20	46064836	74749605	-1	canFam2	1
HOMININI	20	0	15254350	1	capHir1	24
HOMININI	20	15254350	40802714	-1	capHir1	24
HOMININI	20	40802714	60919129	1	capHir1	24
HOMININI	20	60919129	74749605	-1	capHir1	24
HOMININI	20	0	5961767	1	equCab2	8
HOMININI	20	5961767	9705959	1	equCab2	8
HOMININI	20	9705959	10158123	-1	equCab2	8
HOMININI	20	10158123	13003363	1	equCab2	8
HOMININI	20	13003363	15254350	-1	equCab2	8
HOMININI	20	15254350	16902765	-1	equCab2	8
HOMININI	20	16902765	74749605	1	equCab2	8
HOMININI	20	0	15254350	-1	galGal3	2
HOMININI	20	15254350	31435327	1	galGal3	2
HOMININI	20	31435327	48365326	-1	galGal3	Z
HOMININI	20	48365326	52178514	-1	galGal3	2
HOMININI	20	52178514	70050420	-1	galGal3	2
HOMININI	20	70050420	74749605	-1	galGal3	2
HOMININI	20	0	74749605	1	gorGor3	18
HOMININI	20	0	74749605	1	hg19	18
HOMININI	20	0	681279	-1	mm10	18
HOMININI	20	681279	3030969	1	mm10	17
HOMININI	20	3030969	11916824	-1	mm10	17
HOMININI	20	11916824	13297404	1	mm10	18
HOMININI	20	13297404	15254350	1	mm10	18
HOMININI	20	15254350	38454165	1	mm10	18
HOMININI	20	38454165	50853803	-1	mm10	18
HOMININI	20	50853803	54483041	1	mm10	18
HOMININI	20	54483041	63410241	1	mm10	1
HOMININI	20	63410241	74749605	-1	mm10	18
HOMININI	20	0	9069841	1	monDom5	3
HOMININI	20	9069841	9352382	-1	monDom5	2
HOMININI	20	9352382	15254350	1	monDom5	3
HOMININI	20	15254350	22105565	-1	monDom5	3
HOMININI	20	22105565	26873962	-1	monDom5	3
HOMININI	20	26873962	30267010	-1	monDom5	3
HOMININI	20	30267010	33159218	-1	monDom5	3
HOMININI	20	33159218	40293282	-1	monDom5	3
HOMININI	20	40293282	46890645	1	monDom5	3
HOMININI	20	46890645	49632258	-1	monDom5	3
HOMININI	20	49632258	53881945	-1	monDom5	3
HOMININI	20	53881945	57182697	1	monDom5	3
HOMININI	20	57182697	74749605	1	monDom5	3
HOMININI	20	0	15254350	-1	oryCun2	9
HOMININI	20	15254350	74749605	1	oryCun2	9
HOMININI	20	0	15254350	-1	panTro3	18
HOMININI	20	15254350	74749605	1	panTro3	18
HOMININI	20	0	15254350	-1	ponAbe2	18
HOMININI	20	15254350	74749605	1	ponAbe2	18
HOMININI	20	0	11271584	-1	rheMac3	18
HOMININI	20	11271584	12949971	1	rheMac3	18
HOMININI	20	12949971	15254350	-1	rheMac3	18
HOMININI	20	15254350	74749605	1	rheMac3	18
HOMININI	20	0	675842	-1	rn4	18
HOMININI	20	675842	12193127	-1	rn4	9
HOMININI	20	12193127	13556414	1	rn4	18
HOMININI	20	13556414	14771113	1	rn4	18
HOMININI	20	14771113	15254350	-1	rn4	18
HOMININI	20	15254350	40593669	1	rn4	18
HOMININI	20	40593669	53861596	-1	rn4	18
HOMININI	20	53861596	56531190	1	rn4	18
HOMININI	20	56531190	64992993	1	rn4	13
HOMININI	20	64992993	74749605	-1	rn4	18
HOMININI	20	0	15254350	-1	susScr2	6
HOMININI	20	15254350	36706890	1	susScr2	6
HOMININI	20	36706890	52083393	1	susScr2	1
HOMININI	20	52083393	74749605	-1	susScr2	1
HOMININI	20	0	15254350	1	bosTau7	24
HOMININI	20	15254350	40057310	-1	bosTau7	24
HOMININI	20	40057310	61053932	1	bosTau7	24
HOMININI	20	61053932	74749605	-1	bosTau7	24
HOMININI	20	0	12884904	-1	calJac3	13
HOMININI	20	12884904	14538634	1	calJac3	13
HOMININI	20	14538634	15254350	-1	calJac3	13
HOMININI	20	15254350	74749605	1	calJac3	13
HOMININI	20	0	14219078	1	canFam2	7
HOMININI	20	14219078	15254350	-1	canFam2	1
HOMININI	20	15254350	43733690	-1	canFam2	7
HOMININI	20	43733690	46064836	-1	canFam2	7
HOMININI	20	46064836	74749605	-1	canFam2	1
HOMININI	20	0	15254350	1	capHir1	24
HOMININI	20	15254350	40802714	-1	capHir1	24
HOMININI	20	40802714	60919129	1	capHir1	24
HOMININI	20	60919129	74749605	-1	capHir1	24
HOMININI	20	0	5961767	1	equCab2	8
HOMININI	20	5961767	9705959	1	equCab2	8
HOMININI	20	9705959	10158123	-1	equCab2	8
HOMININI	20	10158123	13003363	1	equCab2	8
HOMININI	20	13003363	15254350	-1	equCab2	8
HOMININI	20	15254350	16902765	-1	equCab2	8
HOMININI	20	16902765	74749605	1	equCab2	8
HOMININI	20	0	15254350	-1	galGal3	2
HOMININI	20	15254350	31435327	1	galGal3	2
HOMININI	20	31435327	48365326	-1	galGal3	Z
HOMININI	20	48365326	52178514	-1	galGal3	2
HOMININI	20	52178514	70050420	-1	galGal3	2
HOMININI	20	70050420	74749605	-1	galGal3	2
HOMININI	20	0	74749605	1	gorGor3	18
HOMININI	20	0	74749605	1	hg19	18
HOMININI	20	0	681279	-1	mm10	18
HOMININI	20	681279	3030969	1	mm10	17
HOMININI	20	3030969	11916824	-1	mm10	17
HOMININI	20	11916824	13297404	1	mm10	18
HOMININI	20	13297404	15254350	1	mm10	18
HOMININI	20	15254350	38454165	1	mm10	18
HOMININI	20	38454165	50853803	-1	mm10	18
HOMININI	20	50853803	54483041	1	mm10	18
HOMININI	20	54483041	63410241	1	mm10	1
HOMININI	20	63410241	74749605	-1	mm10	18
HOMININI	20	0	9069841	1	monDom5	3
HOMININI	20	9069841	9352382	-1	monDom5	2
HOMININI	20	9352382	15254350	1	monDom5	3
HOMININI	20	15254350	22105565	-1	monDom5	3
HOMININI	20	22105565	26873962	-1	monDom5	3
HOMININI	20	26873962	30267010	-1	monDom5	3
HOMININI	20	30267010	33159218	-1	monDom5	3
HOMININI	20	33159218	40293282	-1	monDom5	3
HOMININI	20	40293282	46890645	1	monDom5	3
HOMININI	20	46890645	49632258	-1	monDom5	3
HOMININI	20	49632258	53881945	-1	monDom5	3
HOMININI	20	53881945	57182697	1	monDom5	3
HOMININI	20	57182697	74749605	1	monDom5	3
HOMININI	20	0	15254350	-1	oryCun2	9
HOMININI	20	15254350	74749605	1	oryCun2	9
HOMININI	20	0	15254350	-1	panTro3	18
HOMININI	20	15254350	74749605	1	panTro3	18
HOMININI	20	0	15254350	-1	ponAbe2	18
HOMININI	20	15254350	74749605	1	ponAbe2	18
HOMININI	20	0	11271584	-1	rheMac3	18
HOMININI	20	11271584	12949971	1	rheMac3	18
HOMININI	20	12949971	15254350	-1	rheMac3	18
HOMININI	20	15254350	74749605	1	rheMac3	18
HOMININI	20	0	675842	-1	rn4	18
HOMININI	20	675842	12193127	-1	rn4	9
HOMININI	20	12193127	13556414	1	rn4	18
HOMININI	20	13556414	14771113	1	rn4	18
HOMININI	20	14771113	15254350	-1	rn4	18
HOMININI	20	15254350	40593669	1	rn4	18
HOMININI	20	40593669	53861596	-1	rn4	18
HOMININI	20	53861596	56531190	1	rn4	18
HOMININI	20	56531190	64992993	1	rn4	13
HOMININI	20	64992993	74749605	-1	rn4	18
HOMININI	20	0	15254350	-1	susScr2	6
HOMININI	20	15254350	36706890	1	susScr2	6
HOMININI	20	36706890	52083393	1	susScr2	1
HOMININI	20	52083393	74749605	-1	susScr2	1
