HOMININI	7	0	1887657	-1	calJac3	2
HOMININI	7	1887657	4184190	-1	calJac3	2
HOMININI	7	4184190	4737570	1	calJac3	2
HOMININI	7	4737570	28238240	-1	calJac3	8
HOMININI	7	28238240	31830400	1	calJac3	8
HOMININI	7	31830400	34429199	-1	calJac3	2
HOMININI	7	34429199	50983499	1	calJac3	8
HOMININI	7	50983499	51656783	-1	calJac3	8
HOMININI	7	51656783	55150008	1	calJac3	8
HOMININI	7	55150008	55300381	-1	calJac3	2
HOMININI	7	56120795	58108986	1	calJac3	2
HOMININI	7	58108986	64077878	-1	calJac3	2
HOMININI	7	64077878	65646921	-1	calJac3	2
HOMININI	7	65646921	86300017	-1	calJac3	8
HOMININI	7	86300017	91018913	-1	calJac3	2
HOMININI	7	91018913	107695646	1	calJac3	8
HOMININI	7	107695646	149776644	-1	calJac3	8
HOMININI	7	0	149776644	1	gorGor3	7
HOMININI	7	0	149776644	1	hg19	7
HOMININI	7	0	4306617	1	panTro3	7
HOMININI	7	4306617	4737570	-1	panTro3	7
HOMININI	7	4737570	37621467	1	panTro3	7
HOMININI	7	37621467	41747068	-1	panTro3	7
HOMININI	7	41747068	50983499	1	panTro3	7
HOMININI	7	50983499	51656783	-1	panTro3	7
HOMININI	7	51656783	55300381	1	panTro3	7
HOMININI	7	55300381	55682742	-1	panTro3	7
HOMININI	7	55682742	56120795	1	panTro3	7
HOMININI	7	56120795	64077878	1	panTro3	7
HOMININI	7	64077878	65646921	-1	panTro3	7
HOMININI	7	65646921	149776644	1	panTro3	7
HOMININI	7	0	1887657	-1	calJac3	2
HOMININI	7	1887657	4184190	-1	calJac3	2
HOMININI	7	4184190	4737570	1	calJac3	2
HOMININI	7	4737570	28238240	-1	calJac3	8
HOMININI	7	28238240	31830400	1	calJac3	8
HOMININI	7	31830400	34429199	-1	calJac3	2
HOMININI	7	34429199	50983499	1	calJac3	8
HOMININI	7	50983499	51656783	-1	calJac3	8
HOMININI	7	51656783	55150008	1	calJac3	8
HOMININI	7	55150008	55300381	-1	calJac3	2
HOMININI	7	56120795	58108986	1	calJac3	2
HOMININI	7	58108986	64077878	-1	calJac3	2
HOMININI	7	64077878	65646921	-1	calJac3	2
HOMININI	7	65646921	86300017	-1	calJac3	8
HOMININI	7	86300017	91018913	-1	calJac3	2
HOMININI	7	91018913	107695646	1	calJac3	8
HOMININI	7	107695646	149776644	-1	calJac3	8
HOMININI	7	0	149776644	1	gorGor3	7
HOMININI	7	0	149776644	1	hg19	7
HOMININI	7	0	4306617	1	panTro3	7
HOMININI	7	4306617	4737570	-1	panTro3	7
HOMININI	7	4737570	37621467	1	panTro3	7
HOMININI	7	37621467	41747068	-1	panTro3	7
HOMININI	7	41747068	50983499	1	panTro3	7
HOMININI	7	50983499	51656783	-1	panTro3	7
HOMININI	7	51656783	55300381	1	panTro3	7
HOMININI	7	55300381	55682742	-1	panTro3	7
HOMININI	7	55682742	56120795	1	panTro3	7
HOMININI	7	56120795	64077878	1	panTro3	7
HOMININI	7	64077878	65646921	-1	panTro3	7
HOMININI	7	65646921	149776644	1	panTro3	7
HOMININI	7	0	1887657	-1	calJac3	2
HOMININI	7	1887657	4184190	-1	calJac3	2
HOMININI	7	4184190	4737570	1	calJac3	2
HOMININI	7	4737570	28238240	-1	calJac3	8
HOMININI	7	28238240	31830400	1	calJac3	8
HOMININI	7	31830400	34429199	-1	calJac3	2
HOMININI	7	34429199	50983499	1	calJac3	8
HOMININI	7	50983499	51656783	-1	calJac3	8
HOMININI	7	51656783	55150008	1	calJac3	8
HOMININI	7	55150008	55300381	-1	calJac3	2
HOMININI	7	56120795	58108986	1	calJac3	2
HOMININI	7	58108986	64077878	-1	calJac3	2
HOMININI	7	64077878	65646921	-1	calJac3	2
HOMININI	7	65646921	86300017	-1	calJac3	8
HOMININI	7	86300017	91018913	-1	calJac3	2
HOMININI	7	91018913	107695646	1	calJac3	8
HOMININI	7	107695646	149776644	-1	calJac3	8
HOMININI	7	0	149776644	1	gorGor3	7
HOMININI	7	0	149776644	1	hg19	7
HOMININI	7	0	4306617	1	panTro3	7
HOMININI	7	4306617	4737570	-1	panTro3	7
HOMININI	7	4737570	37621467	1	panTro3	7
HOMININI	7	37621467	41747068	-1	panTro3	7
HOMININI	7	41747068	50983499	1	panTro3	7
HOMININI	7	50983499	51656783	-1	panTro3	7
HOMININI	7	51656783	55300381	1	panTro3	7
HOMININI	7	55300381	55682742	-1	panTro3	7
HOMININI	7	55682742	56120795	1	panTro3	7
HOMININI	7	56120795	64077878	1	panTro3	7
HOMININI	7	64077878	65646921	-1	panTro3	7
HOMININI	7	65646921	149776644	1	panTro3	7
HOMININI	7	0	1887657	-1	calJac3	2
HOMININI	7	1887657	4184190	-1	calJac3	2
HOMININI	7	4184190	4737570	1	calJac3	2
HOMININI	7	4737570	28238240	-1	calJac3	8
HOMININI	7	28238240	31830400	1	calJac3	8
HOMININI	7	31830400	34429199	-1	calJac3	2
HOMININI	7	34429199	50983499	1	calJac3	8
HOMININI	7	50983499	51656783	-1	calJac3	8
HOMININI	7	51656783	55150008	1	calJac3	8
HOMININI	7	55150008	55300381	-1	calJac3	2
HOMININI	7	56120795	58108986	1	calJac3	2
HOMININI	7	58108986	64077878	-1	calJac3	2
HOMININI	7	64077878	65646921	-1	calJac3	2
HOMININI	7	65646921	86300017	-1	calJac3	8
HOMININI	7	86300017	91018913	-1	calJac3	2
HOMININI	7	91018913	107695646	1	calJac3	8
HOMININI	7	107695646	149776644	-1	calJac3	8
HOMININI	7	0	149776644	1	gorGor3	7
HOMININI	7	0	149776644	1	hg19	7
HOMININI	7	0	4306617	1	panTro3	7
HOMININI	7	4306617	4737570	-1	panTro3	7
HOMININI	7	4737570	37621467	1	panTro3	7
HOMININI	7	37621467	41747068	-1	panTro3	7
HOMININI	7	41747068	50983499	1	panTro3	7
HOMININI	7	50983499	51656783	-1	panTro3	7
HOMININI	7	51656783	55300381	1	panTro3	7
HOMININI	7	55300381	55682742	-1	panTro3	7
HOMININI	7	55682742	56120795	1	panTro3	7
HOMININI	7	56120795	64077878	1	panTro3	7
HOMININI	7	64077878	65646921	-1	panTro3	7
HOMININI	7	65646921	149776644	1	panTro3	7
HOMININI	7	0	1887657	-1	calJac3	2
HOMININI	7	1887657	4184190	-1	calJac3	2
HOMININI	7	4184190	4737570	1	calJac3	2
HOMININI	7	4737570	28238240	-1	calJac3	8
HOMININI	7	28238240	31830400	1	calJac3	8
HOMININI	7	31830400	34429199	-1	calJac3	2
HOMININI	7	34429199	50983499	1	calJac3	8
HOMININI	7	50983499	51656783	-1	calJac3	8
HOMININI	7	51656783	55150008	1	calJac3	8
HOMININI	7	55150008	55300381	-1	calJac3	2
HOMININI	7	56120795	58108986	1	calJac3	2
HOMININI	7	58108986	64077878	-1	calJac3	2
HOMININI	7	64077878	65646921	-1	calJac3	2
HOMININI	7	65646921	86300017	-1	calJac3	8
HOMININI	7	86300017	91018913	-1	calJac3	2
HOMININI	7	91018913	107695646	1	calJac3	8
HOMININI	7	107695646	149776644	-1	calJac3	8
HOMININI	7	0	149776644	1	gorGor3	7
HOMININI	7	0	149776644	1	hg19	7
HOMININI	7	0	4306617	1	panTro3	7
HOMININI	7	4306617	4737570	-1	panTro3	7
HOMININI	7	4737570	37621467	1	panTro3	7
HOMININI	7	37621467	41747068	-1	panTro3	7
HOMININI	7	41747068	50983499	1	panTro3	7
HOMININI	7	50983499	51656783	-1	panTro3	7
HOMININI	7	51656783	55300381	1	panTro3	7
HOMININI	7	55300381	55682742	-1	panTro3	7
HOMININI	7	55682742	56120795	1	panTro3	7
HOMININI	7	56120795	64077878	1	panTro3	7
HOMININI	7	64077878	65646921	-1	panTro3	7
HOMININI	7	65646921	149776644	1	panTro3	7
HOMININI	7	0	1887657	-1	calJac3	2
HOMININI	7	1887657	4184190	-1	calJac3	2
HOMININI	7	4184190	4737570	1	calJac3	2
HOMININI	7	4737570	28238240	-1	calJac3	8
HOMININI	7	28238240	31830400	1	calJac3	8
HOMININI	7	31830400	34429199	-1	calJac3	2
HOMININI	7	34429199	50983499	1	calJac3	8
HOMININI	7	50983499	51656783	-1	calJac3	8
HOMININI	7	51656783	55150008	1	calJac3	8
HOMININI	7	55150008	55300381	-1	calJac3	2
HOMININI	7	56120795	58108986	1	calJac3	2
HOMININI	7	58108986	64077878	-1	calJac3	2
HOMININI	7	64077878	65646921	-1	calJac3	2
HOMININI	7	65646921	86300017	-1	calJac3	8
HOMININI	7	86300017	91018913	-1	calJac3	2
HOMININI	7	91018913	107695646	1	calJac3	8
HOMININI	7	107695646	149776644	-1	calJac3	8
HOMININI	7	0	149776644	1	gorGor3	7
HOMININI	7	0	149776644	1	hg19	7
HOMININI	7	0	4306617	1	panTro3	7
HOMININI	7	4306617	4737570	-1	panTro3	7
HOMININI	7	4737570	37621467	1	panTro3	7
HOMININI	7	37621467	41747068	-1	panTro3	7
HOMININI	7	41747068	50983499	1	panTro3	7
HOMININI	7	50983499	51656783	-1	panTro3	7
HOMININI	7	51656783	55300381	1	panTro3	7
HOMININI	7	55300381	55682742	-1	panTro3	7
HOMININI	7	55682742	56120795	1	panTro3	7
HOMININI	7	56120795	64077878	1	panTro3	7
HOMININI	7	64077878	65646921	-1	panTro3	7
HOMININI	7	65646921	149776644	1	panTro3	7
HOMININI	7	0	1887657	-1	calJac3	2
HOMININI	7	1887657	4184190	-1	calJac3	2
HOMININI	7	4184190	4737570	1	calJac3	2
HOMININI	7	4737570	28238240	-1	calJac3	8
HOMININI	7	28238240	31830400	1	calJac3	8
HOMININI	7	31830400	34429199	-1	calJac3	2
HOMININI	7	34429199	50983499	1	calJac3	8
HOMININI	7	50983499	51656783	-1	calJac3	8
HOMININI	7	51656783	55150008	1	calJac3	8
HOMININI	7	55150008	55300381	-1	calJac3	2
HOMININI	7	56120795	58108986	1	calJac3	2
HOMININI	7	58108986	64077878	-1	calJac3	2
HOMININI	7	64077878	65646921	-1	calJac3	2
HOMININI	7	65646921	86300017	-1	calJac3	8
HOMININI	7	86300017	91018913	-1	calJac3	2
HOMININI	7	91018913	107695646	1	calJac3	8
HOMININI	7	107695646	149776644	-1	calJac3	8
HOMININI	7	0	149776644	1	gorGor3	7
HOMININI	7	0	149776644	1	hg19	7
HOMININI	7	0	4306617	1	panTro3	7
HOMININI	7	4306617	4737570	-1	panTro3	7
HOMININI	7	4737570	37621467	1	panTro3	7
HOMININI	7	37621467	41747068	-1	panTro3	7
HOMININI	7	41747068	50983499	1	panTro3	7
HOMININI	7	50983499	51656783	-1	panTro3	7
HOMININI	7	51656783	55300381	1	panTro3	7
HOMININI	7	55300381	55682742	-1	panTro3	7
HOMININI	7	55682742	56120795	1	panTro3	7
HOMININI	7	56120795	64077878	1	panTro3	7
HOMININI	7	64077878	65646921	-1	panTro3	7
HOMININI	7	65646921	149776644	1	panTro3	7
HOMININI	7	0	1887657	-1	calJac3	2
HOMININI	7	1887657	4184190	-1	calJac3	2
HOMININI	7	4184190	4737570	1	calJac3	2
HOMININI	7	4737570	28238240	-1	calJac3	8
HOMININI	7	28238240	31830400	1	calJac3	8
HOMININI	7	31830400	34429199	-1	calJac3	2
HOMININI	7	34429199	50983499	1	calJac3	8
HOMININI	7	50983499	51656783	-1	calJac3	8
HOMININI	7	51656783	55150008	1	calJac3	8
HOMININI	7	55150008	55300381	-1	calJac3	2
HOMININI	7	56120795	58108986	1	calJac3	2
HOMININI	7	58108986	64077878	-1	calJac3	2
HOMININI	7	64077878	65646921	-1	calJac3	2
HOMININI	7	65646921	86300017	-1	calJac3	8
HOMININI	7	86300017	91018913	-1	calJac3	2
HOMININI	7	91018913	107695646	1	calJac3	8
HOMININI	7	107695646	149776644	-1	calJac3	8
HOMININI	7	0	149776644	1	gorGor3	7
HOMININI	7	0	149776644	1	hg19	7
HOMININI	7	0	4306617	1	panTro3	7
HOMININI	7	4306617	4737570	-1	panTro3	7
HOMININI	7	4737570	37621467	1	panTro3	7
HOMININI	7	37621467	41747068	-1	panTro3	7
HOMININI	7	41747068	50983499	1	panTro3	7
HOMININI	7	50983499	51656783	-1	panTro3	7
HOMININI	7	51656783	55300381	1	panTro3	7
HOMININI	7	55300381	55682742	-1	panTro3	7
HOMININI	7	55682742	56120795	1	panTro3	7
HOMININI	7	56120795	64077878	1	panTro3	7
HOMININI	7	64077878	65646921	-1	panTro3	7
HOMININI	7	65646921	149776644	1	panTro3	7
HOMININI	7	0	1887657	-1	calJac3	2
HOMININI	7	1887657	4184190	-1	calJac3	2
HOMININI	7	4184190	4737570	1	calJac3	2
HOMININI	7	4737570	28238240	-1	calJac3	8
HOMININI	7	28238240	31830400	1	calJac3	8
HOMININI	7	31830400	34429199	-1	calJac3	2
HOMININI	7	34429199	50983499	1	calJac3	8
HOMININI	7	50983499	51656783	-1	calJac3	8
HOMININI	7	51656783	55150008	1	calJac3	8
HOMININI	7	55150008	55300381	-1	calJac3	2
HOMININI	7	56120795	58108986	1	calJac3	2
HOMININI	7	58108986	64077878	-1	calJac3	2
HOMININI	7	64077878	65646921	-1	calJac3	2
HOMININI	7	65646921	86300017	-1	calJac3	8
HOMININI	7	86300017	91018913	-1	calJac3	2
HOMININI	7	91018913	107695646	1	calJac3	8
HOMININI	7	107695646	149776644	-1	calJac3	8
HOMININI	7	0	149776644	1	gorGor3	7
HOMININI	7	0	149776644	1	hg19	7
HOMININI	7	0	4306617	1	panTro3	7
HOMININI	7	4306617	4737570	-1	panTro3	7
HOMININI	7	4737570	37621467	1	panTro3	7
HOMININI	7	37621467	41747068	-1	panTro3	7
HOMININI	7	41747068	50983499	1	panTro3	7
HOMININI	7	50983499	51656783	-1	panTro3	7
HOMININI	7	51656783	55300381	1	panTro3	7
HOMININI	7	55300381	55682742	-1	panTro3	7
HOMININI	7	55682742	56120795	1	panTro3	7
HOMININI	7	56120795	64077878	1	panTro3	7
HOMININI	7	64077878	65646921	-1	panTro3	7
HOMININI	7	65646921	149776644	1	panTro3	7
HOMININI	7	0	1887657	-1	calJac3	2
HOMININI	7	1887657	4184190	-1	calJac3	2
HOMININI	7	4184190	4737570	1	calJac3	2
HOMININI	7	4737570	28238240	-1	calJac3	8
HOMININI	7	28238240	31830400	1	calJac3	8
HOMININI	7	31830400	34429199	-1	calJac3	2
HOMININI	7	34429199	50983499	1	calJac3	8
HOMININI	7	50983499	51656783	-1	calJac3	8
HOMININI	7	51656783	55150008	1	calJac3	8
HOMININI	7	55150008	55300381	-1	calJac3	2
HOMININI	7	56120795	58108986	1	calJac3	2
HOMININI	7	58108986	64077878	-1	calJac3	2
HOMININI	7	64077878	65646921	-1	calJac3	2
HOMININI	7	65646921	86300017	-1	calJac3	8
HOMININI	7	86300017	91018913	-1	calJac3	2
HOMININI	7	91018913	107695646	1	calJac3	8
HOMININI	7	107695646	149776644	-1	calJac3	8
HOMININI	7	0	149776644	1	gorGor3	7
HOMININI	7	0	149776644	1	hg19	7
HOMININI	7	0	4306617	1	panTro3	7
HOMININI	7	4306617	4737570	-1	panTro3	7
HOMININI	7	4737570	37621467	1	panTro3	7
HOMININI	7	37621467	41747068	-1	panTro3	7
HOMININI	7	41747068	50983499	1	panTro3	7
HOMININI	7	50983499	51656783	-1	panTro3	7
HOMININI	7	51656783	55300381	1	panTro3	7
HOMININI	7	55300381	55682742	-1	panTro3	7
HOMININI	7	55682742	56120795	1	panTro3	7
HOMININI	7	56120795	64077878	1	panTro3	7
HOMININI	7	64077878	65646921	-1	panTro3	7
HOMININI	7	65646921	149776644	1	panTro3	7
HOMININI	7	0	1887657	-1	calJac3	2
HOMININI	7	1887657	4184190	-1	calJac3	2
HOMININI	7	4184190	4737570	1	calJac3	2
HOMININI	7	4737570	28238240	-1	calJac3	8
HOMININI	7	28238240	31830400	1	calJac3	8
HOMININI	7	31830400	34429199	-1	calJac3	2
HOMININI	7	34429199	50983499	1	calJac3	8
HOMININI	7	50983499	51656783	-1	calJac3	8
HOMININI	7	51656783	55150008	1	calJac3	8
HOMININI	7	55150008	55300381	-1	calJac3	2
HOMININI	7	56120795	58108986	1	calJac3	2
HOMININI	7	58108986	64077878	-1	calJac3	2
HOMININI	7	64077878	65646921	-1	calJac3	2
HOMININI	7	65646921	86300017	-1	calJac3	8
HOMININI	7	86300017	91018913	-1	calJac3	2
HOMININI	7	91018913	107695646	1	calJac3	8
HOMININI	7	107695646	149776644	-1	calJac3	8
HOMININI	7	0	149776644	1	gorGor3	7
HOMININI	7	0	149776644	1	hg19	7
HOMININI	7	0	4306617	1	panTro3	7
HOMININI	7	4306617	4737570	-1	panTro3	7
HOMININI	7	4737570	37621467	1	panTro3	7
HOMININI	7	37621467	41747068	-1	panTro3	7
HOMININI	7	41747068	50983499	1	panTro3	7
HOMININI	7	50983499	51656783	-1	panTro3	7
HOMININI	7	51656783	55300381	1	panTro3	7
HOMININI	7	55300381	55682742	-1	panTro3	7
HOMININI	7	55682742	56120795	1	panTro3	7
HOMININI	7	56120795	64077878	1	panTro3	7
HOMININI	7	64077878	65646921	-1	panTro3	7
HOMININI	7	65646921	149776644	1	panTro3	7
HOMININI	7	0	1887657	-1	calJac3	2
HOMININI	7	1887657	4184190	-1	calJac3	2
HOMININI	7	4184190	4737570	1	calJac3	2
HOMININI	7	4737570	28238240	-1	calJac3	8
HOMININI	7	28238240	31830400	1	calJac3	8
HOMININI	7	31830400	34429199	-1	calJac3	2
HOMININI	7	34429199	50983499	1	calJac3	8
HOMININI	7	50983499	51656783	-1	calJac3	8
HOMININI	7	51656783	55150008	1	calJac3	8
HOMININI	7	55150008	55300381	-1	calJac3	2
HOMININI	7	56120795	58108986	1	calJac3	2
HOMININI	7	58108986	64077878	-1	calJac3	2
HOMININI	7	64077878	65646921	-1	calJac3	2
HOMININI	7	65646921	86300017	-1	calJac3	8
HOMININI	7	86300017	91018913	-1	calJac3	2
HOMININI	7	91018913	107695646	1	calJac3	8
HOMININI	7	107695646	149776644	-1	calJac3	8
HOMININI	7	0	149776644	1	gorGor3	7
HOMININI	7	0	149776644	1	hg19	7
HOMININI	7	0	4306617	1	panTro3	7
HOMININI	7	4306617	4737570	-1	panTro3	7
HOMININI	7	4737570	37621467	1	panTro3	7
HOMININI	7	37621467	41747068	-1	panTro3	7
HOMININI	7	41747068	50983499	1	panTro3	7
HOMININI	7	50983499	51656783	-1	panTro3	7
HOMININI	7	51656783	55300381	1	panTro3	7
HOMININI	7	55300381	55682742	-1	panTro3	7
HOMININI	7	55682742	56120795	1	panTro3	7
HOMININI	7	56120795	64077878	1	panTro3	7
HOMININI	7	64077878	65646921	-1	panTro3	7
HOMININI	7	65646921	149776644	1	panTro3	7
