HOMININI	9	0	47215683	-1	bosTau7	26
HOMININI	9	47215683	80795085	-1	bosTau7	28
HOMININI	9	80795085	90795438	1	bosTau7	26
HOMININI	9	90795438	135408981	1	bosTau7	13
HOMININI	9	0	54471916	-1	calJac3	12
HOMININI	9	54471916	93765369	1	calJac3	12
HOMININI	9	93765369	97063340	-1	calJac3	12
HOMININI	9	97063340	135408981	-1	calJac3	7
HOMININI	9	0	51646411	-1	canFam2	28
HOMININI	9	51646411	86303478	-1	canFam2	4
HOMININI	9	86303478	94453876	1	canFam2	26
HOMININI	9	94453876	135408981	1	canFam2	2
HOMININI	9	0	57667189	-1	capHir1	26
HOMININI	9	57667189	95403618	-1	capHir1	28
HOMININI	9	95403618	105571369	1	capHir1	26
HOMININI	9	105571369	114607630	-1	capHir1	13
HOMININI	9	114607630	121458559	-1	capHir1	13
HOMININI	9	121458559	130112127	-1	capHir1	13
HOMININI	9	130112127	135408981	1	capHir1	13
HOMININI	9	0	53801881	1	equCab2	1
HOMININI	9	53801881	61086874	1	equCab2	1
HOMININI	9	61086874	94139370	-1	equCab2	1
HOMININI	9	94139370	135408981	1	equCab2	29
HOMININI	9	0	63907436	-1	galGal3	6
HOMININI	9	63907436	84479964	1	galGal3	6
HOMININI	9	84479964	112477731	1	galGal3	2
HOMININI	9	112477731	135408981	-1	galGal3	1
HOMININI	9	0	135408981	-1	gorGor3	10
HOMININI	9	0	135408981	-1	hg19	10
HOMININI	9	0	17015198	-1	mm10	7
HOMININI	9	17015198	58097407	-1	mm10	19
HOMININI	9	58097407	67985883	1	mm10	14
HOMININI	9	67985883	75884916	-1	mm10	14
HOMININI	9	75884916	98128183	1	mm10	10
HOMININI	9	98128183	113943098	-1	mm10	2
HOMININI	9	113943098	126410575	1	mm10	2
HOMININI	9	126410575	135408981	1	mm10	13
HOMININI	9	0	3210130	-1	monDom5	1
HOMININI	9	3210130	36360035	1	monDom5	1
HOMININI	9	36360035	49529301	1	monDom5	1
HOMININI	9	49529301	53406075	1	monDom5	1
HOMININI	9	53406075	69874836	-1	monDom5	1
HOMININI	9	69874836	81145359	1	monDom5	1
HOMININI	9	81145359	85945888	-1	monDom5	1
HOMININI	9	85945888	112173239	1	monDom5	8
HOMININI	9	112173239	126265784	-1	monDom5	8
HOMININI	9	126265784	135408981	-1	monDom5	8
HOMININI	9	0	135408981	-1	panTro3	10
HOMININI	9	0	48721406	-1	ponAbe2	10
HOMININI	9	48721406	88149562	1	ponAbe2	10
HOMININI	9	88149562	135408981	-1	ponAbe2	10
HOMININI	9	0	48171494	-1	rheMac3	9
HOMININI	9	48171494	85763932	1	rheMac3	9
HOMININI	9	85763932	135408981	-1	rheMac3	9
HOMININI	9	0	18296203	-1	rn4	1
HOMININI	9	18296203	60719122	-1	rn4	1
HOMININI	9	60719122	72044665	1	rn4	16
HOMININI	9	72044665	78166539	1	rn4	15
HOMININI	9	78166539	82427005	1	rn4	20
HOMININI	9	82427005	98118408	-1	rn4	20
HOMININI	9	98118408	135408981	-1	rn4	17
HOMININI	9	0	61471465	-1	susScr2	14
HOMININI	9	61471465	98681504	-1	susScr2	14
HOMININI	9	98681504	108719302	1	susScr2	14
HOMININI	9	108719302	112804730	-1	susScr2	10
HOMININI	9	112804730	119549265	1	susScr2	10
HOMININI	9	119549265	123650823	1	susScr2	10
HOMININI	9	123650823	135408981	1	susScr2	10
