BOR	27	0	4647214	-1	bosTau7	27
BOR	27	4647214	5726398	1	bosTau7	27
BOR	27	0	5726398	-1	calJac3	13
BOR	27	0	4647214	-1	canFam2	16
BOR	27	4647214	5726398	-1	canFam2	37
BOR	27	0	5726398	-1	capHir1	27
BOR	27	0	5726398	1	cerSim1	67815
BOR	27	0	5726398	1	equCab2	27
BOR	27	0	4647214	1	galGal3	3
BOR	27	0	5726398	-1	gorGor3	8
BOR	27	0	5726398	-1	hg19	8
BOR	27	0	5726398	-1	mm10	8
BOR	27	0	5726398	-1	monDom5	1
BOR	27	0	5726398	-1	panTro3	8
BOR	27	0	5726398	-1	ponAbe2	8
BOR	27	0	5726398	-1	rheMac3	8
BOR	27	0	5726398	1	rn4	16
BOR	27	0	5726398	-1	susScr2	15
BOR	27	0	4647214	-1	bosTau7	27
BOR	27	4647214	5726398	1	bosTau7	27
BOR	27	0	5726398	-1	calJac3	13
BOR	27	0	4647214	-1	canFam2	16
BOR	27	4647214	5726398	-1	canFam2	37
BOR	27	0	5726398	-1	capHir1	27
BOR	27	0	5726398	1	cerSim1	67815
BOR	27	0	5726398	1	equCab2	27
BOR	27	0	4647214	1	galGal3	3
BOR	27	0	5726398	-1	gorGor3	8
BOR	27	0	5726398	-1	hg19	8
BOR	27	0	5726398	-1	mm10	8
BOR	27	0	5726398	-1	monDom5	1
BOR	27	0	5726398	-1	panTro3	8
BOR	27	0	5726398	-1	ponAbe2	8
BOR	27	0	5726398	-1	rheMac3	8
BOR	27	0	5726398	1	rn4	16
BOR	27	0	5726398	-1	susScr2	15
BOR	27	0	4647214	-1	bosTau7	27
BOR	27	4647214	5726398	1	bosTau7	27
BOR	27	0	5726398	-1	calJac3	13
BOR	27	0	4647214	-1	canFam2	16
BOR	27	4647214	5726398	-1	canFam2	37
BOR	27	0	5726398	-1	capHir1	27
BOR	27	0	5726398	1	cerSim1	67815
BOR	27	0	5726398	1	equCab2	27
BOR	27	0	4647214	1	galGal3	3
BOR	27	0	5726398	-1	gorGor3	8
BOR	27	0	5726398	-1	hg19	8
BOR	27	0	5726398	-1	mm10	8
BOR	27	0	5726398	-1	monDom5	1
BOR	27	0	5726398	-1	panTro3	8
BOR	27	0	5726398	-1	ponAbe2	8
BOR	27	0	5726398	-1	rheMac3	8
BOR	27	0	5726398	1	rn4	16
BOR	27	0	5726398	-1	susScr2	15
BOR	27	0	4647214	-1	bosTau7	27
BOR	27	4647214	5726398	1	bosTau7	27
BOR	27	0	5726398	-1	calJac3	13
BOR	27	0	4647214	-1	canFam2	16
BOR	27	4647214	5726398	-1	canFam2	37
BOR	27	0	5726398	-1	capHir1	27
BOR	27	0	5726398	1	cerSim1	67815
BOR	27	0	5726398	1	equCab2	27
BOR	27	0	4647214	1	galGal3	3
BOR	27	0	5726398	-1	gorGor3	8
BOR	27	0	5726398	-1	hg19	8
BOR	27	0	5726398	-1	mm10	8
BOR	27	0	5726398	-1	monDom5	1
BOR	27	0	5726398	-1	panTro3	8
BOR	27	0	5726398	-1	ponAbe2	8
BOR	27	0	5726398	-1	rheMac3	8
BOR	27	0	5726398	1	rn4	16
BOR	27	0	5726398	-1	susScr2	15
BOR	27	0	4647214	-1	bosTau7	27
BOR	27	4647214	5726398	1	bosTau7	27
BOR	27	0	5726398	-1	calJac3	13
BOR	27	0	4647214	-1	canFam2	16
BOR	27	4647214	5726398	-1	canFam2	37
BOR	27	0	5726398	-1	capHir1	27
BOR	27	0	5726398	1	cerSim1	67815
BOR	27	0	5726398	1	equCab2	27
BOR	27	0	4647214	1	galGal3	3
BOR	27	0	5726398	-1	gorGor3	8
BOR	27	0	5726398	-1	hg19	8
BOR	27	0	5726398	-1	mm10	8
BOR	27	0	5726398	-1	monDom5	1
BOR	27	0	5726398	-1	panTro3	8
BOR	27	0	5726398	-1	ponAbe2	8
BOR	27	0	5726398	-1	rheMac3	8
BOR	27	0	5726398	1	rn4	16
BOR	27	0	5726398	-1	susScr2	15
BOR	27	0	4647214	-1	bosTau7	27
BOR	27	4647214	5726398	1	bosTau7	27
BOR	27	0	5726398	-1	calJac3	13
BOR	27	0	4647214	-1	canFam2	16
BOR	27	4647214	5726398	-1	canFam2	37
BOR	27	0	5726398	-1	capHir1	27
BOR	27	0	5726398	1	cerSim1	67815
BOR	27	0	5726398	1	equCab2	27
BOR	27	0	4647214	1	galGal3	3
BOR	27	0	5726398	-1	gorGor3	8
BOR	27	0	5726398	-1	hg19	8
BOR	27	0	5726398	-1	mm10	8
BOR	27	0	5726398	-1	monDom5	1
BOR	27	0	5726398	-1	panTro3	8
BOR	27	0	5726398	-1	ponAbe2	8
BOR	27	0	5726398	-1	rheMac3	8
BOR	27	0	5726398	1	rn4	16
BOR	27	0	5726398	-1	susScr2	15
